0.92458844
0.8973756
0.083819814
0.048119456
0.04318866
0.06369634
0.061531093
0.08912887
0.07272421
0.06061156
0.047806975
0.04566294
0.05193742
0.0465386
0.038122084
0.035683643
0.035520226
0.044568405
0.089197926
0.9403354
0.95413107
0.9659275
0.947999
0.091526456
0.043470513
0.033027984
0.03248403
0.03333013
0.03653355
0.046932414
0.07692799
0.90853477
0.92064553
0.10450742
0.06477215
0.04051999
0.03910085
0.06434644
0.19825488
0.9514736
0.9613649
0.9595173
0.24890317
0.06425878
0.03759987
0.03371507
0.0389083
0.051101997
0.7653349
0.7668352
0.7994631
0.83347124
0.91584736
0.9333851
0.9018738
0.94792026
0.9427116
0.84633493
0.052617963
0.0340913
0.03240376
0.031006303
0.028527904
0.029634977
0.038620792
0.0818106
0.9433113
0.95674545
0.96676576
0.96065694
0.11392053
0.044956032
0.03195772
0.03124565
0.0323642
0.03554889
0.04287066
0.052907035
0.8214741
0.86441416
0.92716265
0.89521027
0.8704419
0.8395884
0.82426083
0.84480065
0.8860802
0.93403393
0.9108261
0.9364995
0.84376043
0.070820734
0.053136796
0.07497175
0.07556474
0.08022542
0.07653082
0.06800825
0.07906832
0.090555824
0.7479863
0.76186246
0.7679568
0.19874164
0.19831762
0.104098424
0.18845567
0.26753005
0.8240279
0.81880754
0.8330235
0.07040582
0.04212668
0.03702426
0.039938174
0.055889465
0.072161384
0.84109265
0.12142408
0.11608442
0.92276365
0.9485133
0.9334879
0.934495
0.15508187
0.17312105
0.896952
0.18128814
0.07127003
0.058494214
0.045564808
0.05255177
0.092442445
0.8110996
0.8012329
0.15767713
0.097856164
0.07857602
0.100092985
0.17724542
0.81834745
0.9075519
0.88604283
0.93702775
0.93030435
0.8222317
0.2494637
0.25510687
0.1622846
0.08368711
0.0819856
0.09294611
0.14147638
0.20345557
0.8107272
0.8226143
0.81229275
0.7952807
0.76975495
0.763232
0.79529184
0.063762456
0.040775605
0.032955308
0.03217036
0.036933675
0.053266976
0.9180873
0.9326427
0.95539546
0.9610266
0.9096161
0.0543792
0.03467655
0.030588789
0.031442154
0.043196775
0.05877594
0.8580225
0.93226165
0.94388694
0.8752842
0.8610576
0.16095263
0.10829293
0.099189915
0.059985943
0.057124462
0.083473995
0.10829352
0.1291715
0.6776652
0.70252794
0.38814673
0.25023115
0.15291291
0.15316783
0.13127023
0.13252047
0.5740516
0.6261735
0.22872445
0.17878598
0.53706026
0.20339413
0.17175177
0.502037
0.22479914
0.25933895
0.28446448
0.3451554
0.7756944
0.263197
0.3149801
0.19700666
0.27344033
0.3204435
0.3148759
0.44728968
0.840161
0.4369365
0.21102814
0.13778256
0.09040241
0.09383084
0.15396741
0.18956314
0.769602
0.29991105
0.10136447
0.10687285
0.7510134
0.106897816
0.086415775
0.07342533
0.08373714
0.1767381
0.26489633
0.8421597
0.1799592
0.076477505
0.05775125
0.08214926
0.117572404
0.07109892
0.049325805
0.047208004
0.048567247
0.07464148
0.113319
0.83678496
0.8280685
0.12829885
0.114707746
0.80406505
0.8458884
0.08292678
0.054595187
0.0519977
0.07535147
0.8782813
0.8883759
0.90220904
0.08682569
0.05147253
0.051144175
0.07242359
0.83640367
0.10224698
0.07560918
0.11624841
0.881793
0.07429824
0.04309773
0.03694847
0.040754564
0.05863116
0.9322194
0.95286274
0.95511913
0.07112132
0.042798445
0.040861063
0.049536802
0.07122624
0.8303341
0.09614049
0.06877213
0.10390751
0.8574555
0.83256054
0.0726606
0.047021408
0.047602884
0.064144626
0.8805048
0.8994235
0.9244989
0.9148718
0.9156746
0.09238496
0.05170624
0.054129183
0.07868954
0.8077327
0.0807897
0.052081697
0.047435705
0.047217995
0.049019925
0.056223314
0.08439357
0.7891401
0.107543215
0.08778992
0.13023573
0.8413238
0.08993503
0.05363929
0.047285017
0.04664993
0.046057567
0.045495257
0.047479127
0.0581444
0.089966364
0.8622531
0.80142474
0.09842581
0.077669226
0.117315196
0.83525217
0.22250651
0.11339921
0.089303315
0.06921564
0.12771101
0.15916409
0.14949974
0.7515657
0.7277956
0.24007788
0.13168547
0.20130737
0.36162734
0.8902158
0.841229
0.8669765
0.93365985
0.93370914
0.8641383
0.8932334
0.25354648
0.14749688
0.11111313
0.16764106
0.6615612
0.6840142
0.7143062
0.7867208
0.9153759
0.9227216
0.7916321
0.06325581
0.04076746
0.033053204
0.03226499
0.038488816
0.073378466
0.92467684
0.92712003
0.9426421
0.93760943
0.95339715
0.08065156
0.03940791
0.033851456
0.037055567
0.044593394
0.04604653
0.064014934
0.10925192
0.0783633
0.066261105
0.053328056
0.071334034
0.1087316
0.9020078
0.80490583
0.7979754
0.29500914
0.13715285
0.1743997
0.12379171
0.59488094
0.14997712
0.13296558
0.6519921
0.68773556
0.11883998
0.119292654
0.15171187
0.11781059
0.24397306
0.90501094
0.90741765
0.14312184
0.11109338
0.13732412
0.90010667
0.904749
0.2678603
0.786216
0.8439585
0.08034673
0.058919296
0.08268062
0.06998523
0.04588329
0.04125154
0.040418744
0.041584544
0.047619868
0.06753609
0.85976833
0.8533828
0.099960946
0.072803386
0.10563129
0.8885038
0.11490964
0.06252414
0.06794132
0.9156045
0.94504565
0.95132554
0.9365488
0.8995786
0.054882493
0.036619756
0.034821384
0.03772772
0.042290322
0.04397289
0.044922415
0.04708928
0.049808875
0.05694354
0.08928252
0.8238551
0.13440257
0.06987934
0.05598025
0.054381482
0.069736116
0.7008943
0.18867558
0.7965704
0.88034004
0.16453554
0.21385528
0.14475347
0.7621229
0.89361036
0.2081492
0.10353533
0.13239309
0.16494709
0.11396609
0.13026519
0.22855194
0.14274836
0.6058781
0.5453469
0.1887728
0.13869938
0.15418316
0.17351674
0.78765917
0.26519105
0.40836087
0.63620573
0.23263541
0.37173295
0.35888308
0.70218986
0.15884447
0.19315864
0.07106805
0.06011072
0.0833755
0.09301886
0.6737211
0.71402746
0.80054754
0.90501916
0.8993308
0.5294636
0.38464683
0.88903385
0.92642534
0.9294361
0.1427227
0.061238155
0.08142888
0.058422714
0.086014986
0.8371476
0.8230792
0.083421186
0.047009226
0.040999316
0.04297116
0.049415603
0.04305525
0.05898857
0.0868538
0.90885246
0.93373126
0.090856686
0.055716716
0.062891215
0.1027334
0.8850049
0.07374117
0.040731594
0.034335338
0.03430735
0.041533086
0.051656943
0.9029114
0.91403943
0.9418363
0.9317799
0.9311947
0.9422151
0.93564534
0.9522094
0.9558298
0.9575728
0.93343246
0.88396496
0.048134223
0.032349963
0.029309155
0.03169868
0.032879658
0.033757046
0.03450494
0.03502054
0.039355833
0.055870302
0.8774144
0.94977754
0.8910515
0.86639357
0.066435724
0.043002807
0.041600645
0.04471291
0.04812574
0.048427552
0.049300544
0.051267825
0.051397208
0.052068647
0.05339057
0.054761425
0.058563005
0.053942684
0.05579897
0.054261595
0.06105189
0.055542532
0.05636179
0.064816825
0.07886999
0.09078366
0.101361014
0.12230281
0.78334534
0.13380335
0.0795524
0.06969189
0.14747453
0.17436704
0.40192932
0.79318345
0.9028371
0.14710687
0.08713885
0.053427014
0.049533777
0.048296627
0.06883395
0.16154338
0.11801888
0.88069874
0.11515062
0.07452639
0.10960105
0.8088405
0.07912041
0.047927186
0.047894526
0.06385384
0.9109223
0.9278363
0.91667295
0.9182462
0.9369038
0.9170833
0.9352232
0.9320979
0.9269347
0.8918417
0.89572656
0.9285023
0.93013245
0.92825377
0.8919747
0.9268004
0.87581456
0.9005565
0.34818247
0.8445303
0.08957557
0.07723288
0.16407204
0.7858053
0.1394012
0.082698114
0.109425485
0.8630447
0.14022866
0.123751596
0.1653646
0.07264089
0.05464254
0.080189906
0.053200845
0.05197876
0.058573253
0.1153441
0.880847
0.9432922
0.9485826
0.8694201
0.9121927
0.21063364
0.11758986
0.085956804
0.08134525
0.15549414
0.6754547
0.6538642
0.20885211
0.17480107
0.6115487
0.5951887
0.21614656
0.20881133
0.2591728
0.1618585
0.25513765
0.26820767
0.809918
0.93915975
0.94476306

