0.8849902
0.82385534
0.16081475
0.122870624
0.17123967
0.15749964
0.15920427
0.17651227
0.6422021
0.6781686
0.7422539
0.80592114
0.87331426
0.7784552
0.75791353
0.8429093
0.15858175
0.17629798
0.16719921
0.12715837
0.1019448
0.16929434
0.59071594
0.60729384
0.49210358
0.2797543
0.42516264
0.42331693
0.2995457
0.23270555
0.16103299
0.16583692
0.28739333
0.34389034
0.21008308
0.50294423
0.25865844
0.31028694
0.42890176
0.73733634
0.54029566
0.33129743
0.29847685
0.29858053
0.5007095
0.75918156
0.418251
0.19057755
0.1516629
0.2862337
0.27401426
0.13701265
0.124637954
0.16541669
0.5936653
0.38865775
0.4313621
0.444519
0.62042296
0.65075487
0.33360243
0.20983966
0.10670675
0.10063776
0.15604678
0.6753057
0.692829
0.7268315
0.81249267
0.90827024
0.8509604
0.09980577
0.05192156
0.050420336
0.082928054
0.13417724
0.7293427
0.8554399
0.2567616
0.30864134
0.1777434
0.14200729
0.11972591
0.11118184
0.11204087
0.7355336
0.7595787
0.81188124
0.08652001
0.04867487
0.045692928
0.053673256
0.14069775
0.9250396
0.86850893
0.09746305
0.049010824
0.041363243
0.057344243
0.058187753
0.049103826
0.08247586
0.9367853
0.9044996
0.94591403
0.06862639
0.041191466
0.037180692
0.041879844
0.055497345
0.116881184
0.9089391
0.12980348
0.050472822
0.037210405
0.038662016
0.049021937
0.9070967
0.93970877
0.95332265
0.9243032
0.09349507
0.058657844
0.064011715
0.89431465
0.93471175
0.9484868
0.93420345
0.89825976
0.07074721
0.059334707
0.08383519
0.8247178
0.06830439
0.044423364
0.04156028
0.053307395
0.12858744
0.9410104
0.89166695
0.07426662
0.04553318
0.042306833
0.042971823
0.043942716
0.04434922
0.044119854
0.043649178
0.04279458
0.041377615
0.040693704
0.044336952
0.06776379
0.84162295
0.84264815
0.8652179
0.8633753
0.84074086
0.8080156
0.8271171
0.07964559
0.06267143
0.07129747
0.8948407
0.9316802
0.94890565
0.9416873
0.91715443
0.05638937
0.038523912
0.033043686
0.03534774
0.03603219
0.038165353
0.04409766
0.06316473
0.8191636
0.83717453
0.8310289
0.14077766
0.19243045
0.17777783
0.16772734
0.15627228
0.12917401
0.122827
0.8717695
0.85409635
0.91939926
0.8985483
0.710087
0.5507851
0.14102507
0.16086146
0.1564222
0.87672204
0.9260824
0.94036216
0.9349476
0.90415686
0.22805513
0.2616326
0.2239431
0.82635295
0.70878786
0.11060034
0.081422806
0.07853695
0.18475138
0.26301196
0.14189255
0.76306015
0.26420024
0.098970845
0.08078873
0.14863339
0.77545524
0.76190555
0.7562752
0.76261085
0.77150834
0.8261375
0.22252074
0.11878149
0.047183324
0.037452348
0.035107434
0.03644773
0.04185477
0.06563656
0.88970685
0.9026223
0.9507241
0.8854683
0.8941727
0.07546159
0.04486115
0.039865777
0.046543065
0.07264917
0.85767657
0.07553057
0.044002496
0.042563498
0.051563494
0.05530337
0.89848673
0.90088433
0.91491294
0.9137892
0.919144
0.9257514
0.8985197
0.8896339
0.057864577
0.03859624
0.035060532
0.039142337
0.055538747
0.87837285
0.8837243
0.9003561
0.9083155
0.12116515
0.06103772
0.039702393
0.043733507
0.051710315
0.8578815
0.8843507
0.9267542
0.9570148
0.93381846
0.9128312
0.9126061
0.07725067
0.03891158
0.03517626
0.036943723
0.040567975
0.04588553
0.05180525
0.05562816
0.056062948
0.05530056
0.06219726
0.11325805
0.80681133
0.123122595
0.091347754
0.080752775
0.06744123
0.065923326
0.10802129
0.7631347
0.71553946
0.7164729
0.113112785
0.08625516
0.087851204
0.69965994
0.7787093
0.8193952
0.8625199
0.9203744
0.90835685
0.14849949
0.09373788
0.10917844
0.59558845
0.696819
0.76106226
0.7924213
0.7954734
0.7776407
0.7418182
0.7375323
0.75990176
0.82161355
0.8841192
0.83220303
0.7893765
0.80143106
0.83817935
0.87370485
0.9238602
0.8402673
0.06710531
0.0414151
0.040584352
0.04509492
0.05557799
0.08137035
0.88148093
0.8424284
0.88422287
0.9136385
0.953243
0.89960086
0.061008684
0.0369703
0.032700635
0.034442525
0.03521935
0.035242192
0.03446271
0.03393117
0.03305305
0.034577
0.04292509
0.11020764
0.95588124
0.967371
0.9705072
0.96421057
0.13225065
0.038569827
0.032270387
0.033072025
0.033966348
0.034271877
0.034996517
0.037474196
0.036508035
0.035278007
0.053934827
0.08509198
0.9185928
0.9504863
0.96250564
0.9572744
0.962825
0.95140606
0.077395774
0.039009966
0.034426045
0.03496877
0.037530556
0.04085814
0.04994017
0.07110081
0.121042386
0.8272383
0.103684574
0.062985994
0.07425426
0.08931942
0.08402077
0.065755226
0.061587945
0.099599816
0.8105849
0.76569384
0.39088282
0.39600438
0.31263003
0.15197326
0.11345833
0.10984786
0.66041917
0.14552082
0.12697777
0.111544125
0.08410744
0.09664785
0.2435298
0.56718576
0.9043407
0.9225268
0.90059525
0.7093003
0.5431044
0.16883402
0.24127203
0.24983181
0.7776044
0.88699126
0.82911557
0.8158989
0.81497115
0.8049339
0.31846738
0.130027
0.09379299
0.11077233
0.07200925
0.05230616
0.04410276
0.05270076
0.14989989
0.8831164
0.32375625
0.8386538
0.9150932
0.88625234
0.87499076
0.86777
0.86340016
0.8597906
0.8629308
0.85726774
0.8212491
0.20178404
0.75726163
0.07315085
0.04476958
0.03953584
0.042925082
0.08626747
0.1326666
0.90111166
0.82771873
0.87209505
0.9433956
0.9403354
0.82538784
0.8055444
0.07767631
0.056998502
0.056782037
0.07679366
0.08808668
0.8681617
0.09619725
0.04904963
0.042445175
0.043046985
0.037387
0.03502815
0.034960594
0.046253
0.11220538
0.94561166
0.9627418
0.9618211
0.9531139
0.9412512
0.07047698
0.04474317
0.035524044
0.044923175
0.052877698
0.049955353
0.0494781
0.04551916
0.04640964
0.04792858
0.059425954
0.08761912
0.09851471
0.08168711
0.7731415
0.786089
0.7869999
0.8135252
0.8403397
0.87589496
0.9461259
0.94725543
0.8629735
0.0749966
0.041672077
0.035584874
0.035418697
0.04194332
0.041360877
0.04142568
0.042117897
0.043724265
0.075241655
0.9413805
0.949285
0.9571405
0.07239906
0.03980425
0.03676664
0.036720615
0.039445095
0.0376044
0.03569769
0.035871994
0.04164829
0.08970779
0.83435327
0.9231983
0.93846023
0.89668536
0.94901377
0.9402185
0.8520735
0.07432463
0.04094084
0.037414644
0.04832801
0.07359667
0.06001788
0.063198276
0.08320569
0.80290765
0.24897301
0.83865815
0.57019204
0.93576413
0.9230683
0.0936022
0.043704722
0.035501145
0.035834026
0.03506351
0.035375737
0.03549954
0.035282843
0.042217344
0.0839615
0.9538423
0.96465665
0.9496356
0.066078536
0.03841041
0.035914194
0.036710147
0.037292648
0.038386714
0.04137595
0.049536902
0.0771905
0.11635516
0.9018237
0.78186196
0.30999276
0.80792385
0.6151792
0.91852754
0.33505982
0.14816622
0.08533017
0.04928139
0.043389462
0.046815775
0.065452375
0.19095027
0.9274059
0.18168223
0.061432075
0.053713683
0.04554647
0.042715967
0.045534126
0.04380076
0.05534433
0.1232645
0.26807207
0.9509283
0.95070595
0.08437911
0.041672587
0.033221997
0.030710714
0.02988453
0.030062264
0.034775745
0.051270146
0.91753274
0.93833584
0.95746636
0.9671458
0.95799977
0.94755214
0.088678956
0.036702197
0.031715624
0.031642567
0.03361184
0.036449272
0.04950106
0.104005
0.92355454
0.8485782
0.20139596
0.20375735
0.8555558
0.12168489
0.05088649
0.04929812
0.049195237
0.045153975
0.05968033
0.06163381
0.11308889
0.8316946
0.85659486
0.93939644
0.87959355
0.16148375
0.14352918
0.046775583
0.041470896
0.04568545
0.04372259
0.0432545
0.0435577
0.042766076
0.04185861
0.040418535
0.03611236
0.034737382
0.03478811
0.05188188
0.09602474
0.9392945
0.952961
0.9653337
0.96786344
0.9597896
0.093156636
0.040084943
0.03217379
0.03511296
0.035499595
0.038348984
0.041373577
0.0400847
0.056736708
0.08935084
0.925046
0.8649835
0.9370071
0.08183383
0.049322598
0.042288277
0.04304257
0.047075193
0.05221274
0.06656104
0.09375063
0.14228065
0.92329705
0.34619293
0.071891375
0.08390309
0.05313616
0.048520964
0.06227301
0.12736355
0.93983173
0.88708854
0.07194978
0.046581093
0.04226134
0.04171798
0.042213835
0.04223858
0.04186341
0.044286024
0.05124518
0.07604442
0.88834816
0.10204881
0.052262448
0.06254357
0.11553164
0.24914517
0.9566982
0.96457803
0.9615681
0.1733097
0.04962382
0.042066135
0.048374657
0.08019587
0.8543963
0.082918726
0.050987765
0.043886326
0.043074276
0.04949694
0.07108183
0.860465
0.86644745
0.8924542
0.08886125
0.06636688
0.057509635
0.050578356
0.064663224
0.062573925
0.049797766
0.05761115
0.054054007
0.057354487
0.085940845
0.76318866
0.13477898
0.22187117
0.3531442
0.8958681
0.85473025
0.841558
0.8340884
0.8923564
0.8416315
0.90364724
0.8645692
0.9259485
0.9205548
0.7847468
0.1301018
0.16592538
0.8848448
0.07009649
0.04312898
0.039385516
0.04086046
0.04229576
0.041601647
0.047095217
0.050954908
0.0688536
0.8333972
0.87843317
0.07990772
0.044743456
0.035694968
0.034072433
0.039440148
0.05612847
0.9233237
0.9464849
0.9587111
0.94834614
0.1217668
0.048635814
0.047693133
0.08519751
0.92497987
0.94557476
0.957496
0.9451227
0.08706923
0.049562015
0.054603238
0.13423611
0.9317615
0.89695114
0.06546456
0.050771873
0.04735046
0.045766536
0.061572056
0.13536738
0.9401389
0.8864049
0.0729718
0.05076291
0.04461703
0.045235563
0.05326545
0.05015615
0.047205128
0.055490445
0.09749276
0.8939165
0.0936108
0.059022356
0.06327915
0.055781797
0.09371426
0.87582374
0.18819661
0.3265822
0.9237088
0.8614849
0.86019874
0.21176106
0.06282835
0.04734555
0.056316953
0.08883206
0.79559124
0.709387
0.7025089
0.66614956
0.21730544
0.16209407
0.14700723
0.29743674
0.9259059
0.9407228

