0.10713379
0.049255647
0.038951788
0.035784144
0.03600707
0.04415919
0.06713099
0.92466223
0.90021294
0.95120215
0.9405046
0.081814416
0.049546193
0.053969387
0.08230502
0.84578174
0.73957294
0.77902836
0.2551461
0.09938552
0.07218428
0.14922325
0.102594025
0.06425402
0.056747623
0.048029136
0.048320603
0.06603814
0.110875145
0.864471
0.93266904
0.32348222
0.116259284
0.08412486
0.08533701
0.8008178
0.19275145
0.1803508
0.88376445
0.11364451
0.05531618
0.044722702
0.036221914
0.03421834
0.03327824
0.033751324
0.038940955
0.054421518
0.9201651
0.94170547
0.931497
0.1598709
0.12834167
0.8829957
0.926274
0.9505312
0.93217266
0.89167005
0.85116464
0.09206874
0.09564067
0.76926565
0.06724216
0.048045468
0.050788157
0.08857936
0.92712915
0.93219185
0.0750324
0.05054889
0.05609653
0.08243118
0.11409346
0.85025406
0.13518952
0.07125506
0.061789397
0.09023376
0.102088206
0.104671724
0.19151393
0.17020717
0.11461632
0.10796538
0.080926985
0.077097036
0.86436796
0.9424587
0.95318484
0.94395614
0.08980738
0.08269577
0.058798496
0.054341007
0.07929204
0.12898794
0.8474064
0.18468
0.15844205
0.111033045
0.7838275
0.9083377
0.9281761
0.9025625
0.27252844
0.2785419
0.19171783
0.8144808
0.796161
0.8293217
0.8920348
0.8475957
0.8638919
0.68105334
0.64818066
0.81013066
0.6387546
0.111385144
0.094030306
0.075678706
0.06513827
0.09001738
0.10801065
0.65934956
0.8678131
0.7426604
0.7053075
0.69308424
0.16086729
0.14376815
0.13712977
0.7445316
0.08857169
0.06953765
0.07259124
0.060412087
0.09447375
0.062052194
0.05172672
0.05271456
0.0470989
0.045861747
0.04442967
0.042391352
0.044689823
0.05836818
0.8518952
0.8289212
0.87637717
0.92160416
0.09824298
0.070243955
0.0902903
0.7918183
0.7355687
0.80010927
0.1713165
0.08471558
0.088269316
0.85963523
0.89651036
0.9459087
0.94295913
0.8625083
0.80462104
0.07783971
0.06784911
0.1404918
0.925523
0.9155706
0.9471173
0.14378594
0.042808946
0.03554701
0.03559839
0.03832786
0.05115389
0.7956811
0.8220643
0.9479072
0.95198154
0.8664838
0.058237154
0.038274713
0.036694147
0.04138548
0.045763966
0.041277833
0.041081365
0.040108904
0.040138364
0.0411909
0.047344126
0.061106145
0.8778362
0.86948806
0.8821067
0.14251472
0.123415984
0.8940411
0.87386423
0.09650309
0.09939141
0.10769402
0.8893105
0.9055431
0.93802905
0.9549484
0.94957757
0.91500163
0.09056128
0.059703767
0.0702761
0.70987016
0.10856116
0.119184144
0.9088555
0.867105
0.8666873
0.06520304
0.04430521
0.0394345
0.04021849
0.051550116
0.80741304
0.84249675
0.9309719
0.9250285
0.14194907
0.13880987
0.7996832
0.7919056
0.07260666
0.0530872
0.061987035
0.060784303
0.89710164
0.9157845
0.95252126
0.9424518
0.087439105
0.063917354
0.08100439
0.08860057
0.88759726
0.80254
0.1951928
0.13580638
0.83337593
0.92202944
0.9179592
0.08366287
0.05032146
0.046626642
0.04803516
0.05201466
0.067611925
0.1216387
0.86444145
0.21935447
0.15402414
0.19049254
0.095737524
0.13287786
0.6131377
0.2158398
0.42802694
0.57110965
0.86296105
0.71148163
0.1932594
0.2834724
0.14664955
0.12571345
0.31060857
0.17008802
0.7140205
0.08904159
0.049806226
0.043606192
0.05059198
0.09190764
0.8702699
0.92813754
0.8521693
0.8344418
0.7944433
0.80427945
0.8003466
0.078769565
0.048796643
0.044154767
0.04648689
0.049780767
0.075893804
0.22375546
0.17868462
0.88433164
0.198517
0.28691927
0.07935845
0.07589976
0.07702959
0.07492152
0.077510975
0.15556295
0.87389857
0.80520356
0.9181177
0.91978365
0.7932331
0.07993501
0.05239649
0.04512452
0.0394793
0.046689384
0.08865853
0.13115996
0.9195577
0.8721568
0.92688656
0.87529695
0.11856248
0.06769402
0.07542637
0.7826701
0.7723481
0.9017001
0.15425746
0.11889624
0.8251392
0.91426796
0.07724523
0.049733844
0.048330273
0.058402427
0.8970507
0.9091357
0.93525344
0.9423928
0.07890347
0.06439879
0.060099136
0.06723053
0.79382527
0.7275243
0.12404724
0.11842348
0.9010595
0.9265811
0.91998065
0.22304933
0.10077398
0.18177654
0.8808151
0.8667384
0.93999517
0.9511402
0.95254374
0.9430782
0.24120502
0.07535856
0.045162376
0.05084682
0.08494087
0.09317839
0.098106354
0.7736258
0.82042736
0.20758832
0.06702756
0.051523548
0.044174485
0.041678946
0.049436156
0.08240962
0.92101914
0.84714776
0.07038219
0.042489793
0.03511881
0.03335608
0.032176953
0.036076874
0.045370825
0.89274466
0.9177871
0.9396377
0.9608068
0.96102947
0.94684196
0.919517
0.8975745
0.05263628
0.034222096
0.0293284
0.028700171
0.029082038
0.033103928
0.044749614
0.8058467
0.8858326
0.9543161
0.95326805
0.88786846
0.07730753
0.050201364
0.043050785
0.04968768
0.0837633
0.09530458
0.1302002
0.74785775
0.115158245
0.08465732
0.1646043
0.87073386
0.17636202
0.18680982
0.36818728
0.90956855
0.11302989
0.055158895
0.05449288
0.07971481
0.88661426
0.08501273
0.06660128
0.0457081
0.045894764
0.078802325
0.92749274
0.9246273
0.9366458
0.95288277
0.08036181
0.042638052
0.038672697
0.044204663
0.06536618
0.80002
0.8066863
0.086987875
0.06710147
0.08061299
0.2264301
0.9035619
0.28889006
0.224644
0.15412802
0.8179012

