0.73352927
0.17423932
0.09537674
0.078263596
0.08491351
0.12635584
0.87596804
0.9027
0.8576512
0.88103986
0.7325559
0.5778388
0.46915194
0.42165416
0.47308153
0.61902815
0.8620907
0.88872296
0.76012355
0.10055339
0.06577695
0.061008725
0.06752913
0.84253764
0.9301485
0.9430215
0.93005514
0.09511704
0.055932578
0.061780743
0.11864065
0.7186811
0.82645035
0.2997931
0.6897019
0.16181047
0.26573431
0.11101336
0.07888249
0.11215372
0.23397286
0.7881005
0.1399525
0.06266105
0.055957373
0.06800881
0.08778691
0.8087094
0.14567171
0.070701115
0.05214598
0.051315665
0.067788266
0.8195287
0.86925817
0.79447716
0.8285221
0.9243938
0.92821056
0.83042914
0.8175231
0.058848035
0.039758276
0.038658623
0.048778445
0.062029272
0.053703528
0.048604656
0.050208773
0.07058394
0.11149196
0.8758322
0.87742615
0.9494989
0.38947242
0.10608956
0.044224814
0.040540636
0.04269216
0.047270805
0.059870955
0.0627648
0.06713447
0.05293032
0.06538598
0.0464278
0.04046113
0.038700532
0.040638465
0.052462712
0.8699229
0.92044073
0.88920915
0.91164863
0.9443963
0.9297646
0.11686401
0.11233786
0.7785997
0.7909351
0.06273023
0.040295843
0.03628584
0.03273815
0.031224886
0.03161557
0.037513863
0.06178499
0.9477419
0.96527606
0.97049046
0.9641111
0.9540165
0.054200903
0.034245938
0.031532384
0.03524441
0.039378747
0.042892106
0.04514137
0.04582237
0.046917837
0.04743199
0.048824195
0.054751452
0.059575412
0.07990479
0.05732486
0.066994615
0.10051589
0.7267585
0.87576014
0.23970276
0.17961788
0.29367167
0.14233881
0.14753744
0.79397357
0.6996108
0.8007942
0.63342226
0.63630533
0.8310126
0.85522693
0.6449786
0.14356247
0.15316054
0.13166188
0.4302729
0.1788277
0.46604538
0.2019141
0.3305508
0.85865206
0.8801195
0.22415283
0.2091722
0.105190285
0.09596924
0.1391181
0.64668405
0.17402087
0.10869489
0.11499031
0.2761246
0.15709761
0.12535141
0.2785206
0.20320755
0.71326536
0.12142446
0.10090776
0.06683954
0.08132228
0.093762346
0.14775439
0.2779204
0.32460445
0.23550868
0.2194649
0.06633402
0.06060866
0.062058646
0.08463413
0.09327162
0.765534
0.113809034
0.116207995
0.08762927
0.09941337
0.8938295
0.8805998
0.76435846
0.73389864
0.104098946
0.09650716
0.11331351
0.826651
0.089329556
0.05475908
0.047887623
0.06033517
0.8942504
0.9425235
0.9485513
0.89398515
0.0828626
0.07727477
0.077842705
0.799454
0.83214647
0.080051616
0.059137624
0.064326555
0.8989452
0.9263444
0.95051086
0.31647432
0.090213954
0.058266472
0.0679579
0.8000017
0.07420855
0.05639338
0.06255676
0.91531885
0.94446385
0.9575522
0.9033425
0.069041006
0.054298002
0.064438604
0.74800766
0.06512635
0.046199854
0.052780613
0.113367476
0.938093
0.94286907
0.9579144
0.9431048
0.079781346
0.06231288
0.07972446
0.82943183
0.81742346
0.06662097
0.042948708
0.039617
0.040771294
0.046081346
0.076121256
0.16823095
0.913346
0.1010898
0.070398696
0.07802514
0.7953405
0.80426955
0.7987676
0.804145
0.07429508
0.050286856
0.05574516
0.09523567
0.93492836
0.93709624
0.073106475
0.044395298
0.038093504
0.038038585
0.040466297
0.047454942
0.0660135
0.13639739
0.91430974
0.77730495
0.19067
0.13438703
0.13098261
0.83496803
0.09703539
0.07370078
0.071124315
0.13106884
0.87673426
0.78068674
0.85822415
0.14914414
0.13790767
0.12596962
0.16188213
0.23828138
0.679596
0.15525687
0.10079587
0.0765795
0.101626106
0.10502176
0.12741509
0.24954747
0.29309282
0.85982275
0.8604892
0.51885927
0.30308524
0.510244
0.3822955
0.7249604
0.2643561
0.25950715
0.20241106
0.43550637
0.44497377
0.59636676
0.79189855
0.13074338
0.10720353
0.11183629
0.80225027
0.9267613
0.94476795
0.11194779
0.04826767
0.03502542
0.035223085
0.03555059
0.03650027
0.037553523
0.039941043
0.04859291
0.09103397
0.90024865
0.087975755
0.054596875
0.058768447
0.86645293
0.85699046
0.89799434
0.9270951
0.9557869
0.95330054
0.8948017
0.85730547
0.07178907
0.06532817
0.11471378
0.9276503
0.9223305
0.07968804
0.045930598
0.040702272
0.036579598
0.035481095
0.035426937
0.035805
0.03821436
0.057460148
0.09462847
0.9126143
0.94531214
0.9360308
0.14512376
0.18429224
0.113981254
0.7376185
0.07933386
0.053353753
0.05232014
0.055879448
0.07473058
0.7369587
0.8142878
0.925763
0.9243162
0.8280007
0.08214457
0.049601506
0.055292986
0.062227655
0.060453102
0.09022678
0.07013625
0.084732935
0.073664896
0.10764204
0.14224914
0.6629944
0.22352839
0.64096373
0.13134001
0.15771998
0.74750155
0.13608131
0.07499624
0.04922421
0.055223886
0.08073193
0.9002019
0.7996945
0.08275884
0.06129956
0.07884617
0.9175303
0.94453424
0.93920374
0.07339948
0.043399926
0.042796373
0.05359818
0.9174447
0.95410746
0.95979047
0.9452026
0.0629929
0.042400658
0.044120718
0.059543613
0.80716836
0.75511384
0.74682283
0.7968602
0.1180246
0.07883206
0.09485758
0.9246338
0.94403064
0.934718
0.09127362
0.09134799
0.058397893
0.06655042
0.12606455
0.78214586
0.7430099
0.47287467
0.3847742
0.9113962
0.93507975
0.917413
0.0913693
0.058171183
0.057480074
0.07143907
0.16431631
0.76664704
0.8162281
0.90507746
0.84331584
0.8299881
0.85462123
0.8633068

