0.12835771
0.09402932
0.060137946
0.04388438
0.0388527
0.03824587
0.043382827
0.07243367
0.8420935
0.7671666
0.84058225
0.92890996
0.94637764
0.94118166
0.8493906
0.84658563
0.10520214
0.08106247
0.06573294
0.10226359
0.8828943
0.23329061
0.8033149
0.07359868
0.054254696
0.052900806
0.050873443
0.091404445
0.93371516
0.9313683
0.9329248
0.9225271
0.93212515
0.081261866
0.04652285
0.042961866
0.04965256
0.075928375
0.8918133
0.07877032
0.046945743
0.03774965
0.042635877
0.055011917
0.8047562
0.82495517
0.9121784
0.9215963
0.87793773
0.9421837
0.9515419
0.95408267
0.9460013
0.8722283
0.060644787
0.036881406
0.0358546
0.03776204
0.05207413
0.083067335
0.07336605
0.07811722
0.785069
0.8775343
0.10541802
0.07245502
0.09572769
0.20246035
0.9409974
0.950641
0.25502172
0.05138939
0.038209315
0.038650766
0.04120613
0.041230287
0.0483957
0.071094684
0.83821917
0.089799166
0.054036632
0.047627088
0.06230383
0.8399145
0.2590852
0.9179438
0.93062
0.31875157
0.07602161
0.07302985
0.88794726
0.94015497
0.9497892
0.96084166
0.9454687
0.94292885
0.052915502
0.033378154
0.02923829
0.030954842
0.032332156
0.035500437
0.043924265
0.071168646
0.86467767
0.13221835
0.13512117
0.88430774
0.8240369
0.90133554
0.14407471
0.14130896
0.2087969
0.7240582
0.104774304
0.09565566
0.20950691
0.9125867
0.90867496
0.11982544
0.08013874
0.07653278
0.10028748
0.79749596
0.63072044
0.5052802
0.54563135
0.7257571
0.24836276
0.30065182
0.2599131
0.84169376
0.87531525
0.15522376
0.13236383
0.09665638
0.10271608
0.10470344
0.09629386
0.13180265
0.20955585
0.8726593
0.8667018
0.69046295
0.68387145
0.8490537
0.86770415
0.7118138
0.16053094
0.08637895
0.09437611
0.67610884
0.72658914
0.9163712
0.94564575
0.94601005
0.9320811
0.14730854
0.072519094
0.09091655
0.04871689
0.04183711
0.04531908
0.061509248
0.79514563
0.81493086
0.91305363
0.8919676
0.4752176
0.7297222
0.78409064
0.8409181
0.6505097
0.20494479
0.72584265
0.90398693
0.9088171
0.94652146
0.93416226
0.06992271
0.039677083
0.034965944
0.038761582
0.043598928
0.04539736
0.042795986
0.045713093
0.08034894
0.05984503
0.085615516
0.9196519
0.8921812
0.9004476
0.9394882
0.08757034
0.049180876
0.046412975
0.046812467
0.04992798
0.053786065
0.07465007
0.6822063
0.66427016
0.830442
0.35112858
0.41426548
0.30561018
0.8273529
0.5644653
0.3277612
0.3365013
0.118973315
0.090374514
0.06835406
0.07351983
0.09288375
0.28825176
0.3157637
0.13473597
0.09578808
0.14409927
0.84317005
0.6928446
0.20823592
0.12374512
0.13251512
0.15340227
0.23571114
0.8582424
0.7960562
0.830632
0.9260242
0.9235136
0.36034712
0.20029105
0.15166114
0.10154982
0.2145481
0.7044836
0.8767418
0.13218565
0.084621556
0.09072988
0.09313391
0.08069352
0.047235083
0.05082309
0.049436715
0.059588607
0.85783386
0.92335725
0.9235697
0.14439109
0.10059943
0.08435879
0.87181014
0.9347177
0.944707
0.9281487
0.1064353
0.09423163
0.08454007
0.8017104
0.87804604
0.78822356
0.1937746
0.32171643
0.91488034
0.8826189
0.10919788
0.04893129
0.041916385
0.049413405
0.049734425
0.059300374
0.11573614
0.8345272
0.34413356
0.08312817
0.068151124
0.052447703
0.051451057
0.061107762
0.056304865
0.05468152
0.071882896
0.7635668
0.7947701
0.82492226
0.11463888
0.055114385
0.042222794
0.04398328
0.0512472
0.08539664
0.92292833
0.9272357
0.100937106
0.060420655
0.073091954
0.15290704
0.90223813
0.18417189
0.069538176
0.07083305
0.8352063
0.87361676
0.94375545
0.8908595
0.06332924
0.042438783
0.03872218
0.048274856
0.1023268
0.8883206
0.16932979
0.18537273
0.90291166
0.9283265
0.9485739
0.9337515
0.2104901
0.13759251
0.868105
0.92933035
0.09439354
0.04227901
0.03535462
0.03879045
0.049340073
0.8592712
0.91291434
0.95277494
0.94249266
0.10339568
0.10096509
0.19736266
0.920769
0.096029885
0.04262191
0.036714666
0.035896804
0.03603228
0.03646286
0.039227962
0.04307478
0.07407232
0.21257508
0.95008075
0.9467878
0.85365456
0.06340431
0.038911693
0.03492666
0.033595975
0.03289897
0.032241426
0.032972634
0.04289833
0.09078057
0.9291907
0.93690586
0.8986449
0.91676855
0.9546432
0.9193793
0.9464638
0.24069324
0.049853668
0.042205874
0.043735985
0.05710329
0.07391114
0.7804569
0.76495594
0.3440694
0.20495346
0.092840284
0.09018319
0.7747379
0.8769719
0.74840873
0.66123873
0.7677776
0.9175376
0.9432424
0.93820363
0.80667377
0.79451495
0.073313974
0.052215166
0.073957086
0.08428994
0.05036962
0.040747363
0.035411596
0.034242116
0.034653246
0.041660078
0.08143735
0.93424934
0.94373995
0.9097887
0.8878953
0.8856487
0.8734227
0.8443837
0.8772799
0.09382866
0.0442191
0.03856118
0.04283269
0.061550207
0.77080226
0.24382304
0.13515092
0.84042835
0.9220118
0.9210691
0.27453774
0.077780165
0.05703139
0.05263158
0.08166186
0.16704188
0.8861239
0.8455162
0.23952635
0.28918147
0.7788609
0.2633389
0.19675465
0.15111215
0.11773833
0.11322188
0.13507684
0.17596577
0.77607733
0.21735765
0.210803
0.17323783
0.16438933
0.13633037
0.19215012
0.18225019
0.40966398
0.43053693
0.2525767
0.41798356
0.39725378
0.23856759
0.3616331
0.33743495
0.72766745
0.2285451
0.22346485
0.2370138
0.78078544

