0.905314
0.915712
0.7884165
0.6375133
0.6433362
0.6509608
0.7195988
0.13971744
0.12368797
0.06805957
0.06695617
0.07885833
0.100893565
0.91486233
0.92025983
0.8080167
0.7818096
0.7843869
0.8092819
0.07360154
0.044315144
0.040948514
0.042697344
0.04541311
0.048243217
0.049070098
0.049071364
0.048569713
0.048809998
0.047862705
0.046344504
0.044291828
0.042166416
0.040353972
0.038250126
0.03605465
0.033733375
0.03250474
0.035620634
0.04535417
0.91343975
0.9431015
0.96216327
0.96691805
0.9481682
0.9018887
0.06829354
0.057472818
0.0769235
0.78794616
0.24917342
0.8624096
0.090896815
0.050114863
0.04718528
0.054930616
0.085448
0.78779817
0.084882386
0.05506339
0.049607757
0.04891408
0.048749626
0.048715822
0.048912738
0.048863813
0.049335856
0.051439516
0.06185287
0.1289745
0.79406357
0.8194801
0.13341187
0.07209172
0.059636965
0.07369771
0.052129187
0.058098618
0.056796495
0.079515204
0.80914176
0.82297444
0.9350369
0.94373155
0.07643018
0.040963523
0.03583072
0.035684578
0.0402052
0.036925916
0.03396436
0.032659173
0.03541769
0.04583225
0.8985419
0.9318837
0.9554126
0.9651837
0.9352912
0.8956052
0.055370614
0.036319498
0.03392272
0.037029814
0.039338112
0.04319154
0.048535593
0.0669207
0.69971377
0.09505375
0.087847315
0.70842993
0.7641494
0.916373
0.9300519
0.438819
0.10537605
0.14014067
0.08207249
0.10113874
0.17385902
0.08987391
0.1258897
0.129834
0.1256673
0.119607754
0.124954626
0.053359874
0.05466742
0.05334221
0.055033386
0.06334052
0.16281198
0.9389319
0.956352
0.96417105
0.9609373
0.94958097
0.12032094
0.063982464
0.05544224
0.04100153
0.048873756
0.04486732
0.052876607
0.0600845
0.06329114
0.13947666
0.7773102
0.7779357
0.8929864
0.14265825
0.104885936
0.124440536
0.8612971
0.13818656
0.07332642
0.051976968
0.052758217
0.085306674
0.12481698
0.07661588
0.049489796
0.045934215
0.07093259
0.83594483
0.84933615
0.92485625
0.9353465
0.90351915
0.9373799
0.89893687
0.9415107
0.8880455
0.8879429
0.09280391
0.040270485
0.033602472
0.036331322
0.03748039
0.044236574
0.07143484
0.92258805
0.93529487
0.88556665
0.4281569
0.25803718
0.11566719
0.10974641
0.06436145
0.08644983
0.095236905
0.065282196
0.057269678
0.043331422
0.0409036
0.0454732
0.058385786
0.880713
0.8665161
0.90686536
0.879531
0.90118057
0.06925106
0.044156294
0.04183397
0.043484673
0.053721413
0.067769185
0.06449175
0.064028315
0.062314235
0.059418306
0.05532167
0.05862773
0.058947567
0.05645503
0.055542037
0.06683818
0.08918082
0.13235046
0.8793208
0.8962637
0.94543976
0.10046366
0.053189673
0.055947892
0.04278476
0.042572856
0.04590667
0.045663502
0.05124648
0.089284614
0.1687493
0.91458136
0.91839653
0.2533979
0.13527691
0.16698505
0.12002224
0.12511495
0.19204417
0.2512543
0.24561465
0.9111684
0.1028184
0.05448808
0.052436672
0.07577017
0.06500997
0.13070425
0.8210647
0.15194568
0.114633225
0.7461416
0.72786653
0.7713603
0.07871647
0.05373268
0.055863287
0.12495093
0.86465424
0.8746192
0.18535084
0.10424621
0.17813352
0.91473174
0.113959864
0.050847113
0.04190475
0.047431085
0.060339015
0.08444107
0.863092
0.097367726
0.06883981
0.089171484
0.88407624
0.08177911
0.046609256
0.04362
0.05264482
0.90153885
0.9367262
0.96075195
0.9639923
0.9597339
0.9279159
0.06440219
0.042754523
0.04620406
0.0660916
0.8211825
0.086287126
0.07368813
0.103743434
0.8793191
0.90117896
0.09912456
0.049292855
0.04100224
0.040632267
0.05386279
0.07981193
0.8476388
0.1103935
0.069831066
0.13334121
0.91786784
0.92819935
0.88456047
0.887736
0.92617065
0.841696
0.08363756
0.05932951
0.06298216
0.88801765
0.943039
0.95095545
0.93570703
0.091678984
0.07025691
0.12393183
0.8427204
0.8391082
0.08212938
0.05102541
0.050698362
0.07201471
0.9218914
0.9225204
0.8274599
0.096722685
0.10443101
0.07415557
0.06835369
0.08207737
0.10297462
0.1301644
0.17533049
0.71769136
0.335554
0.22353593
0.22819237
0.32596788
0.31767985
0.19273657
0.14369349
0.26184097
0.5746803
0.6401258
0.7959988
0.38291687
0.15792467
0.18889402
0.3182107
0.40078843
0.3745462
0.20534778
0.21343969
0.24061142
0.3329564
0.13296345
0.09879587
0.08914654
0.07865759
0.12176802
0.08375958
0.068341285
0.10581636
0.9053572
0.9145118
0.84723
0.8704515
0.14534971
0.13744281
0.20788158
0.17970611
0.17736222
0.8054839
0.7713734
0.86570376
0.82284683
0.87723875
0.7564207
0.70096964
0.17345887
0.68941474
0.06791796
0.046808977
0.044536073
0.050122418
0.048580043
0.067415036
0.83636767
0.13637774
0.14786494
0.33624953
0.9447797
0.94956917
0.94972074
0.9546313
0.12977798
0.08742804
0.06364008
0.04632699
0.040193897
0.045352776
0.051088363
0.04893964
0.04806855
0.047759473
0.04800436
0.049338616
0.05314816
0.049373914
0.056565076
0.070864536
0.06388005
0.08753292
0.8415703
0.93425727
0.11082154
0.05088622
0.043314986
0.041612983
0.04228938
0.04232378
0.049332246
0.08141069
0.8419074
0.08378565
0.057701014
0.0728399
0.15174642
0.93613267
0.94997585
0.9566794
0.9463631
0.92765355
0.060529
0.036294624
0.03310483
0.03537531
0.037739478
0.038822707
0.039815634
0.04017925
0.039720125
0.039624058
0.044348504
0.062499538
0.81485015
0.8887943
0.16046041
0.13529645
0.84937215
0.9338747
0.9508429

