0.7597313
0.69987434
0.60401225
0.22622676
0.1656596
0.10511879
0.087686665
0.08103972
0.06965718
0.10212258
0.17633215
0.65861416
0.78000563
0.90607095
0.9091971
0.8851697
0.1548819
0.113375254
0.119401865
0.27930927
0.41283825
0.8426502
0.7199601
0.1011026
0.06425324
0.07943109
0.09420134
0.878188
0.882613
0.51281255
0.49935082
0.8854362
0.22794549
0.079268575
0.07087927
0.09832289
0.836709
0.92649275
0.22906315
0.061428603
0.044215348
0.045321345
0.039153952
0.04223669
0.058951974
0.8758173
0.8828343
0.9034113
0.89923096
0.866463
0.062917955
0.040395446
0.037083402
0.039229516
0.042613845
0.053593084
0.10805198
0.9003984
0.10160906
0.05559868
0.04947388
0.0617222
0.08177874
0.8557507
0.9276804
0.082865916
0.0458327
0.040203825
0.044244844
0.06388994
0.8689924
0.9090655
0.108678035
0.0441407
0.036529437
0.039520994
0.054487843
0.9331682
0.95907885
0.9655006
0.9267296
0.057340693
0.039111782
0.038198505
0.046511695
0.075231686
0.80523956
0.07756677
0.048284836
0.04278404
0.045869492
0.063622504
0.8303888
0.8469826
0.9365944
0.081472315
0.04808876
0.04212901
0.045664202
0.0646943
0.7878697
0.7562968
0.7959387
0.8044886
0.06930497
0.044076383
0.04060875
0.041361526
0.05094443
0.08385371
0.90226525
0.08149682
0.04376965
0.036710385
0.04260808
0.068033464
0.94312423
0.952716
0.9487154
0.9236558
0.8969421
0.057318956
0.037992414
0.03502635
0.037499633
0.040283702
0.042815402
0.044840895
0.04560802
0.047865007
0.054659255
0.083727166
0.82136136
0.11979988
0.06541417
0.070565395
0.17775103
0.91505766
0.14420733
0.11365584
0.055840015
0.04740821
0.057640143
0.09942221
0.81765515
0.8327856
0.9087516
0.81068003
0.7855086
0.13826579
0.09582693
0.07040572
0.06747224
0.07653993
0.104739316
0.0663449
0.07417179
0.60805273
0.7773122
0.90911907
0.932484
0.92375875
0.8412548
0.87558985
0.6901022
0.12985851
0.11397344
0.14228387
0.7267169
0.8877302
0.9059467
0.12695375
0.12541752
0.17083709
0.07932526
0.052888937
0.04525909
0.04986832
0.073939554
0.7807334
0.11800439
0.10127993
0.78908783
0.90692145
0.10442703
0.05783719
0.06499724
0.068742484
0.90643615
0.9472401
0.94878376
0.066397704
0.036494162
0.02995722
0.028930044
0.029303417
0.035052933
0.05358
0.93997747
0.96429425
0.96786064
0.956298
0.056971572
0.03524463
0.03144274
0.031950682
0.03335444
0.038802207
0.057143804
0.8313443
0.8321038
0.92002946
0.865965
0.07397328
0.04967204
0.04896595
0.06660856
0.8315096
0.8338975
0.93588096
0.08229458
0.04436749
0.040232003
0.041179314
0.042287182
0.042172756
0.040213965
0.039437264
0.03821882
0.038281288
0.040034894
0.052676942
0.84795856
0.8634273
0.3236529
0.92258686
0.9497754
0.9537826
0.9217491
0.877963
0.33739737
0.9215567
0.8741088
0.055554245
0.037329897
0.03519809
0.038385976
0.042302873
0.045904852
0.04991839
0.04971802
0.049758628
0.051552255
0.05196399
0.053448685
0.059502423
0.084448375
0.15836819
0.13281092
0.16679959
0.07279884
0.05879149
0.0589255
0.07593339
0.7059298
0.12912633
0.17800169
0.20357269
0.23849994
0.834501
0.8984268
0.838333
0.8689627
0.9372934
0.93398875
0.8076612
0.78996116
0.080247626
0.08199477
0.06498837
0.041068207
0.044805687
0.07555857
0.8501265
0.14685339
0.22626813
0.935564
0.9247756
0.91438556
0.17223147
0.123779826
0.81205595
0.06865196
0.043179706
0.039364763
0.041424215
0.04886112
0.062644534
0.8033784
0.78411835
0.7781292
0.7481348
0.7391183
0.816168
0.929998
0.9357412
0.8306733
0.11682656
0.094114706
0.07709063
0.046011657
0.043665074
0.046453595
0.066870905
0.054652873
0.09769032
0.085364215
0.83688843
0.9206815
0.8785808
0.92867076
0.83684236
0.08661905
0.080292955
0.06598226
0.060092658
0.054049402
0.06547933
0.061325863
0.06758524
0.08308698
0.1656837
0.14498903
0.5847513
0.5661571
0.61262214
0.21862778
0.29534832
0.7050493
0.8733508
0.11189809
0.09181691
0.12343302
0.076614246
0.070005916
0.05683886
0.06538819
0.05911123
0.09072215
0.06754298
0.05345355
0.059585
0.081157245
0.8189853
0.14153765
0.15617907
0.13097993
0.10065524
0.08147848
0.8067212
0.83524054
0.921401
0.9253887
0.20282568
0.10912017
0.18977831
0.86351335
0.8902985
0.9340518
0.88715017
0.08639143
0.06314145
0.07768574
0.88007873
0.9404501
0.08543505
0.041605767
0.03479228
0.032927185
0.032502353
0.03272036
0.034219943
0.04205841
0.094609775
0.9585152
0.96682936
0.96123374
0.06539619
0.03801852
0.035704035
0.036670204
0.037438944
0.038209673
0.03809683
0.03880566
0.037795354
0.036965467
0.042734254
0.07368495
0.92558867
0.8874179
0.8831564
0.8757537
0.12579025
0.087864935
0.27264154
0.93149084
0.9319332
0.072464846
0.05419327
0.05904518
0.08797121
0.26002342
0.9443104
0.94608486
0.09818914
0.04670227
0.04289226
0.056088425
0.05500078
0.05940437
0.09619274
0.10769641
0.28770944
0.9289325
0.089719824
0.049726974
0.043524854
0.042653333
0.04262744
0.042199478
0.040937267
0.039635047
0.037666306
0.035718165
0.03520891
0.042398002
0.075391956
0.94441813
0.9627155
0.9459105
0.929194
0.07075888
0.051527884
0.054767136
0.094822444
0.8953362
0.11358204
0.058939017
0.04586087
0.04475355
0.04640003
0.046888366
0.04684663
0.046313725
0.045364905
0.044165954
0.046001654
0.050173737
0.074904606
0.8512086
0.9105378
0.29600227
0.24790028

