0.82612395
0.74595565
0.7047736
0.81385106
0.7667102
0.82178694
0.90603936
0.9042111
0.13918085
0.1037524
0.08029179
0.11608982
0.10459072
0.10542706
0.10614204
0.6922518
0.15061004
0.095993705
0.11766153
0.16645405
0.6450472
0.60902774
0.17214477
0.221871
0.28900677
0.29512158
0.20078412
0.8311573
0.7362238
0.8649814
0.20770355
0.12185256
0.11754687
0.866549
0.88767916
0.12457076
0.09934161
0.086536735
0.859373
0.9260618
0.93296736
0.8260064
0.81455487
0.08554849
0.08454684
0.08405766
0.7754907
0.7626113
0.8718658
0.13917279
0.10783358
0.29880628
0.88348573
0.8489682
0.90166444
0.77113765
0.10561181
0.10327923
0.11352572
0.15843824
0.13144256
0.60545737
0.62225145
0.17284293
0.13720612
0.27463594
0.18490133
0.29563352
0.1467758
0.58276993
0.13563219
0.118709296
0.15378617
0.65473276
0.8090776
0.71036994
0.76385754
0.89116496
0.8961121
0.7646224
0.24170521
0.08807549
0.09401873
0.1494235
0.86969316
0.82458717
0.9198176
0.8737049
0.9245214
0.19562005
0.06905956
0.0786179
0.16497187
0.8944578
0.81534696
0.08372425
0.051847104
0.048742566
0.06254681
0.04745327
0.045540694
0.051208403
0.06428375
0.71869266
0.7234126
0.6768007
0.6601803
0.7125567
0.88043797
0.3227495
0.29311866
0.8286636
0.06461533
0.040494572
0.036953244
0.033630967
0.040204287
0.059192073
0.93364686
0.9611595
0.96519285
0.9525145
0.05775251
0.036229886
0.03246502
0.033335127
0.0381633
0.05338575
0.75670326
0.18804802
0.3954706
0.9362106
0.9468843
0.21243657
0.046873715
0.03690047
0.037886247
0.059257433
0.1244
0.9349897
0.95492977
0.9132706
0.06266769
0.038422473
0.03651394
0.03747159
0.037971906
0.042492434
0.045520224
0.039631054
0.03715233
0.03658645
0.040952437
0.069030896
0.953117
0.9659395
0.96918046
0.9373723
0.0540022
0.03505882
0.03372721
0.035392273
0.03559257
0.036053613
0.035757624
0.034718804
0.0352509
0.034778625
0.039399456
0.0651277
0.94422436
0.9625921
0.96912956
0.96564573
0.9148423
0.061412234
0.038809754
0.035059456
0.037675716
0.040976547
0.044157892
0.046681996
0.049233135
0.05069282
0.05323497
0.06044669
0.054747667
0.055410698
0.0633228
0.103975296
0.09889732
0.1098787
0.7956011
0.13113627
0.1087225
0.11283994
0.10493677
0.07795512
0.062058423
0.072085015
0.11160471
0.07145991
0.08541585
0.7579116
0.29614943
0.16608803
0.13428842
0.8693197
0.116752185
0.07847592
0.13498545
0.9187417
0.8851922
0.070429675
0.040695325
0.034186486
0.03175477
0.031183567
0.031541783
0.037444435
0.05049964
0.9190289
0.93445814
0.96287614
0.9646502
0.94831866
0.9027427
0.8870614
0.052651543
0.035586555
0.03322495
0.0375561
0.03823873
0.040315375
0.04705567
0.046957333
0.042230498
0.044838797
0.05782362
0.7922512
0.88941365
0.78974247
0.79176676
0.8881646
0.09394359
0.06739699
0.0745498
0.8195869
0.8693692
0.94877166
0.94376385
0.06867926
0.038616724
0.03406527
0.033145033
0.035057586
0.03969749
0.064451635
0.90372306
0.9413913
0.8970477
0.93753463
0.09181535
0.056282777
0.066401914
0.045213263
0.050535176
0.063498154
0.10684641
0.74286926
0.10908299
0.08140201
0.09956331
0.12230612
0.87510556
0.78356725
0.89744663
0.101433426
0.07390531
0.055960104
0.056423448
0.07346217
0.8539267
0.1025142
0.08584492
0.105648495
0.9137039
0.9075126
0.95535445
0.92754555
0.9427872
0.062031217
0.037609074
0.03311842
0.035313535
0.03801739
0.04603209
0.09576219
0.12907712
0.8842963
0.11674621
0.0959869
0.06870653
0.083322726
0.8440208
0.92244595
0.84121174
0.8241089
0.0890526
0.065664716
0.094329745
0.06704503
0.059859935
0.05937861
0.10820045
0.10174634
0.767325
0.1871336
0.093565255
0.102942176
0.8422505
0.8944272
0.8111831
0.780511
0.8102095
0.15043163
0.091127664
0.076914966
0.06998277
0.06469965
0.06439635
0.07612471
0.88542926
0.8352538
0.9291202
0.9217959
0.77558184
0.089673884
0.06638615
0.08307183
0.07774417
0.85002434
0.93580496
0.94745594
0.9334304
0.10090712
0.08524484
0.072542734
0.11724052
0.8384342
0.9175507
0.8366482
0.07765052
0.046800055
0.053913645
0.04436079
0.043348804
0.044129554
0.04487836
0.04302135
0.043902986
0.048666947
0.06633642
0.79283303
0.10431974
0.09251167
0.8327431
0.8638292
0.83648324
0.08507688
0.06270829
0.077671364
0.91049105
0.91162735
0.93871546
0.9565738
0.9491812
0.8703485
0.06646116
0.058887813
0.080687724
0.83793
0.8213664
0.10338378
0.09574697
0.7433422
0.06537465
0.042274337
0.040138453
0.050692614
0.13491078
0.94838387
0.9594654
0.9583689
0.8468905
0.05557564
0.038417626
0.03698971
0.04309595
0.048708167
0.054835394
0.04684908
0.06334239
0.044469398
0.039149474
0.036583103
0.038816582
0.04999546
0.8742843
0.9340678
0.9423488
0.87420857
0.9033103
0.22162683
0.25216022
0.8773219
0.7648173
0.70349944
0.7309766
0.19163425
0.12978818
0.73013496
0.7541711
0.78856885
0.89935154
0.092167355
0.056160405
0.05822798
0.14301668
0.06622454
0.08167903
0.08585611
0.11335914
0.09931817
0.7766411
0.8719677
0.30576482
0.13548027
0.1269865
0.862903
0.7378426
0.7006924
0.69171786
0.12978567
0.11042178
0.26497483
0.9044565
0.8834145
0.18435238
0.21791743
0.2597868
0.086740054
0.09704457
0.10599793
0.101725474
0.0790589
0.09340294
0.24708065
0.12368459
0.09109231
0.12167951
0.6130239
0.5681345
0.64291894
0.7700427
0.820723

