0.8847593
0.88752127
0.88528675
0.7988304
0.7659741
0.80583334
0.8914583
0.8899928
0.72961485
0.6288024
0.60411507
0.6528025
0.10978685
0.081943914
0.085126534
0.6730196
0.69545597
0.7360268
0.87059623
0.7691301
0.10339281
0.078143686
0.09697341
0.7709246
0.90861636
0.5420595
0.1396103
0.21582803
0.08074226
0.1181043
0.081049286
0.0715209
0.08749957
0.9053399
0.92047197
0.13014418
0.079748
0.063835375
0.090249434
0.8571602
0.71789926
0.19638103
0.7187418
0.74708354
0.79054534
0.92689395
0.09351892
0.06049609
0.039014295
0.036372434
0.033311676
0.033696767
0.038671903
0.05553686
0.92577887
0.9453264
0.94647586
0.9387461
0.063123606
0.043121412
0.03693486
0.035822608
0.037592735
0.039352845
0.04942699
0.07906984
0.83411354
0.8755068
0.3972587
0.8798307
0.81546843
0.07600691
0.054560684
0.057288986
0.075181656
0.68970436
0.693607
0.35649142
0.17064035
0.4877633
0.4362376
0.45509687
0.48214749
0.5856913
0.7650317
0.2849613
0.38061467
0.87881094
0.9057399
0.78777295
0.10680553
0.06541881
0.061008476
0.08808655
0.12664767
0.095367804
0.122513145
0.8901683
0.9032672
0.31536633
0.17559364
0.68608236
0.74985343
0.7619339
0.099388786
0.10491396
0.12668185
0.060499318
0.051682997
0.044005617
0.04238213
0.04639967
0.059543185
0.7459097
0.150848
0.79158646
0.81881964
0.9293983
0.9254021
0.95096016
0.93649447
0.059471056
0.03621599
0.03066003
0.030104192
0.03487748
0.050769977
0.9321328
0.95901006
0.96284723
0.9491
0.058594838
0.03560563
0.0301685
0.03007213
0.03347524
0.045240216
0.8236404
0.8495236
0.94052255
0.94926023
0.89411336
0.9239987
0.067660294
0.04395816
0.044315625
0.058131374
0.91197515
0.92074233
0.94367254
0.8533456
0.8630883
0.08067336
0.059454627
0.06707465
0.8894343
0.935948
0.880158
0.84571534
0.07625472
0.061607864
0.09305177
0.9179278
0.9538063
0.9598532
0.94522476
0.05498285
0.034270383
0.03032897
0.031204801
0.034064684
0.04219829
0.07204368
0.8818745
0.121816106
0.11097115
0.88082176
0.9067305
0.88783133
0.88403404
0.065944806
0.042287778
0.039028328
0.04322801
0.054206233
0.08646259
0.81695265
0.08920226
0.05550515
0.04935354
0.051638253
0.08437242
0.08629966
0.104518466
0.16137666
0.1547136
0.8963587
0.77577317
0.2200334
0.3103592
0.7751267
0.09128555
0.07279346
0.12891218
0.23206684
0.106043406
0.0872019
0.084620126
0.05576437
0.05587861
0.06020287
0.09966607
0.10413746
0.14765175
0.897169
0.12011708
0.07682014
0.12943019
0.92222965
0.88766384
0.068904735
0.04021927
0.034103803
0.03171637
0.03113525
0.0314759
0.03750311
0.050723717
0.92095095
0.9374109
0.9635694
0.96514034
0.9495784
0.90157187
0.8860658
0.05226291
0.035310283
0.032977294
0.036880985
0.037932143
0.039818496
0.04456425
0.044142805
0.041572727
0.045409124
0.06238693
0.84661895
0.92294234
0.850111
0.11375667
0.10528003
0.061359253
0.044013884
0.046852376
0.07095571
0.84450215
0.93958384
0.9469163
0.38458148
0.06906014
0.060103897
0.044282414
0.040156987
0.0453478
0.055082273
0.80824894
0.8530707
0.9120079
0.8729795
0.9079044
0.8368618
0.8461125
0.9187589
0.8559839
0.099124506
0.09532435
0.06533466
0.04968622
0.07124488
0.06649327
0.09746755
0.81587577
0.90414846
0.81088716
0.89853144
0.09919352
0.076454155
0.071513884
0.0929862
0.87837523
0.24091426
0.064260684
0.06569287
0.08204609
0.91951436
0.91403127
0.9552923
0.917561
0.9410204
0.061622012
0.037912194
0.03379016
0.036792755
0.038530007
0.045795698
0.09054831
0.12463571
0.88712746
0.10927296
0.08522816
0.06345114
0.077928305
0.849324
0.9203018
0.83484334
0.8055597
0.089169316
0.06870247
0.09511694
0.10162999
0.7459491
0.731826
0.9001809
0.09898538
0.053830538
0.06775917
0.04418071
0.044656407
0.054304987
0.8243959
0.8424923
0.9285486
0.94131154
0.90234286
0.92070824
0.78223395
0.7441625
0.15410051
0.22792658
0.8771533
0.9389119
0.93725413
0.083524406
0.04111282
0.034964055
0.039433002
0.058293633
0.93905234
0.95997226
0.9634074
0.9482589
0.05941528
0.03783046
0.03623298
0.043381535
0.07640442
0.8878786
0.20909029
0.18012947
0.9096553
0.8534669
0.076221116
0.0645354
0.045444395
0.049842604
0.049060322
0.047466084
0.04906093
0.048626598
0.05301677
0.058930255
0.05783031
0.061424516
0.0652148
0.087750964
0.7755057
0.870085
0.80740345
0.9129291
0.9145067
0.8133662
0.89470756
0.08029584
0.055247713
0.047745474
0.042783525
0.046723686
0.05242839
0.06508213
0.05382906
0.06346676
0.10371516
0.8661215
0.12662528
0.11110916
0.10072727
0.10526985
0.91708344
0.8997761
0.0930984
0.046588663
0.046942182
0.066169135
0.16017176
0.92566156
0.9093284
0.92127806
0.9340147
0.948491
0.8735216
0.8783034
0.06216905
0.041935552
0.036612827
0.042641222
0.07769016
0.9298476
0.9285398
0.8491643
0.081548914
0.071430996
0.103915304
0.8712875
0.88587445
0.08184762
0.068238564
0.04307013
0.033505913
0.034778576
0.04849843
0.17034554
0.9581302
0.9650956
0.95903134
0.1289572
0.04339961
0.03365231
0.03431942
0.037345856
0.046668608
0.07869626
0.85036683
0.11515754
0.108348325
0.11643722
0.9232199
0.92661667
0.08480615
0.06806672
0.080373995
0.12440043
0.80543685
0.13755621
0.13313578
0.100024134
0.7792841
0.7764796
0.9008204
0.7722488
0.7672736
0.15735017
0.14923076
0.06616048
0.0718216
0.108010255
0.08101156
0.15286593
0.92909867
0.9419565

