0.79372376
0.112931356
0.06336222
0.04733337
0.052462567
0.061546456
0.05477931
0.054029573
0.11755933
0.85871464
0.932242
0.94025004
0.8608798
0.90371734
0.14674218
0.18222189
0.15024842
0.68485653
0.22615728
0.868004
0.901759
0.11579606
0.0988195
0.108185984
0.8767019
0.28326872
0.15175213
0.85727084
0.9299174
0.07088316
0.044211615
0.040174212
0.04010091
0.039909463
0.039194908
0.035623174
0.034582917
0.034050453
0.040950272
0.07406748
0.9455153
0.9609284
0.9692329
0.9639025
0.13084279
0.060672782
0.039704856
0.039650213
0.04284732
0.04922504
0.06696003
0.07206241
0.06602845
0.06422071
0.081142284
0.850533
0.9212305
0.08973285
0.05088012
0.044124503
0.04673001
0.0633343
0.77770835
0.7750791
0.8806764
0.7607572
0.20218194
0.6003735
0.1126832
0.11605142
0.122977205
0.78814834
0.67728764
0.7681278
0.9030372
0.9097539
0.79910356
0.8808448
0.1085272
0.08547971
0.08790285
0.10930746
0.07046795
0.077966265
0.145726
0.9092903
0.91451067
0.3026463
0.16218653
0.69981223
0.7538458
0.7666002
0.07959651
0.06681986
0.059958525
0.044475663
0.053907584
0.05434512
0.08364717
0.8859505
0.083941765
0.057628885
0.058596417
0.11391949
0.90723735
0.9437893
0.9380296
0.9550698
0.93924296
0.058180332
0.035637956
0.029303309
0.028975405
0.034585427
0.048605118
0.9327106
0.9592161
0.96331185
0.9523931
0.069065236
0.037364103
0.029928185
0.0289854
0.032612998
0.04311477
0.8300455
0.86331433
0.9419797
0.95045084
0.9130907
0.9303492
0.12785022
0.055720955
0.06908532
0.0774515
0.9038655
0.8956323
0.9527918
0.94950277
0.8528027
0.05627322
0.038223203
0.03670826
0.042134754
0.060847204
0.81628895
0.07114175
0.041497543
0.03575877
0.038553245
0.051309668
0.9213998
0.94501966
0.9591401
0.9224821
0.069137655
0.04821322
0.0534301
0.083564185
0.8860119
0.2854768
0.8821094
0.07648762
0.045488402
0.04067281
0.045450423
0.07482056
0.88504136
0.9275913
0.9396935
0.93256867
0.85294646
0.85349363
0.91814107
0.8784568
0.9351996
0.92507267
0.8062963
0.7428861
0.7819494
0.065293305
0.047723506
0.058126412
0.07439114
0.15246756
0.23049165
0.21739553
0.8883035
0.7885112
0.18234634
0.20008384
0.09009391
0.06063594
0.064350136
0.101258494
0.09577784
0.06933935
0.07894977
0.06562325
0.061884195
0.05317655
0.05552029
0.10451926
0.102508016
0.14412694
0.8995366
0.114519015
0.07584884
0.12534495
0.92502373
0.8943262
0.06933128
0.041155703
0.03543507
0.03414704
0.036290646
0.047632705
0.07385431
0.8955106
0.21175721
0.36742738
0.94977486
0.96362
0.95935196
0.9509409
0.054235067
0.034136206
0.030816868
0.03447704
0.037425533
0.037745044
0.038734816
0.041949186
0.041026276
0.03936822
0.046225913
0.072981946
0.9307149
0.9375867
0.8745447
0.10271001
0.08981734
0.059479225
0.054146368
0.06572584
0.14838377
0.20585379
0.9116975
0.12915778
0.0580695
0.05707721
0.048307244
0.044870693
0.048831582
0.05755642
0.7995689
0.85306895
0.914348
0.8748731
0.9093898
0.83286655
0.8380054
0.91481185
0.84607214
0.110983476
0.11179477
0.07396695
0.05418593
0.07929818
0.06576217
0.075488836
0.77591646
0.89599067
0.8051067
0.89502656
0.10395531
0.08128076
0.07539425
0.09580191
0.87632847
0.24509668
0.0658394
0.06781271
0.08334606
0.91766864
0.9099267
0.95413697
0.91490066
0.9403568
0.062453087
0.03836548
0.03423868
0.037475746
0.03916191
0.046874624
0.09627463
0.12794313
0.88591856
0.11320614
0.09096771
0.06618103
0.08063135
0.8457508
0.9201415
0.83597165
0.80914724
0.092004575
0.072127394
0.10270938
0.10646543
0.7557524
0.7598469
0.16995955
0.06296988
0.04725202
0.062156327
0.050987717
0.06622721
0.14239772
0.91671354
0.8576758
0.8830965
0.9459531
0.94308734
0.24011154
0.14783116
0.07313212
0.05563924
0.04450486
0.046949413
0.075843304
0.85761213
0.9335177
0.93097126
0.80015767
0.075293094
0.046892244
0.043461543
0.05287115
0.8734971
0.9409779
0.95015794
0.93641263
0.10275157
0.057027202
0.055059854
0.08452051
0.84646714
0.9187316
0.9209688
0.8077431
0.7238467
0.22214973
0.12554549
0.12493127
0.38957426
0.885951
0.1293853
0.09209424
0.06620458
0.06721281
0.07219477
0.06234921
0.07209274
0.078518584
0.07884005
0.116453744
0.110576935
0.07575163
0.08893862
0.8723279
0.8070759
0.8497054
0.93233067
0.9342668
0.83286536
0.8011624
0.7883387
0.06566113
0.04778052
0.06382029
0.08763762
0.07657722
0.05646061
0.047841065
0.047154333
0.05982302
0.7131405
0.16143668
0.25631234
0.92963314
0.9401212
0.2982537
0.05706959
0.04867288
0.048728324
0.053623818
0.83203894
0.8679368
0.90117
0.9504626
0.9460061
0.30933735
0.118163556
0.05699668
0.046202146
0.053859763
0.89593077
0.9421834
0.9456155
0.57994276
0.5878202
0.92206174
0.07387392
0.05993133
0.04673459
0.033076033
0.030107312
0.030876717
0.035573997
0.049767584
0.932814
0.96127933
0.96089023
0.94795066
0.8927094
0.052113544
0.034812767
0.032703735
0.033874318
0.037854202
0.04574902
0.07111065
0.81388336
0.2522924
0.8790768
0.18663268
0.16527095
0.8844406
0.88620925
0.939975
0.06622395
0.040347636
0.03719426
0.039962064
0.042219743
0.044025753
0.05830433
0.06334074
0.06473178
0.12791617
0.9301231
0.90877575
0.15779956
0.1273822
0.7385649
0.75418663
0.75091285
0.08981721
0.06321722
0.06399616
0.127677
0.404943
0.9029886
0.76463485
0.2835979
0.2636438
0.10121905
0.113579124
0.17219658
0.82838523

