0.8833872
0.8007458
0.15985186
0.10531201
0.13551289
0.12031319
0.13673884
0.5745171
0.15921302
0.13247004
0.118770316
0.6221099
0.1936597
0.12775996
0.101792715
0.1871683
0.29873934
0.8950449
0.9138109
0.39702055
0.34499508
0.09815205
0.14717251
0.09629881
0.06492949
0.05717516
0.10024702
0.1059177
0.07120578
0.08618422
0.10757215
0.9051258
0.24424599
0.07715399
0.092838384
0.11636697
0.84223336
0.10971248
0.05448242
0.055480585
0.07211519
0.1297937
0.89603645
0.099208854
0.07582269
0.075828426
0.116606764
0.91531205
0.9316756
0.95658755
0.9486879
0.1481291
0.08264083
0.06387258
0.07128907
0.8658799
0.9244359
0.25532758
0.13430765
0.09363082
0.07657875
0.14143082
0.9000271
0.08805605
0.053050883
0.05118916
0.06168239
0.0620357
0.07288981
0.09719476
0.7058464
0.2655415
0.47868022
0.18739118
0.19203627
0.488282
0.2226596
0.5204254
0.16911365
0.1261104
0.15459889
0.27589807
0.8603299
0.8819116
0.7111314
0.14184101
0.08750212
0.09697723
0.12823252
0.1708854
0.10304723
0.107899114
0.2012178
0.8861469
0.8962369
0.34068725
0.1902446
0.68578285
0.7478597
0.77420396
0.07901566
0.053338442
0.069245696
0.06238556
0.07495554
0.049988464
0.043521114
0.04203806
0.0373723
0.04128624
0.048505407
0.09047004
0.90302634
0.9457287
0.9368883
0.95647126
0.9416524
0.05911336
0.035289273
0.029320346
0.029098678
0.034867764
0.049669366
0.93212205
0.9593516
0.96328825
0.9507472
0.059238955
0.035013005
0.02966437
0.029140178
0.03320588
0.044911645
0.80840695
0.8367634
0.9283276
0.9400015
0.9001842
0.9412186
0.86460745
0.88670397
0.08054127
0.038918037
0.03456149
0.031902444
0.03145641
0.03512876
0.04069312
0.07575088
0.12710974
0.9474019
0.95278263
0.9582012
0.92364556
0.061345242
0.037892018
0.035187095
0.038973838
0.06616057
0.94153255
0.9555476
0.96156067
0.915091
0.053148136
0.036549143
0.034110434
0.04005168
0.06786569
0.9338324
0.94550997
0.16934025
0.061678972
0.053394064
0.044323407
0.05132801
0.18478362
0.95067805
0.95137465
0.08210228
0.042463977
0.03911191
0.04012007
0.041856613
0.046382234
0.05765931
0.10444421
0.8399262
0.09296175
0.055754986
0.05134373
0.050912227
0.050604172
0.06137449
0.11507909
0.9166402
0.83341277
0.15107112
0.1485853
0.06599529
0.050999485
0.052586082
0.066958226
0.06770383
0.059860576
0.072875924
0.087395035
0.06333091
0.07189062
0.078308605
0.12690859
0.08114371
0.07129033
0.07595273
0.050483853
0.05418328
0.091748364
0.92624724
0.8857145
0.08335808
0.050932545
0.048467252
0.062213305
0.75973135
0.112534866
0.112708084
0.86809766
0.23828158
0.40606633
0.94141674
0.9588372
0.95338917
0.942756
0.06297092
0.044193015
0.048639774
0.08272995
0.9004599
0.07621484
0.047970075
0.05043071
0.049087342
0.043977007
0.043612514
0.04668604
0.06340386
0.12184051
0.8288216
0.84290135
0.20483923
0.09609358
0.06935968
0.11847049
0.12452711
0.7898395
0.9207275
0.10482944
0.0491714
0.04483653
0.03991305
0.038433313
0.0420373
0.052323285
0.82551455
0.8713179
0.9236243
0.8870206
0.9188529
0.84768623
0.8526717
0.9217755
0.85241175
0.1007663
0.1000698
0.066298336
0.04809424
0.068835825
0.059215978
0.06922743
0.8017029
0.9057886
0.81709766
0.905946
0.09145436
0.06445929
0.06223308
0.08599303
0.88436526
0.22487876
0.059600208
0.059196055
0.07878556
0.9266215
0.92951035
0.9593039
0.928303
0.9434766
0.058897454
0.03655932
0.032493457
0.034804214
0.036605336
0.042462606
0.072133236
0.12042265
0.8994494
0.09415535
0.061689887
0.052717697
0.06837186
0.86424094
0.92812675
0.83992743
0.8202754
0.08661966
0.06597008
0.094604746
0.1006375
0.7731725
0.7804892
0.15179807
0.053979103
0.042328138
0.054028854
0.04549592
0.06000879
0.1385384
0.92493933
0.86704093
0.88481015
0.948366
0.9431588
0.21479814
0.1513997
0.07265885
0.0557876
0.04413125
0.045685787
0.07499668
0.86215705
0.93415195
0.92736316
0.78920513
0.07104672
0.044953104
0.043522272
0.05427957
0.88677466
0.9442845
0.9518193
0.9351155
0.08490914
0.051556055
0.052841567
0.085050665
0.8453178
0.91301936
0.90743023
0.75705767
0.7133595
0.832271
0.72308046
0.71886265
0.8575334
0.36366758
0.09335146
0.08450791
0.06991615
0.09196974
0.67646325
0.12459585
0.13206334
0.16156407
0.2278433
0.83967865
0.8404352
0.66818243
0.63255966
0.75956047
0.674487
0.7183596
0.86707854
0.9121636
0.91437024
0.8540022
0.88887984
0.754268
0.6394901
0.18845676
0.14182867
0.120445214
0.14926761
0.2335246
0.17635942
0.16959813
0.22954047
0.48859873
0.831203
0.46226007
0.2502704
0.6090883
0.61829585
0.5979285
0.5433231
0.28188777
0.37444994
0.84874916
0.8803538
0.14560755
0.1367974
0.0661296
0.051897638
0.056626484
0.8524704
0.9245196
0.94913363
0.9568869
0.9581605
0.9527066
0.883987
0.11973713
0.047763176
0.034206275
0.030478422
0.031425055
0.03698692
0.0546749
0.90038335
0.9199423
0.92038554
0.06591863
0.040622443
0.037271064
0.036995847
0.04769056
0.06037394
0.07029591
0.86068314
0.8684451
0.9318483
0.8687022
0.8483513
0.84856987
0.8394328
0.90862346
0.08228214
0.058338832
0.09532463
0.09802893
0.106349096
0.8618447
0.14364652
0.14443369
0.10762619
0.16974244
0.40254807
0.9046623
0.12580964
0.051782437
0.043278944
0.04094224
0.041856814
0.051152352
0.06363717
0.07772632
0.81659013
0.9251029
0.93203217
0.8774884
0.89139605
0.92234236
0.835915
0.79383075
0.8077717
0.8257762

