0.37375128
0.17013198
0.13811529
0.21825743
0.2568465
0.28562963
0.5304082
0.30052927
0.18189241
0.23315518
0.16679789
0.24512458
0.2628591
0.26898465
0.2642448
0.25899488
0.25659803
0.26723292
0.43141654
0.48399895
0.50028574
0.29475552
0.20963271
0.4088145
0.29166758
0.4659539
0.30414453
0.27524537
0.20043162
0.23951627
0.23253211
0.17360954
0.20050056
0.12705626
0.12821001
0.22083122
0.26983744
0.3222885
0.7451175
0.59311116
0.1682422
0.1411142
0.19860782
0.21180816
0.4929383
0.5574217
0.20030503
0.11091786
0.11578765
0.08666997
0.1315844
0.104018666
0.09510246
0.094744995
0.71129745
0.20200177
0.12950161
0.23669416
0.73764724
0.7676622
0.79138416
0.82645816
0.091386326
0.0481648
0.04511095
0.043009926
0.04442205
0.042853292
0.04266711
0.046403963
0.0625661
0.07351017
0.8737778
0.8525455
0.8769279
0.8944299
0.07816659
0.046160724
0.039134186
0.04048539
0.04866573
0.0788107
0.8860285
0.8049256
0.8339266
0.10520971
0.053240314
0.043278795
0.04437273
0.049915336
0.074357785
0.80408084
0.8138121
0.13808881
0.11739885
0.7917115
0.07594698
0.04602603
0.039018538
0.036462065
0.036594827
0.04161844
0.057194177
0.89789844
0.91627717
0.112067714
0.08617804
0.24215265
0.9286917
0.9532118
0.9601101
0.95498717
0.91375726
0.06868367
0.055947892
0.0718606
0.8067878
0.8166907
0.86502814
0.0722802
0.048112445
0.042349834
0.049391013
0.09139659
0.82068217
0.78406596
0.11210878
0.10094531
0.6703245
0.14071947
0.19330049
0.8282156
0.91716635
0.0808938
0.048633847
0.041621618
0.04506772
0.051520173
0.07685975
0.76432806
0.87058663
0.8701976
0.4635283
0.18980138
0.1310129
0.1370538
0.47465295
0.6221055
0.83845115
0.8406863
0.6550049
0.27310756
0.24000251
0.7776944
0.33102334
0.15308386
0.18265666
0.12496586
0.11606111
0.1404411
0.08882463
0.10490668
0.07801228
0.08802042
0.20116816
0.09951107
0.13183133
0.6721506
0.70060146
0.7353795
0.7421393
0.73051894
0.7034595
0.66533786
0.6243688
0.5946868
0.5926209
0.5870509
0.18483958
0.13886741
0.21066427
0.8034465
0.74323815
0.7173281
0.6906743
0.6623218
0.6365353
0.6200348
0.6227495
0.70873314
0.86092794
0.81370896
0.7986758
0.798342
0.829772
0.11227896
0.047150183
0.039242394
0.03931552
0.03898545
0.039514564
0.040493045
0.042307448
0.04599558
0.06214053
0.80546826
0.10652019
0.15099055
0.18278682
0.89024043
0.8972069
0.91340435
0.92176926
0.937161
0.914109
0.91319543
0.92781085
0.8955567
0.8831633
0.8895057
0.9162946
0.8835348
0.86801124
0.8563162
0.84725046
0.850309
0.8461351
0.85392135
0.8707255
0.8605613
0.8447291
0.8972853
0.064587645
0.039643582
0.033924825
0.033978544
0.04002105
0.058969922
0.91907024
0.9121795
0.91956615
0.06585029
0.03913449
0.03618635
0.03418275
0.03418411
0.03314031
0.03251932
0.032700434
0.036525764
0.05211682
0.9180357
0.8996025
0.9476089
0.9450928
0.96312237
0.96374774
0.9599195
0.94478714
0.05690157
0.03602691
0.033130985
0.035824273
0.04407116
0.053316116
0.083104074
0.79570043
0.08960039
0.057699002
0.05643585
0.048962675
0.0524639
0.06564952
0.11152446
0.886577
0.10609709
0.06215967
0.05449746
0.056428473
0.07165534
0.11147746
0.8722822
0.21931908
0.26546773
0.08081565
0.0763254
0.15487702
0.11954307
0.1569891
0.8507437
0.7059087
0.111624256
0.06230056
0.0663939
0.075800836
0.08813775
0.26936072
0.89163893
0.91611063
0.93184483
0.93238217
0.91245115
0.881603
0.1298754
0.0795566
0.090483434
0.8290699
0.93367064
0.93246084
0.8085408
0.07990532
0.053219955
0.043337952
0.052971955
0.053471126
0.076844916
0.100159384
0.7491732
0.39121813
0.19768217
0.25226507
0.12055791
0.090849295
0.109877445
0.2963286
0.69933295
0.7963692
0.19873117
0.12346509
0.16673599
0.29654774
0.55657625
0.22422735
0.27509832
0.19601344
0.22474012
0.67217714
0.51544815
0.48053482
0.5475615
0.7998067
0.81081384
0.27435184
0.2009445
0.18681896
0.61791605
0.7173734
0.8957378
0.935819
0.9423175
0.9187022
0.5123243
0.4261452
0.36526468
0.2562339
0.13560894
0.15960276
0.108186446
0.12269773
0.21858191
0.15624563
0.37632775
0.377716
0.19078752
0.3089147
0.24371257
0.5667138
0.4089229
0.60550517
0.19306035
0.24440484
0.119170755
0.11107895
0.12944676
0.8655304
0.08005855
0.0476082
0.03767464
0.040498108
0.039304405
0.049825244
0.88754404
0.9234927
0.9559201
0.92940027
0.13413757
0.042220052
0.033882547
0.035393175
0.0443668
0.8817615
0.9084488
0.9424968
0.9612727
0.9632253
0.96152735
0.9157681
0.85181427
0.048018612
0.033039566
0.031216906
0.034765273
0.037494343
0.039338615
0.040213495
0.040300243
0.039143823
0.037392113
0.03674002
0.037346013
0.04631864
0.1215768
0.9227871
0.8580664
0.9423508
0.89062613
0.92592996
0.50529623
0.33462802
0.23168118
0.14568475
0.22052738
0.24956067
0.23539235
0.1566082
0.2190899
0.1988635
0.41430464
0.8389843
0.70346767
0.51161623
0.42475396
0.30856895
0.14845273
0.11510251
0.1569209
0.7708732
0.11841125
0.08655205
0.09193009
0.7468767
0.899684
0.9300768
0.92914003
0.8883891
0.2217341
0.16473128
0.20196132
0.84683424
0.89479446
0.9071274
0.8619316
0.92396814
0.9323333
0.92932427
0.90363276
0.7542818
0.07741431
0.067353375
0.08032993
0.7702876
0.12562352
0.07296912
0.092353985
0.8899954
0.81791085
0.76468426
0.74401337
0.7319937
0.79579306
0.7815007
0.8342531
0.084606625
0.06788604
0.09388416
0.7780871
0.08199732
0.06504034
0.077970065
0.75191027
0.8156141
0.85533357

