0.88500255
0.8238766
0.16078822
0.12284465
0.17119603
0.15745449
0.15915617
0.17646122
0.64223903
0.67817754
0.74227613
0.8059551
0.8733531
0.7785266
0.7579973
0.8429697
0.15852374
0.17622726
0.16712353
0.12710701
0.10190839
0.16924632
0.5908046
0.60735935
0.4920768
0.27962717
0.42508906
0.42323104
0.299351
0.23250675
0.16082774
0.16561529
0.28708464
0.3435633
0.20972429
0.5031896
0.25823724
0.30982
0.42840108
0.7384951
0.5401572
0.33000273
0.29734218
0.29759827
0.50299805
0.76362276
0.41647133
0.18778783
0.14802216
0.28084725
0.2682493
0.1334109
0.12130455
0.1610446
0.60649985
0.38127103
0.42420638
0.43696108
0.6301156
0.66626984
0.32288408
0.19636129
0.101080604
0.09600016
0.14990547
0.6957696
0.70566815
0.7400766
0.82284164
0.9121661
0.8578432
0.094674036
0.05015443
0.048472136
0.07718453
0.12807101
0.7448139
0.86491406
0.24452704
0.29063714
0.16365652
0.1316715
0.112695344
0.10644364
0.10933272
0.7522177
0.7783463
0.8293311
0.08747298
0.048555627
0.045956694
0.048850354
0.077046864
0.15872748
0.8732457
0.10872328
0.05344409
0.043641616
0.054717
0.054979436
0.049140014
0.08245362
0.9379233
0.90686774
0.94648504
0.069698766
0.0413887
0.037334632
0.041690078
0.055052176
0.117978446
0.9101527
0.13202222
0.05096252
0.037297934
0.03869993
0.049042027
0.90716475
0.9397209
0.9532873
0.92429304
0.093534596
0.05865243
0.063989855
0.8942596
0.9346322
0.9484318
0.9341239
0.8981933
0.070774995
0.05933411
0.08375451
0.82464296
0.06826819
0.044385895
0.04147121
0.05312585
0.12762119
0.94085324
0.8907309
0.07369909
0.04526976
0.041997425
0.042503987
0.0429672
0.043026637
0.04238968
0.041532014
0.040356006
0.039058562
0.038327247
0.041825954
0.06538117
0.8579519
0.866829
0.89060163
0.89121145
0.88332134
0.8657186
0.84699297
0.8189293
0.8137547
0.83142734
0.84298784
0.8663941
0.8853386
0.9019198
0.91571844
0.9205079
0.9414678
0.10702544
0.057017904
0.037304617
0.035555214
0.041666485
0.06028585
0.8157532
0.8306705
0.8173931
0.14880882
0.21518986
0.20337826
0.19618143
0.18131948
0.14308444
0.13696149
0.8631183
0.84664124
0.9136714
0.8908935
0.6952769
0.53258514
0.13895085
0.1576493
0.15546295
0.8755789
0.92551255
0.9400132
0.9345888
0.903374
0.23055631
0.26368898
0.22631867
0.8256242
0.70723814
0.11053073
0.08132767
0.0784013
0.18373242
0.26136407
0.1415965
0.7635589
0.26377985
0.098805085
0.08068942
0.14847375
0.7760137
0.76202047
0.75621575
0.76242787
0.77130103
0.8260834
0.22243066
0.11880415
0.047196664
0.03746163
0.03511557
0.03645804
0.04186759
0.06566882
0.88967794
0.9025602
0.9507053
0.8854319
0.89418656
0.07547932
0.044868927
0.03987068
0.04654757
0.07265197
0.8576316
0.07553291
0.04400452
0.042564217
0.05156143
0.055305332
0.8984893
0.900877
0.91490686
0.9137804
0.91912687
0.9257529
0.8985129
0.8896352
0.05786317
0.038596567
0.03506104
0.03914327
0.055540085
0.87838286
0.88372904
0.9003682
0.90833175
0.12116012
0.06103192
0.03970142
0.043733325
0.05171001
0.8578599
0.8843117
0.9267419
0.9570152
0.9338658
0.9129468
0.9126723
0.07722829
0.03890459
0.035169613
0.03693982
0.04056755
0.045894668
0.051824618
0.055643853
0.05607406
0.05531738
0.062213767
0.11331663
0.8065216
0.12317014
0.09158752
0.08099372
0.0676851
0.0661038
0.10827644
0.7619551
0.7141735
0.7154261
0.11360888
0.08670431
0.08824607
0.69750154
0.77770704
0.8186778
0.861814
0.91994715
0.90794605
0.14845411
0.09374638
0.108922616
0.59016544
0.6905722
0.7542157
0.78614056
0.7907556
0.7786919
0.75635386
0.7729527
0.8091173
0.8507124
0.89336383
0.83512
0.7923547
0.8042627
0.8410656
0.876096
0.9246282
0.84264636
0.06687741
0.041196782
0.040360212
0.04486155
0.055363886
0.081067115
0.88153696
0.8425004
0.8843682
0.9137553
0.9532681
0.899665
0.060984213
0.03695837
0.03269115
0.03443527
0.035211183
0.035236366
0.034458097
0.0339279
0.03305011
0.03457425
0.042922996
0.11019443
0.9558802
0.9673701
0.97050697
0.96421045
0.1322556
0.038569987
0.03227033
0.033071615
0.03396582
0.03427118
0.03499539
0.03747235
0.036505938
0.035276018
0.05392891
0.08508511
0.9186047
0.9504922
0.9625117
0.9572922
0.96283066
0.9514135
0.07736125
0.038997553
0.03441066
0.03496423
0.037527088
0.040853538
0.049920104
0.071044095
0.12096645
0.8272666
0.1036631
0.06297088
0.07420113
0.08924309
0.08396341
0.06572483
0.0615718
0.09957059
0.81066567
0.7657924
0.39078334
0.39588416
0.31249192
0.15190145
0.113411896
0.10981385
0.6605131
0.14548792
0.12694521
0.111516
0.084085494
0.09662191
0.24345084
0.56714946
0.9043517
0.9225334
0.9006072
0.7093186
0.5431272
0.16883166
0.2412697
0.24982686
0.7776093
0.88699305
0.82911634
0.8158992
0.81497
0.8049326
0.31846234
0.13002557
0.09379216
0.110771894
0.07200925
0.052306216
0.044102814
0.05270075
0.14989975
0.88311595
0.32375494
0.83865273
0.9150924
0.8862512
0.87498957
0.8677691
0.863399
0.8597898
0.8629318
0.85727215
0.8212557
0.20178825
0.75726354
0.07315137
0.044769764
0.039535962
0.042925227
0.086267784
0.13266721
0.9011113
0.8277177
0.87209415
0.9433953
0.9403352
0.82538784
0.8055441
0.07767654
0.056998707
0.05678224
0.07679399
0.088086784
0.8681616
0.09619729
0.04904963
0.042445187
0.043047007
0.037387025
0.03502816
0.034960613
0.046253
0.11220529
0.94561166
0.9627418
0.9618211
0.9531139
0.9412512
0.07047698
0.04474318
0.035524044
0.044923164
0.052877713
0.049955364
0.04947813
0.04551916
0.04640964
0.04792858
0.05942596
0.08761917
0.09851478
0.08168713
0.77314144
0.78608894
0.78699964
0.81352484
0.8403395
0.8758948
0.9461259
0.94725543
0.8629734
0.074996635
0.04167209
0.035584874
0.035418697
0.04194333
0.0413609
0.04142568
0.042117894
0.043724265
0.075241596
0.9413805
0.949285
0.9571405
0.07239906
0.03980425
0.03676664
0.036720615
0.039445095
0.03760441
0.0356977
0.035871994
0.041648302
0.08970778
0.83435327
0.92319816
0.93846023
0.89668536
0.94901365
0.9402185
0.8520735
0.07432463
0.04094084
0.03741465
0.048328023
0.07359664
0.06001788
0.063198276
0.08320569
0.80290765
0.24897301
0.83865815
0.5701919
0.935764
0.9230683
0.09360218
0.04370471
0.03550116
0.035834037
0.0350635
0.035375737
0.03549954
0.035282843
0.042217344
0.0839615
0.9538423
0.96465665
0.9496356
0.06607852
0.03841041
0.035914194
0.036710147
0.037292648
0.03838673
0.04137596
0.049536902
0.07719049
0.11635516
0.9018237
0.78186196
0.30999267
0.80792385
0.61517894
0.91852754
0.33505982
0.14816622
0.08533015
0.049281374
0.043389462
0.046815775
0.06545235
0.19095016
0.9274059
0.18168223
0.061432075
0.053713683
0.04554647
0.042715956
0.045534126
0.04380077
0.0553443
0.1232645
0.2680719
0.9509283
0.95070595
0.084379084
0.0416726
0.033222012
0.030710718
0.02988453
0.030062264
0.03477573
0.05127012
0.91753274
0.9383357
0.95746624
0.9671458
0.95799977
0.94755214
0.08867894
0.036702197
0.03171563
0.031642586
0.03361184
0.036449272
0.049501058
0.10400495
0.9235544
0.8485782
0.20139587
0.20375724
0.8555558
0.121684894
0.050886475
0.049298108
0.049195237
0.045153975
0.05968031
0.06163381
0.11308892
0.8316946
0.8565947
0.9393963
0.87959343
0.16148363
0.14352912
0.046775583
0.041470908
0.04568546
0.04372259
0.04325452
0.043557707
0.042766076
0.04185861
0.040418535
0.03611236
0.034737382
0.03478811
0.051881846
0.09602468
0.9392944
0.952961
0.9653337
0.96786344
0.9597896
0.093156636
0.040084943
0.03217379
0.035112973
0.035499588
0.038349003
0.041373577
0.040084712
0.056736708
0.08935082
0.92504597
0.8649834
0.9370071
0.08183382
0.04932257
0.042288277
0.04304257
0.047075193
0.05221274
0.06656104
0.09375056
0.14228058
0.92329705
0.34619296
0.071891375
0.08390309
0.053136148
0.048520964
0.062273003
0.12736347
0.93983173
0.88708854
0.07194976
0.046581093
0.04226134
0.04171797
0.042213835
0.04223859
0.041863423
0.044286035
0.05124518
0.07604442
0.88834816
0.10204881
0.052262448
0.06254354
0.115531586
0.24914502
0.9566982
0.96457803
0.9615681
0.17330965
0.049623813
0.042066135
0.048374668
0.08019589
0.8543963
0.08291877
0.050987765
0.043886326
0.04307427
0.04949694
0.07108183
0.86046493
0.8664473
0.8924541
0.08886123
0.06636685
0.05750965
0.050578356
0.0646632
0.06257391
0.04979778
0.05761115
0.05405402
0.057354487
0.085940845
0.7631886
0.13477898
0.221871
0.3531439
0.895868
0.85472995
0.8415578
0.83408815
0.8923562
0.8416311
0.90364707
0.86456895
0.92594826
0.9205547
0.78474665
0.13010173
0.16592523
0.8848448
0.07009649
0.04312899
0.039385516
0.040860485
0.042295773
0.041601647
0.047095217
0.050954923
0.0688536
0.8333972
0.87843317
0.07990772
0.044743445
0.035694968
0.034072444
0.039440148
0.05612843
0.9233237
0.9464848
0.95871097
0.94834614
0.12176672
0.048635792
0.047693122
0.085197404
0.92497987
0.94557464
0.957496
0.9451227
0.08706917
0.049562003
0.054603226
0.13423598
0.9317615
0.896951
0.06546456
0.050771847
0.04735046
0.045766514
0.061572038
0.13536718
0.9401389
0.8864048
0.0729718
0.05076292
0.04461703
0.045235563
0.053265423
0.05015615
0.047205128
0.05549046
0.09749274
0.89391637
0.09361084
0.059022356
0.06327915
0.055781774
0.09371422
0.8758236
0.18819648
0.32658187
0.92370874
0.8614846
0.86019844
0.21176094
0.06282835
0.04734554
0.05631694
0.08883203
0.7955911
0.7093867
0.7025086
0.666149
0.21730512
0.16209385
0.14700703
0.2974362
0.92590576
0.9407228

