0.8824412
0.8692263
0.8004878
0.7577462
0.8581765
0.42084697
0.12997228
0.1235419
0.119420715
0.6408813
0.7061284
0.13699105
0.081497446
0.09561501
0.095949665
0.085007854
0.19523102
0.0982316
0.07405701
0.05782721
0.07116618
0.1911795
0.90550137
0.90602136
0.24553113
0.35627082
0.18829417
0.84064364
0.18553714
0.115732506
0.11740953
0.8749535
0.89690876
0.12238373
0.09954347
0.09746447
0.7381066
0.2548065
0.742371
0.11766113
0.119032174
0.84054077
0.93250674
0.10203596
0.047697898
0.041048907
0.035834562
0.034342952
0.033664286
0.034223504
0.04010954
0.057732392
0.9324401
0.94902194
0.9474984
0.93393457
0.05863215
0.0375107
0.03266471
0.033563603
0.044021923
0.073562905
0.8980917
0.9307996
0.88414234
0.12104644
0.077126466
0.122036405
0.7404148
0.10483205
0.10934644
0.6896657
0.22856854
0.709563
0.13397497
0.15160342
0.1122936
0.5192204
0.43374673
0.43724507
0.44610932
0.5156433
0.7185272
0.62111425
0.71401566
0.8819359
0.89792323
0.775731
0.118611194
0.06964785
0.06467513
0.10332686
0.14402765
0.10502179
0.13527872
0.88224614
0.89626354
0.3354905
0.18586639
0.6903157
0.74977726
0.7659197
0.08698025
0.07663853
0.05862579
0.057503793
0.07255462
0.10545218
0.056633797
0.047468252
0.040115584
0.036707006
0.03581978
0.040923715
0.06436303
0.9305073
0.9105866
0.9558427
0.9475145
0.06776529
0.03848047
0.031898577
0.031046705
0.03529859
0.04986677
0.93125933
0.959173
0.9629875
0.95178515
0.06545516
0.036719512
0.031362686
0.02991136
0.033543948
0.045462135
0.8175452
0.84582496
0.93492717
0.94373846
0.88507235
0.9144457
0.084037215
0.058678843
0.06682201
0.8482583
0.9269313
0.9191346
0.9440068
0.82692856
0.8680575
0.05873788
0.035851553
0.030303402
0.030987265
0.037843954
0.045231353
0.8724678
0.8584065
0.8927887
0.94911695
0.9477489
0.96043694
0.956751
0.93974084
0.055084098
0.03361246
0.028979508
0.0287498
0.03283062
0.04399868
0.86032486
0.9324488
0.9019821
0.8984463
0.87095815
0.8438979
0.080046944
0.067283705
0.09636224
0.8805737
0.08177398
0.05568611
0.06728363
0.11044529
0.89893657
0.09084013
0.0554725
0.05225698
0.076658376
0.14139576
0.09590751
0.07193464
0.1399983
0.14913079
0.88941914
0.7635939
0.24017498
0.3383603
0.7548821
0.097426854
0.08014439
0.14512165
0.26760852
0.117500216
0.09446595
0.089568205
0.056344263
0.056003742
0.060478047
0.10169832
0.10577127
0.14765827
0.89588314
0.119449735
0.07649724
0.1301008
0.9240336
0.89775234
0.07372876
0.044586483
0.03454743
0.031533796
0.030585514
0.030570062
0.034325685
0.045416024
0.91426456
0.93772703
0.9639931
0.9657858
0.95135057
0.9028311
0.8853368
0.052048586
0.035160545
0.032793947
0.036393773
0.037445664
0.038843635
0.04052712
0.041214786
0.04032464
0.044469118
0.06166613
0.8539813
0.9299077
0.86282134
0.10257206
0.09046647
0.05400098
0.043015283
0.047069546
0.078121625
0.8431901
0.9386272
0.35315755
0.05570419
0.042880047
0.03650314
0.035013348
0.038762208
0.04936422
0.8447731
0.88721603
0.9319718
0.8906797
0.9229571
0.840843
0.84395653
0.92072564
0.8391982
0.10174198
0.103400104
0.06839454
0.050395824
0.07462632
0.068532914
0.10252517
0.82135946
0.90392196
0.80072826
0.8968048
0.08604767
0.059967607
0.05830827
0.08287032
0.8872275
0.22371559
0.058899675
0.05836559
0.079702355
0.9298948
0.93546724
0.96073866
0.93069786
0.94467986
0.057533927
0.036032457
0.032097947
0.03438439
0.036188833
0.041920085
0.07000689
0.11578019
0.8984233
0.09049868
0.059214838
0.051533118
0.06743433
0.8712813
0.9300882
0.83479476
0.8201994
0.08845452
0.06934046
0.10175121
0.10659376
0.7805392
0.7560371
0.8789202
0.1364596
0.08284394
0.15029569
0.09131982
0.092287295
0.100474946
0.5723581
0.15858342
0.19249468
0.85941
0.8843396
0.8010575
0.87538683
0.72250575
0.11387741
0.07354279
0.07161375
0.14127335
0.8720818
0.94063085
0.94219965
0.09376628
0.042248588
0.03492824
0.03803721
0.050191548
0.92746466
0.95958066
0.96428704
0.95173323
0.06417658
0.04001891
0.038755566
0.04922275
0.10174068
0.913751
0.11032728
0.051079962
0.0455578
0.05336662
0.05119339
0.06006385
0.11143804
0.91219586
0.17389256
0.06697309
0.049739722
0.049209684
0.05915154
0.085140206
0.8107165
0.7713823
0.13171296
0.09517256
0.082851894
0.08988043
0.08778593
0.14560859
0.16406852
0.123331495
0.25542277
0.89607424
0.7973816
0.77223235
0.13256481
0.08173335
0.09887548
0.10420108
0.10107599
0.5824305
0.66379845
0.81736594
0.69401
0.6425515
0.6564339
0.75340885
0.90269643
0.92133045
0.90344304
0.11435539
0.07759433
0.124963716
0.09403941
0.770822
0.831616
0.8897662
0.94222707
0.9386823
0.08494489
0.047330834
0.040251765
0.042228963
0.05678957
0.8370667
0.9006819
0.3192515
0.8603326
0.9399444
0.108029805
0.041554652
0.033974424
0.03339801
0.033322122
0.034009404
0.033934828
0.035597265
0.04733954
0.058514036
0.064335845
0.9246651
0.94384104
0.96273094
0.96629053
0.96277297
0.9606853
0.9089065
0.048051365
0.03275994
0.02990687
0.03249079
0.034014996
0.035350047
0.035836793
0.036631558
0.03820835
0.04499428
0.06539515
0.86579305
0.8912445
0.25691202
0.8285557
0.8606974
0.8859399
0.92936695
0.07831429
0.054239433
0.08117949
0.09930832
0.091899104
0.85382986
0.16040714
0.21297102
0.28248155
0.8487237
0.9180991
0.28373948
0.10306398
0.104579486
0.88293797
0.80248994
0.7477449
0.76391953
0.09908426
0.08225713
0.209825
0.9341013
0.9428338
0.84424573
0.1225932
0.07834252
0.04739554
0.05168723
0.061319124
0.069780685
0.0975963
0.84583265

