0.4109867
0.0774122
0.047790274
0.04523712
0.05178569
0.046247058
0.056286376
0.06667974
0.0778804
0.812572
0.36423546
0.4618552
0.8582446
0.9192377
0.86159766
0.8678221
0.91956323
0.84939224
0.3035194
0.3606365
0.90476036
0.15670076
0.10390715
0.06467705
0.04320504
0.0426287
0.04618836
0.057842847
0.104946606
0.18073995
0.8564664
0.7466891
0.43624178
0.26753792
0.13995163
0.17994075
0.5818273
0.14008409
0.18667465
0.16352108
0.8642243
0.4218513
0.16515677
0.09091529
0.102207705
0.064641684
0.099618755
0.17085597
0.9036821
0.9032089
0.79339594
0.8582878
0.6965705
0.73907244
0.11227307
0.092799895
0.080918975
0.25778413
0.9255181
0.17310041
0.086466745
0.05088295
0.054498933
0.0835517
0.8458417
0.0859564
0.055194274
0.04660939
0.04765603
0.056970786
0.07469111
0.8665451
0.88870835
0.108676665
0.07954674
0.12400608
0.89764667
0.077390164
0.04378985
0.036638893
0.034671333
0.03622863
0.049071345
0.16652687
0.95536846
0.9458821
0.94048613
0.06465661
0.040461052
0.035081573
0.035344068
0.041845508
0.060818683
0.16591188
0.9101928
0.11778842
0.07053553
0.10842833
0.85792214
0.84039587
0.81665856
0.11974754
0.104149595
0.8074944
0.8402946
0.8904095
0.9234168
0.93183017
0.94749403
0.1589156
0.05737887
0.053042088
0.0694573
0.7434168
0.09816385
0.093295924
0.70725197
0.086043626
0.08184989
0.12110611
0.85075104
0.8264568
0.9148756
0.18456942
0.11706421
0.18375486
0.3079444
0.89328176
0.776835
0.75342375
0.101405695
0.107138254
0.085656196
0.112424664
0.15163863
0.262841
0.13598509
0.095012434
0.086483315
0.109590374
0.6381748
0.13953161
0.14434536
0.26742887
0.33158013
0.10883841
0.092542015
0.11119193
0.11714983
0.12697145
0.17230532
0.16684344
0.7603617
0.8786413
0.84112215
0.8934715
0.8520683
0.8482024
0.8666844
0.90722215
0.8675373
0.85344535
0.8607479
0.89094085
0.82462597
0.8192275
0.84198594
0.88761765
0.94172144
0.9452987
0.9380393
0.095348366
0.043555383
0.03305666
0.031551197
0.035512395
0.04746316
0.08590768
0.86333734
0.07369046
0.042792488
0.04085048
0.049393184
0.8849812
0.9206156
0.9528188
0.9601802
0.9617936
0.96039253
0.9380413
0.88450664
0.05523099
0.041612696
0.04696796
0.08215329
0.8370603
0.07760061
0.047849
0.044386167
0.047464818
0.06291914
0.111893006
0.14418682
0.15308435
0.1372728
0.18641128
0.18822771
0.16480066
0.11539104
0.13842732
0.8037335
0.19999075
0.19358553
0.30209824
0.2505347
0.83115506
0.5159172
0.22287977
0.2964377
0.10477355
0.08988742
0.09947343
0.18093285
0.33540943
0.33030376
0.17134075
0.20284703
0.13039167
0.15111728
0.17958257
0.22695236
0.39015484
0.87444687
0.8920496
0.7992455
0.7922022
0.8708622
0.84749395
0.7036691
0.7182328
0.8276252
0.80906147
0.8762623
0.82849747
0.89143384
0.3348657
0.18378036
0.12437313
0.12369962
0.10454587
0.13208757
0.14934866
0.15983985
0.7637683
0.09729595
0.1008572
0.16139449
0.8945948
0.20827836
0.10678296
0.11449055
0.12230785
0.15483959
0.9204248
0.9055946
0.92296636
0.94773114
0.8859604
0.061587162
0.047433686
0.055870395
0.10566393
0.17609993
0.92017126
0.09321177
0.059127685
0.048559003
0.053989716
0.059132632
0.061216462
0.06084292
0.084973425
0.12091218
0.13386086
0.19515309
0.8545641
0.3850186
0.28970546
0.20951027
0.17018366
0.14168808
0.12262513
0.110557236
0.103912376
0.102612644
0.07579375
0.10658872
0.7758031
0.7679196
0.763844
0.7533036
0.7917585
0.121264964
0.13048285
0.8014801
0.07335069
0.04621492
0.042495474
0.046807393
0.067464404
0.85673654
0.8632317
0.21759282
0.1775467
0.11518434
0.08058518
0.103855774
0.8870995
0.08067103
0.04807454
0.047177576
0.052960027
0.044282887
0.044746026
0.03656517
0.03820826
0.046428107
0.9018868
0.93173474
0.9247007
0.93657154
0.94856876
0.9592889
0.96042246
0.9481595
0.94573295
0.060482185
0.041756332
0.033873312
0.031601653
0.031500064
0.032555643
0.03453514
0.041402586
0.06945887
0.8862049
0.8794828
0.9000038
0.09938747
0.048374306
0.044845585
0.05742137
0.12152644
0.9266041
0.92092144
0.38750687
0.9154398
0.9266346
0.07516992
0.04986341
0.049250033
0.067946605
0.8623751
0.2913676
0.19884044
0.89266443
0.8552275
0.9269828
0.8104021
0.24645634
0.13594352
0.13222861
0.1854461
0.17431383
0.123058096
0.18925753
0.23149642
0.24325323
0.19004793
0.3474051
0.81265336
0.4388847
0.4387877
0.41381297
0.36439607
0.23270169
0.37653723
0.8140048
0.6780201
0.1717443
0.18730767
0.18718383
0.22060798
0.12442264
0.120714106
0.16390055
0.80835086
0.7926747
0.9004852
0.8918428
0.77144045
0.85122555
0.1895418
0.16104874
0.85085326
0.09098113
0.075011946
0.1016751
0.057439703
0.048369553
0.04943822
0.0836056
0.8519166
0.22543144
0.35446972
0.9031088
0.11183843
0.054019924
0.060635433
0.07443715
0.9132893
0.91163826
0.9233927
0.92861044
0.9323312
0.9383584
0.94894475
0.8794389
0.057011686
0.043757074
0.048469484
0.07824107
0.88323796
0.14058194
0.12350718
0.7835007
0.077228196
0.049838834
0.04871944
0.06686077
0.10113035
0.82218546
0.12701122
0.06024071
0.062641494
0.1381282
0.93437934
0.9400648
0.12066332
0.056898333
0.043997787
0.039300174
0.04745111
0.04242632
0.04659721
0.07338803
0.08382499
0.9222359
0.9518206
0.9499879
0.96054745
0.9492235
0.076345205
0.056485917
0.07453223
0.07156195
0.05121601
0.04476114
0.07559416
0.106386885
0.14845765
0.8680451
0.9250953
0.82839847
0.76120317
0.7457134
0.7024002
0.14088073
0.08970448
0.12421543
0.7244373
0.1634271
0.12204352
0.09360736
0.13765767
0.8855375
0.9038779
0.8620293
0.9073729
0.84585345
0.86391413
0.9183988
0.9068374
0.9301374
0.91219985
0.9355791
0.91342026
0.91485584
0.9071588

