0.813408
0.8358872
0.84219486
0.71088374
0.6877381
0.8089616
0.76101047
0.7809341
0.89406025
0.90283614
0.7181756
0.12758018
0.10809383
0.20070814
0.88530093
0.11118697
0.0528586
0.048532847
0.054726698
0.07222895
0.8575017
0.73353654
0.15290856
0.11588258
0.79989475
0.8439659
0.92411536
0.9290989
0.87494266
0.9209013
0.86242294
0.9054493
0.80129725
0.14889416
0.15564854
0.89770675
0.9230841
0.083297215
0.05180133
0.042556092
0.048858408
0.06847825
0.7192615
0.6926035
0.12515576
0.11516387
0.132666
0.830736
0.24104343
0.16061068
0.30603367
0.09741308
0.086040944
0.076515935
0.0770351
0.09638703
0.14320526
0.10878955
0.11876704
0.90559304
0.93111783
0.8732393
0.9314984
0.094357565
0.052982096
0.056680806
0.04791382
0.052357946
0.080592036
0.7943606
0.7595158
0.7521324
0.82590586
0.17449321
0.07980351
0.0901346
0.7377648
0.11337405
0.07090389
0.092795685
0.1295581
0.8979151
0.11048991
0.06437916
0.05143294
0.04829737
0.04820678
0.043553766
0.041090127
0.046420813
0.081791185
0.21148823
0.9324976
0.88122034
0.8651339
0.8363855
0.8806233
0.09260603
0.067903474
0.048362467
0.046360884
0.058264337
0.1665707
0.9092511
0.09869435
0.061437234
0.07278341
0.102287695
0.7647377
0.09795438
0.06034266
0.054295424
0.059541646
0.12646556
0.1325214
0.11313345
0.8667729
0.09947877
0.054608088
0.054822028
0.08527775
0.9158905
0.9336776
0.9033539
0.93613577
0.8256686
0.7868973
0.057327423
0.037159517
0.03275188
0.03651839
0.048996605
0.92298245
0.9557059
0.9598646
0.94572425
0.064433426
0.038425103
0.033626985
0.03772065
0.055447035
0.88530785
0.8362343
0.89206773
0.9467956
0.94369906
0.84329224
0.82135737
0.061918754
0.044577703
0.04633394
0.06706582
0.90600187
0.86477214
0.93452555
0.8512766
0.06510858
0.042435255
0.040100195
0.048013058
0.08189487
0.8469389
0.07762591
0.043971397
0.036076207
0.0343699
0.037781637
0.05165378
0.9211784
0.9480424
0.9637336
0.9284542
0.059039216
0.037764493
0.03483018
0.03723283
0.04693674
0.099592395
0.89874065
0.099214055
0.04916263
0.043071937
0.053864405
0.117744535
0.92726547
0.9357451
0.92817646
0.19580351
0.1439276
0.7214546
0.7417586
0.74402094
0.74998206
0.118007965
0.10881881
0.72511816
0.12246162
0.14242403
0.08991887
0.06741777
0.06420531
0.07899136
0.13088907
0.88261867
0.7890972
0.11182415
0.06795346
0.06073194
0.06211931
0.12318663
0.104558595
0.1174468
0.78288734
0.10057623
0.06184512
0.04947163
0.044144463
0.04532149
0.065537795
0.08523279
0.13969523
0.9028564
0.11546169
0.0762709
0.1346562
0.92361504
0.8928137
0.07885802
0.049292892
0.04711471
0.05981321
0.78866476
0.073099285
0.054303866
0.061413776
0.9010954
0.9264539
0.9570753
0.9581454
0.92868495
0.8665235
0.84936255
0.07108875
0.062320936
0.09122095
0.8935716
0.07177306
0.0451199
0.047205437
0.043902226
0.04084592
0.045217946
0.06330974
0.8466102
0.91978896
0.8626808
0.09608809
0.07779048
0.052712437
0.046830405
0.052647986
0.07516289
0.8039097
0.9186349
0.124464706
0.057516962
0.04785046
0.049166497
0.065457
0.7115778
0.11071998
0.1336627
0.84959865
0.8988251
0.86803293
0.91251004
0.8425003
0.8478788
0.9161873
0.83130664
0.106615044
0.10042017
0.71013045
0.06448763
0.043441396
0.04024401
0.047378298
0.07715577
0.89439917
0.8115176
0.91828585
0.09021212
0.05709122
0.04678677
0.052248646
0.09389008
0.87756354
0.097393714
0.07596122
0.09825774
0.9218529
0.9235836
0.9578638
0.9270036
0.9431565
0.060673624
0.037776362
0.034364447
0.040484652
0.0386044
0.044847637
0.08384303
0.122109726
0.8919633
0.09948823
0.07054588
0.057168122
0.07221671
0.8640988
0.9260219
0.84361225
0.81943285
0.0921357
0.071903706
0.09833063
0.09936768
0.7145079
0.73039764
0.865151
0.7683986
0.73441494
0.8141662
0.6880542
0.58926654
0.63558525
0.73913044
0.65050906
0.6952863
0.8695298
0.9091101
0.8583759
0.90143555
0.77729774
0.093293175
0.055347547
0.05259539
0.07204379
0.9001951
0.9471598
0.94753975
0.085711345
0.04029214
0.03403446
0.036880504
0.04746266
0.91113967
0.94506717
0.9630868
0.9527624
0.06446833
0.04045076
0.038940318
0.04964238
0.10448611
0.9235034
0.14643015
0.05317328
0.046332866
0.050503682
0.049176298
0.04973119
0.05283492
0.068699665
0.064987116
0.05730877
0.05259242
0.051349256
0.05105458
0.05233432
0.051128462
0.055493955
0.06266624
0.060098503
0.054711558
0.08916414
0.088757545
0.8292021
0.91693896
0.8329598
0.8820337
0.13760056
0.046179984
0.03699663
0.0343372
0.034713328
0.03985058
0.058126684
0.9089459
0.9514685
0.90885264
0.06499178
0.039435986
0.0345069
0.035150126
0.040422764
0.0556851
0.1386768
0.94571114
0.9502816
0.9418142
0.09079896
0.068122275
0.06446104
0.07833388
0.77519345
0.12728414
0.07505374
0.048596278
0.037410624
0.034142226
0.03244736
0.031761065
0.034782078
0.044261824
0.88117516
0.9255957
0.9400926
0.91745836
0.9506307
0.9536216
0.9374977
0.95154065
0.9334445
0.054856475
0.03330891
0.028904088
0.028928228
0.033896957
0.049023792
0.91378134
0.9336962
0.9154702
0.9332194
0.0669288
0.03779367
0.03213346
0.03187032
0.037349023
0.053868998
0.8800433
0.9213603
0.8584697
0.8267802
0.753299
0.71875024
0.75002915
0.7926189
0.8185052
0.9144994
0.0723764
0.04273407
0.038311094
0.041109268
0.04677253
0.06291278
0.14493485
0.23174074
0.32000908
0.80810946
0.8859709
0.3751479
0.17699067
0.20028341
0.79804766
0.65374935
0.6114416
0.56919765
0.1434862
0.12628533
0.23427066
0.5489141
0.8251701
0.3836307
0.7003381
0.12262241
0.08624875
0.09897973
0.112270154
0.1162035
0.12847452
0.6877867
0.8428987
0.7366091
0.73443574
0.8338093
0.75330037
0.77583736
0.8801831
0.86171407
0.84340286

