0.8849902
0.82385534
0.16081472
0.122870624
0.17123961
0.15749964
0.15920424
0.17651227
0.6422021
0.6781686
0.7422539
0.80592114
0.87331426
0.77845526
0.7579136
0.8429093
0.15858175
0.17629798
0.16719921
0.1271584
0.1019448
0.16929436
0.59071594
0.6072937
0.4921036
0.27975434
0.42516264
0.42331693
0.2995457
0.23270555
0.16103299
0.16583692
0.28739333
0.34389034
0.21008308
0.50294423
0.25865844
0.31028694
0.42890176
0.73733634
0.54029566
0.33129743
0.29847685
0.29858056
0.5007094
0.75918156
0.418251
0.19057755
0.15166289
0.28623366
0.27401426
0.13701265
0.124637954
0.16541669
0.59366536
0.38865775
0.43136203
0.44451898
0.620423
0.65075487
0.33360243
0.20983967
0.10670672
0.100637734
0.15604678
0.6753058
0.692829
0.7268315
0.81249267
0.90827024
0.8509604
0.09980577
0.051921546
0.050420336
0.082928054
0.13417724
0.7293427
0.8554399
0.2567616
0.30864134
0.1777434
0.14200729
0.11972591
0.11118184
0.11204087
0.7355336
0.7595787
0.81188124
0.08651999
0.04867487
0.045692936
0.05367325
0.14069772
0.9250396
0.86850893
0.09746307
0.049010824
0.041363254
0.057344243
0.058187712
0.049103815
0.082475826
0.9367853
0.9044996
0.94591403
0.06862639
0.041191455
0.03718068
0.041879866
0.05549733
0.116881154
0.9089391
0.12980352
0.050472815
0.037210405
0.038662016
0.049021937
0.9070967
0.93970865
0.95332265
0.9243032
0.09349507
0.058657844
0.064011715
0.89431465
0.93471175
0.9484868
0.93420345
0.89825976
0.07074721
0.05933472
0.08383519
0.8247178
0.06830439
0.044423353
0.041560274
0.053307395
0.12858745
0.9410104
0.89166695
0.07426662
0.045533195
0.042306833
0.04297181
0.043942716
0.04434921
0.044119854
0.043649167
0.04279457
0.041377615
0.040693715
0.044336967
0.06776379
0.84162295
0.84264815
0.86521804
0.8633753
0.84074086
0.8080156
0.8271171
0.07964561
0.06267144
0.07129747
0.8948407
0.9316802
0.94890565
0.9416873
0.91715443
0.05638937
0.038523912
0.033043686
0.03534774
0.03603219
0.038165346
0.04409766
0.06316473
0.8191636
0.83717453
0.8310289
0.14077766
0.1924304
0.17777783
0.16772734
0.15627223
0.12917401
0.12282703
0.8717696
0.85409635
0.91939926
0.8985483
0.710087
0.5507851
0.14102507
0.16086146
0.1564222
0.87672204
0.9260824
0.94036216
0.9349476
0.90415686
0.22805513
0.26163256
0.2239431
0.826353
0.70878786
0.11060034
0.08142282
0.07853695
0.18475142
0.26301196
0.14189257
0.7630601
0.26420036
0.098970845
0.08078873
0.14863335
0.77545524
0.76190555
0.7562752
0.76261085
0.77150834
0.8261375
0.22252072
0.11878149
0.047183312
0.037452355
0.035107434
0.036447734
0.04185477
0.06563656
0.88970685
0.9026223
0.9507241
0.8854683
0.8941727
0.0754616
0.04486117
0.039865777
0.046543073
0.07264917
0.8576765
0.07553055
0.044002496
0.042563498
0.05156351
0.05530337
0.89848673
0.90088433
0.91491294
0.91378933
0.919144
0.9257514
0.89851964
0.8896339
0.05786459
0.03859625
0.035060532
0.039142337
0.055538733
0.87837285
0.8837243
0.90035623
0.9083155
0.12116512
0.06103772
0.039702393
0.043733485
0.051710315
0.8578815
0.88435084
0.9267542
0.9570149
0.93381846
0.9128312
0.9126061
0.07725067
0.03891158
0.03517626
0.036943723
0.040567968
0.04588554
0.05180525
0.05562816
0.056062948
0.05530057
0.06219726
0.11325805
0.80681145
0.12312258
0.091347724
0.08075279
0.06744124
0.065923326
0.10802129
0.76313466
0.71553946
0.7164729
0.113112785
0.08625515
0.0878512
0.69965994
0.7787093
0.8193952
0.8625199
0.9203743
0.90835685
0.14849949
0.09373788
0.10917844
0.59558845
0.696819
0.76106226
0.79242134
0.79547346
0.7776407
0.7418182
0.7375323
0.75990176
0.82161355
0.8841192
0.8322029
0.78937644
0.801431
0.83817935
0.87370485
0.9238602
0.8402673
0.06710531
0.04141509
0.040584352
0.04509492
0.05557799
0.08137035
0.88148093
0.8424284
0.88422287
0.9136385
0.953243
0.89960086
0.061008684
0.03697028
0.032700635
0.034442525
0.03521935
0.035242204
0.03446271
0.03393117
0.03305305
0.034577
0.04292509
0.11020764
0.95588124
0.967371
0.9705073
0.96421057
0.13225065
0.038569827
0.032270387
0.033072025
0.033966348
0.034271877
0.034996513
0.037474196
0.036508013
0.035278007
0.053934827
0.085092
0.9185928
0.9504863
0.96250564
0.9572744
0.9628251
0.95140606
0.07739575
0.03900996
0.034426045
0.03496877
0.037530564
0.04085816
0.049940184
0.07110081
0.121042356
0.82723844
0.103684574
0.062985994
0.07425426
0.08931937
0.08402079
0.065755226
0.06158793
0.099599816
0.810585
0.76569384
0.39088288
0.39600438
0.31263
0.15197326
0.11345836
0.10984787
0.66041917
0.14552078
0.12697777
0.11154411
0.08410742
0.09664785
0.2435297
0.56718576
0.9043407
0.9225268
0.90059525
0.70930016
0.5431042
0.16883409
0.24127208
0.24983183
0.77760434
0.88699114
0.82911545
0.8158988
0.8149711
0.8049338
0.31846732
0.13002709
0.09379304
0.11077242
0.07200936
0.052306253
0.04410277
0.052700806
0.14990002
0.8831164
0.32375666
0.8386538
0.9150933
0.88625246
0.87499076
0.86777
0.86340016
0.8597905
0.8629307
0.8572676
0.8212491
0.20178412
0.75726175
0.073150896
0.044769626
0.039535884
0.04292512
0.086267605
0.13266675
0.9011115
0.8277185
0.87209487
0.9433953
0.9403351
0.82538766
0.80554444
0.077676445
0.056998625
0.056782153
0.07679384
0.08808676
0.86816144
0.096197404
0.049049675
0.042445235
0.04304708
0.03738706
0.035028193
0.034960624
0.046253033
0.112205446
0.94561154
0.9627418
0.96182096
0.95311356
0.94125104
0.07047708
0.04474329
0.03552412
0.044923335
0.05287799
0.04995558
0.04947833
0.045519307
0.04640988
0.047928914
0.059426785
0.08762082
0.09851667
0.08168825
0.7731393
0.78608644
0.7869969
0.81352276
0.8403375
0.8758926
0.946124
0.94725406
0.86297524
0.07499803
0.04167287
0.03558546
0.0354192
0.041944463
0.041361902
0.04142659
0.04211868
0.04372464
0.075242385
0.9413791
0.9492829
0.95713997
0.07239938
0.03980471
0.036767144
0.03672139
0.039446376
0.037605528
0.03569873
0.035873137
0.041649777
0.089712724
0.8343451
0.9231922
0.93845487
0.8966777
0.94900775
0.94021326
0.8520726
0.07432888
0.040942643
0.037416235
0.04833212
0.07360431
0.060023207
0.06320226
0.08320946
0.80289525
0.2489688
0.83864987
0.5701933
0.9357597
0.9230663
0.09360718
0.04370629
0.03550186
0.03583482
0.035064064
0.03537634
0.035499994
0.035283208
0.04221758
0.08396213
0.9538408
0.96465534
0.9496346
0.066079594
0.03841093
0.035914622
0.03671072
0.037293613
0.038388155
0.041378625
0.04954204
0.077199996
0.11636389
0.9018042
0.7818444
0.31000495
0.80790657
0.6151962
0.9185175
0.33509555
0.14818351
0.085339904
0.04928835
0.043392986
0.046819452
0.065460585
0.19097756
0.92738867
0.18181406
0.061469227
0.053762347
0.045570113
0.042732086
0.045560002
0.04381683
0.05537335
0.12332177
0.26817304
0.95091844
0.9507026
0.08439762
0.041678835
0.033223763
0.03071226
0.029885765
0.030063517
0.034776118
0.051271837
0.91751117
0.9383094
0.9574515
0.9671419
0.95799285
0.947553
0.088729136
0.036708266
0.031723063
0.031648945
0.033622216
0.03646096
0.049527783
0.10406027
0.9234592
0.8483393
0.20176211
0.20412202
0.85541576
0.1220262
0.050964583
0.04943597
0.049366362
0.045280285
0.060017478
0.06184777
0.11343864
0.8307105
0.8558142
0.93903476
0.8788367
0.16446972
0.1474024
0.047223307
0.04163624
0.046048947
0.04384314
0.043305274
0.043617036
0.04283246
0.04196637
0.040562436
0.036173377
0.03480546
0.034834124
0.05195939
0.09567468
0.93880314
0.9524173
0.9651156
0.9677972
0.95976573
0.09382395
0.040192124
0.03217987
0.035099115
0.035402965
0.038213696
0.04112616
0.039601218
0.05555691
0.08501939
0.92297125
0.86644053
0.94224155
0.14446796
0.058617543
0.042942528
0.042419918
0.04629973
0.051406696
0.06524909
0.09181502
0.14045843
0.92348397
0.34118685
0.07095278
0.08156563
0.05259767
0.04826426
0.062064394
0.1271496
0.93998945
0.8876855
0.071953215
0.046560295
0.04223334
0.04169771
0.04219269
0.042220578
0.04185068
0.044268407
0.051236637
0.07605125
0.88837254
0.10186003
0.052225776
0.06244486
0.11533557
0.24876714
0.9566973
0.96457934
0.96157247
0.17329888
0.04963504
0.04207188
0.04837964
0.0802228
0.8546315
0.08292305
0.050978467
0.043879762
0.043069467
0.049491797
0.07108613
0.86049724
0.8665069
0.892561
0.088781774
0.06620263
0.05733816
0.050473142
0.06430932
0.062230185
0.049700767
0.05740487
0.05393159
0.057246976
0.085834675
0.76305807
0.13448064
0.22118503
0.35151112
0.89590657
0.8548864
0.8418346
0.8344034
0.8925823
0.8419007
0.90384996
0.8647795
0.9260647
0.9206377
0.7849597
0.1300457
0.16583742
0.8848723
0.070072316
0.04311629
0.039376948
0.040851608
0.042288616
0.04159686
0.047088955
0.05095133
0.06885174
0.8334095
0.87843746
0.07990709
0.04474275
0.035694707
0.034072366
0.03944074
0.056130458
0.9233254
0.9464858
0.9587112
0.94834614
0.121766895
0.048636083
0.047693614
0.08520043
0.92498034
0.9455752
0.9574961
0.94512266
0.087069936
0.04956222
0.054603565
0.13424043
0.931763
0.89695823
0.06546392
0.050770644
0.047348987
0.045765348
0.061570518
0.13536577
0.9401407
0.88641304
0.07296861
0.050757803
0.044613905
0.045232125
0.05325524
0.05014912
0.04720323
0.0554891
0.09748687
0.89391756
0.09360734
0.059016135
0.063265316
0.05577775
0.093710765
0.87582844
0.18819608
0.326588
0.9237145
0.8615034
0.860219
0.21172027
0.062820934
0.047342025
0.056311816
0.088824645
0.795607
0.70940834
0.7025316
0.6661799
0.21729206
0.16208264
0.14699635
0.29741105
0.9259072
0.9407242

