0.88382107
0.8204575
0.14656171
0.10464128
0.11682775
0.12565693
0.63217545
0.7561785
0.9036806
0.91364485
0.8809323
0.17129244
0.14022383
0.40987554
0.39960054
0.5066989
0.725183
0.604999
0.622277
0.7847749
0.62135094
0.14517362
0.19872664
0.6322805
0.6870325
0.73131084
0.16527791
0.23870328
0.08480823
0.07678561
0.10998872
0.122299604
0.12956646
0.64855963
0.2698628
0.16641343
0.1452695
0.16928709
0.13099688
0.09883515
0.100919664
0.12501024
0.32086796
0.62796533
0.6215278
0.6143529
0.6214968
0.1640192
0.12658384
0.14639838
0.13926472
0.17163697
0.82739043
0.18061239
0.106456995
0.14667912
0.14115664
0.17695971
0.8816771
0.119673654
0.08697207
0.06799704
0.057168588
0.07839709
0.13526662
0.0637323
0.066223785
0.07661927
0.074360415
0.11361702
0.120100155
0.08229465
0.76715976
0.70525
0.7420919
0.82639885
0.92441475
0.90461683
0.94428384
0.93382025
0.07663391
0.052805807
0.049550664
0.052351948
0.1065281
0.7762845
0.092289306
0.08145294
0.13013884
0.7746867
0.7756894
0.10741681
0.063843496
0.063213594
0.062232256
0.07456387
0.12405069
0.8827739
0.14149652
0.0754142
0.07160616
0.09062923
0.8250247
0.21075666
0.071570866
0.05359548
0.054137517
0.07090737
0.8157392
0.16857004
0.07572848
0.08907182
0.826277
0.8422994
0.9124768
0.8613106
0.8525452
0.86467665
0.91662586
0.82915276
0.07954692
0.06538627
0.08348559
0.8825078
0.1393958
0.054510046
0.05170183
0.072093375
0.9091439
0.930893
0.07139014
0.042019885
0.03737117
0.044330854
0.0782205
0.92539465
0.9214135
0.18851116
0.18300739
0.8279218
0.29439655
0.9097795
0.9253821
0.9133304
0.8614053
0.22584489
0.80623007
0.15658498
0.12472365
0.8801279
0.9304966
0.07081755
0.046288762
0.042120986
0.052056294
0.09885522
0.91857964
0.10273954
0.05226412
0.045770492
0.046105992
0.047287833
0.048205517
0.04885633
0.0493092
0.049717132
0.049792185
0.049302764
0.049177207
0.051169235
0.05854969
0.09250829
0.81017154
0.09905838
0.06412223
0.06743192
0.116783515
0.89457417
0.100938216
0.055750504
0.049539935
0.05572641
0.05970376
0.082671754
0.714867
0.7992247
0.9056752
0.8193532
0.11476536
0.15683961
0.05290986
0.041579172
0.040376864
0.053960793
0.08097922
0.9125318
0.86894506
0.8925015
0.90579593
0.9376767
0.07392117
0.0432557
0.037743095
0.04048681
0.04705894
0.06443692
0.093416475
0.74203783
0.9014451
0.8270284
0.12850553
0.074143305
0.057010524
0.07508629
0.078566544
0.06698059
0.122288294
0.8049924
0.73564136
0.74018097
0.11163595
0.09348772
0.1578258
0.8969493
0.8482542
0.8329249
0.80789614
0.79102564
0.8227295
0.13595593
0.079333514
0.09697664
0.90339005
0.8805221
0.93225175
0.15911312
0.08136336
0.10780626
0.10568664
0.070376314
0.07273277
0.1642206
0.7800243
0.13848624
0.19007114
0.08424572
0.09454679
0.1732925
0.75506616
0.77370095
0.8036457
0.106727384
0.09185428
0.08361368
0.077051565
0.20306444
0.9296658
0.88669497
0.13777477
0.053066146
0.04226679
0.04387244
0.045650817
0.04891604
0.06266247
0.057453908
0.050001916
0.047459405
0.049447898
0.059809104
0.11113115
0.9228494
0.10469792
0.055795863
0.046933874
0.0442972
0.04468344
0.045036186
0.0440713
0.051098213
0.08070877
0.87555414
0.31239134
0.91856223
0.08352295
0.0456002
0.03890009
0.035499554
0.035068475
0.035248395
0.0427232
0.09147416
0.9506177
0.95842826
0.9603445
0.08750113
0.038787108
0.034285735
0.032957397
0.032818828
0.03513824
0.043715063
0.068589754
0.92793363
0.92422324
0.28164896
0.82066804
0.103405856
0.07067443
0.09494013
0.8697442
0.086967535
0.049435496
0.04940617
0.06505453
0.8911408
0.8951817
0.84949166
0.8669797
0.92317647
0.8957176
0.94536954
0.94694984
0.8876509
0.925058
0.058537968
0.036427196
0.032686226
0.035653442
0.040213414
0.048740193
0.0662703
0.6083727
0.6717586
0.8162834
0.61931247
0.51138735
0.50083303
0.6133083
0.83560777
0.85360634
0.20224135
0.17937209
0.16790588
0.13770214
0.6420413
0.27916998
0.11491703
0.08965752
0.08379689
0.08106276
0.14435735
0.84313124
0.7475152
0.87775695
0.21144244
0.19606721
0.09019059
0.10673409
0.079614036
0.07715661
0.1091258
0.14534135
0.88712746
0.39354175
0.11210167
0.15541859
0.105956644
0.13461508
0.8956902
0.16726723
0.05749335
0.053505663
0.063912764
0.045647737
0.04586489
0.083491646
0.9041908
0.94066703
0.9391607
0.8553784
0.08219142
0.069423035
0.09391794
0.8588305
0.16181287
0.08114185
0.10079036
0.18827161
0.61079675
0.6518524
0.6596403
0.67321676
0.80726945
0.7805831
0.3473378
0.4899347
0.69662863
0.25812224
0.24469043
0.7555976
0.14962238
0.122304626
0.11318859
0.11800785
0.3247414
0.8335965
0.34164724
0.52354497
0.70232433
0.74422896
0.113058574
0.1023086
0.06385046
0.05068682
0.047503088
0.049608048
0.07580938
0.8933577
0.8250037
0.9213932
0.92461956
0.10575069
0.055270027
0.0628863
0.07342503
0.80328137
0.86653376
0.16861986
0.18594831
0.32682413
0.8883993
0.939392
0.93828785
0.8672389
0.17763029
0.18850848
0.1454331
0.89083344
0.9058368
0.08661534
0.07881691
0.059807185
0.06819613
0.7583146
0.8634432
0.81466264
0.9031216
0.9041397
0.09598264
0.06819888
0.07674566
0.08398956
0.84532076
0.92937577
0.9046755
0.9443873
0.8716862
0.066836216
0.05723993
0.03950428
0.034193665
0.033711404
0.03379351
0.040059146
0.07029632
0.90102494
0.8537988
0.9311735
0.9270312
0.8339444
0.7958968
0.88652706
0.119306326
0.11376177
0.12169119
0.12411047
0.9032776
0.9042008
0.11561842
0.09610729
0.73713744
0.22181712
0.8842505
0.90424746
0.91953367
0.93857586
0.90614665
0.22539438
0.71695936
0.14266443
0.1576334
0.8898197
0.9071024
0.08399144
0.06768171
0.07423091
0.080216914
0.899611
0.9172874
0.8767529
0.92566675
0.8263734
0.772145
0.0682809
0.050101694
0.053054966
0.06892772
0.88480633
0.8393525
0.9373824
0.93691754
0.8394428
0.2036005
0.08769093
0.06671068
0.09430074
0.90345806
0.8632145
0.07104229
0.04806089
0.03969983
0.03769944
0.03774423
0.039608877
0.04586775
0.063521884
0.81487525
0.1192672
0.1170406
0.90917444
0.9008568
0.94165486
0.07551634
0.040268645
0.034280855
0.03682891
0.04694728
0.8719057
0.8796331
0.909595
0.93868655
0.91697514
0.92480993
0.9480154
0.93531495
0.9273333
0.92946154
0.05644902
0.036631797
0.034459222
0.038698964
0.054454077
0.9188835
0.89534515
0.9423331
0.3430579
0.19343543
0.8934082
0.07025335
0.04390225
0.038911298
0.040605146
0.044429045
0.060610447
0.06739629
0.088293016
0.8201786
0.8015233
0.09730143
0.08140961
0.13149193
0.091426164
0.06956399
0.059736215
0.05317244
0.05492428
0.065529466
0.14829035
0.10474556
0.12016696
0.15007958
0.7258956
0.17521732
0.110952765
0.08267597
0.11638675
0.14465687
0.6102931
0.14278403
0.13695163
0.6655127
0.77612346
0.46462953
0.8436647
0.8540727
0.691014
0.68596524
0.8126575
0.70179373
0.70650333
0.8135235
0.1454078
0.106009685
0.13920516
0.15616292
0.22431047
0.5903522
0.21357448
0.35337815
0.16945967
0.18806392
0.612071
0.4265421
0.26083988
0.34018382
0.15810513
0.09974432
0.11516635
0.08675375
0.088077165
0.09986294
0.15120767
0.17228301
0.28648356
0.21321554
0.24030298
0.81864256
0.8377635
0.7205591
0.14838655
0.19048657
0.09504393
0.05529922
0.054577217
0.07298994
0.90607685
0.9149775
0.8301019
0.8343297
0.8985947
0.86102515
0.92761666
0.918362
0.78755075
0.71024877
0.07655606
0.0587349
0.06813638
0.1347966
0.1492895
0.15561816
0.86481154
0.74415183
0.376515
0.15511137
0.102653526
0.09232003
0.10193657
0.10556293
0.09939809
0.1752148
0.66074085
0.5897119
0.20735417
0.16461469
0.17305563
0.28827122
0.2448354
0.5667622
0.22683638
0.1425044
0.17051354
0.22076337
0.31402603
0.8028518
0.70302117
0.15656123
0.1382025
0.0900758
0.089568526
0.114415765
0.08672816
0.08869927
0.122059315
0.15682988
0.20108716
0.7897967
0.39246908
0.2496396
0.40121314
0.1847919
0.1998424
0.6048121
0.21158697
0.14547256
0.12271802
0.12582666
0.13105915
0.30976838
0.28849667
0.5841279
0.63009834
0.7362196
0.26675373
0.2991522
0.7048456
0.21665165
0.15676422
0.20762773
0.6040564
0.7387494
0.871677
0.85402685
0.920099
0.91839683
0.83265334
0.8234661
0.8851308
0.91904044

