0.8770951
0.8592819
0.7802442
0.76216215
0.8331713
0.9071974
0.91149926
0.85797584
0.86635375
0.923186
0.9249199
0.8888012
0.20954476
0.59694797
0.10924153
0.12718174
0.8439897
0.7745359
0.8323105
0.11239849
0.058255255
0.056302205
0.08563086
0.87114674
0.8653095
0.08897338
0.04797476
0.04471961
0.04277246
0.042671897
0.042528644
0.041713685
0.040480677
0.03926232
0.039285854
0.04433552
0.06595889
0.93026716
0.9476883
0.93139786
0.069974884
0.04390609
0.04237608
0.043118525
0.04433062
0.046191692
0.04803224
0.04879006
0.04937583
0.050089356
0.049731765
0.050800238
0.056162767
0.052139025
0.056715164
0.09565475
0.73642707
0.7402961
0.85156685
0.1757566
0.16743574
0.5517765
0.1878125
0.59900856
0.36765265
0.2021938
0.5295137
0.28179342
0.2728809
0.8141839
0.49765468
0.1362988
0.111716956
0.104265146
0.10131504
0.14229198
0.7841987
0.3689593
0.5590903
0.7883258
0.30252448
0.27835724
0.24256982
0.1738872
0.29409915
0.20249224
0.48152325
0.20349547
0.23662747
0.20054267
0.32904494
0.16345365
0.10895817
0.12343903
0.1225445
0.11467742
0.1810055
0.7619258
0.59990937
0.18879147
0.15339623
0.13543601
0.1979288
0.77491504
0.19934751
0.14151424
0.12722604
0.12803216
0.6454548
0.80467176
0.6364858
0.19420594
0.1481563
0.17120415
0.7927181
0.6728039
0.66340005
0.70414734
0.82783747
0.62459874
0.1302156
0.11524895
0.13107218
0.80247635
0.79640526
0.2628832
0.17877945
0.22866578
0.2268619
0.73712146
0.5695956
0.5189988
0.48482314
0.23912627
0.1837412
0.301084
0.31229803
0.15008906
0.16016813
0.15457298
0.09453554
0.16809651
0.120460525
0.076941475
0.120410405
0.7384021
0.74259293
0.89232403
0.8218358
0.12142963
0.18041565
0.06432845
0.08651878
0.05114908
0.0473344
0.056250963
0.21120138
0.9375967
0.8707531
0.8789158
0.08132729
0.045722306
0.040379375
0.04322105
0.055593073
0.06241018
0.08882886
0.10858673
0.6756657
0.6767103
0.70511323
0.33165115
0.15895812
0.11718439
0.08430262
0.08475817
0.10082203
0.28600454
0.1162675
0.11851764
0.69191015
0.69804966
0.14464019
0.10562905
0.12637945
0.15310444
0.8640594
0.20280682
0.20296842
0.8914469
0.09223714
0.051632937
0.04762058
0.06335222
0.071746066
0.1347814
0.78463584
0.1774957
0.31697747
0.91287726
0.83592933
0.07251564
0.043666314
0.03828256
0.038317036
0.04127629
0.049954925
0.08222744
0.9281931
0.8989908
0.077902645
0.044457972
0.037634645
0.036566906
0.037677802
0.04265648
0.06959633
0.907558
0.8639349
0.87060034
0.09771447
0.07373521
0.15282112
0.91978365
0.9161273
0.9190087
0.90930766
0.87939024
0.8932385
0.09667149
0.06462091
0.08210575
0.928148
0.9397808
0.9521647
0.078154415
0.041370127
0.039297696
0.040171664
0.039989214
0.04149635
0.044062704
0.04370414
0.043874845
0.04764087
0.052488666
0.083673455
0.8440867
0.13831098
0.17696017
0.7454994
0.7278082
0.75387293
0.7753208
0.81526095
0.90707475
0.9068602
0.81750137
0.8784638
0.79556245
0.066409305
0.049062256
0.051859215
0.08181527
0.9144057
0.8643377
0.075647205
0.046730917
0.04471154
0.054559723
0.10300055
0.91682845
0.093908295
0.051265147
0.04416072
0.04223712
0.042222455
0.042451512
0.042751145
0.050304078
0.0811286
0.89350927
0.31963116
0.9192996
0.08404307
0.045132734
0.03864262
0.035288796
0.03490346
0.035119742
0.042566344
0.09051754
0.9502831
0.9579626
0.95996565
0.08638038
0.038806994
0.03431175
0.03285383
0.032694332
0.03493121
0.04332973
0.067602575
0.9279686
0.9241524
0.2756474
0.81495696
0.10103997
0.06892332
0.08967286
0.8683937
0.080845736
0.046547275
0.045773793
0.058378216
0.9013485
0.9139616
0.8854485
0.90146035
0.9405357
0.92424476
0.95249766
0.95261437
0.89996094
0.9272243
0.054159537
0.0345793
0.030892344
0.03250986
0.034815047
0.041245677
0.059801713
0.7996751
0.80853754
0.8823962
0.11157562
0.07870787
0.09812623
0.14240459
0.85638964
0.38008946
0.23478112
0.6433635
0.22393733
0.1632544
0.71877915
0.24075802
0.09677469
0.07574006
0.07701291
0.09740243
0.17210358
0.8218989
0.25043437
0.4037598
0.15469033
0.158555
0.6009488
0.55654645
0.16811378
0.14912094
0.20327042
0.717314
0.8741508
0.89084
0.1354346
0.118844725
0.7439873
0.08926682
0.08658327
0.047630023
0.037813235
0.03553843
0.03535399
0.03435426
0.03877177
0.061424516
0.9386747
0.9600207
0.959802
0.9096205
0.07632861
0.06344927
0.08889747
0.88259506
0.09126509
0.05214684
0.054927204
0.09365746
0.81780374
0.78538406
0.27393025
0.21448506
0.91433734
0.92583996
0.08440156
0.049877282
0.048883755
0.038506556
0.037893914
0.048546746
0.045979522
0.0577298
0.8918204
0.90337855
0.9592764
0.9532844
0.11077748
0.11980955
0.056971516
0.039542194
0.039908946
0.043807656
0.043905336
0.042655434
0.04192695
0.041973226
0.052743938
0.15463321
0.87027293
0.92962706
0.9285866
0.09985769
0.052650943
0.054277565
0.06749852
0.7986302
0.8691109
0.15300454
0.13829628
0.25214565
0.8873354
0.9400574
0.93990445
0.833937
0.2983977
0.3293805
0.21649447
0.8891818
0.8989149
0.13054463
0.14517629
0.093858294
0.08940624
0.7467039
0.8831563
0.8194839
0.906799
0.8995965
0.08116697
0.05578453
0.058187813
0.06828014
0.86202204
0.9379273
0.91365904
0.9475582
0.8462444
0.0876721
0.11438729
0.05533621
0.0379155
0.03185082
0.031523827
0.037790976
0.06034536
0.91569376
0.8879213
0.9427572
0.9352377
0.8402738
0.8078286
0.8862384
0.84149414
0.91506594
0.91720104
0.8495452
0.906268
0.8818992
0.09302992
0.07848015
0.08896002
0.11191648
0.84543604
0.7301299
0.7459566
0.8529579
0.34692425
0.121887065
0.09930763
0.11562053
0.14395665
0.29822508
0.32200286
0.15221989
0.18895806
0.19949564
0.18441609
0.46037945
0.8388318
0.7922372
0.85623753
0.74326646
0.6307917
0.120050274
0.10583353
0.10964583
0.12803078
0.8183179
0.7901456
0.89836854
0.9022458
0.83284837
0.86346674
0.7353986
0.66100484
0.6882676
0.82734317
0.1793913
0.17306945
0.8717145
0.07207059
0.04308615
0.036727462
0.034633167
0.03660214
0.039372023
0.050643235
0.87836474
0.8771677
0.9252038
0.9165646
0.944667
0.07688769
0.047388498
0.04883165
0.06622312
0.74863565
0.082728125
0.064723894
0.09490564
0.83685756
0.14808485
0.14652763
0.8702446
0.8104726
0.8575263
0.9273438
0.8407464
0.07655282
0.07494148
0.04311956
0.04012868
0.0584687
0.09832869
0.93583816
0.9382606
0.10308798
0.08144561
0.0900161
0.8095919
0.06985092
0.044204522
0.038725413
0.039365426
0.044997673
0.06583401
0.91970265
0.91819805
0.9158906
0.07157806
0.04555761
0.03962546
0.040062953
0.0461002
0.06940257
0.83689415
0.8517389
0.87491333
0.07884785
0.04857765
0.043506507
0.043417864
0.045623258
0.046027105
0.046855614
0.05670612
0.077943064
0.7470295
0.7434165
0.73623
0.15108447
0.1707992
0.105422646
0.26639962
0.89476395
0.84705734
0.85718083
0.9129807
0.86131865
0.87439317
0.91387993
0.8234485
0.7595838
0.117015295
0.08052023
0.091893956
0.09968135
0.81066537
0.9198867
0.84518
0.07077164
0.0466597
0.058799155
0.044924576
0.04423554
0.04069796
0.039889704
0.041067317
0.045665853
0.061918102
0.81078684
0.086015806
0.06083414
0.0832736
0.9119098
0.92999905
0.95328957
0.9386328
0.16886522
0.15287447
0.8634153
0.06738306
0.04335173
0.043324158
0.058327567
0.9097271
0.92789716
0.9149717
0.91911227
0.94718784
0.9350043
0.9485415
0.9277693
0.20687766
0.7686399
0.07323225
0.064073436
0.09515702
0.8906818
0.07555264
0.048573174
0.050374467
0.057703514
0.11059002
0.8142534
0.08983628
0.0556966
0.050809152
0.0515896
0.0587777
0.10028809
0.80178183
0.10059536
0.07891982
0.08397884
0.12839009
0.8599479
0.14906827
0.12229123
0.12031388
0.107488476
0.71093106
0.239819
0.24654733
0.81432974
0.16830179
0.15878285
0.71724534
0.68744284
0.099428095
0.08477318
0.0642109
0.071377754
0.12545972
0.6725601
0.26684356
0.7925119
0.332298
0.21972127
0.38916388
0.23125023
0.6096971
0.14821771
0.14992824
0.125424
0.1213153
0.14046954
0.17519775
0.7537523
0.34566507
0.30265078
0.57173216
0.74472237
0.5956538
0.37307182
0.7219055
0.1865087
0.1303116
0.16592933
0.1922262
0.30642697
0.75042593
0.39108053
0.5510286
0.7324069
0.35374776
0.37469766
0.7960989
0.8993609

