0.8713123
0.8396325
0.70560807
0.6092264
0.620839
0.7114424
0.8279732
0.21606757
0.17099355
0.8591526
0.88900304
0.7604585
0.6721055
0.107257694
0.10142352
0.7216675
0.85907423
0.7751136
0.77463543
0.90437657
0.0875414
0.047866464
0.04622616
0.04876862
0.05296778
0.054386884
0.049557548
0.052673236
0.050269343
0.056354277
0.0851814
0.8277386
0.09008984
0.056961186
0.056216877
0.07853938
0.86613595
0.84193784
0.07244261
0.042726275
0.03560352
0.03500575
0.04640769
0.08237232
0.9388119
0.94769186
0.9354978
0.9223341
0.065868415
0.047029294
0.050359
0.07816273
0.8761834
0.12448273
0.114762895
0.7873285
0.8596638
0.08298912
0.055695217
0.052379873
0.07218257
0.7252771
0.12275193
0.15183456
0.89733326
0.82657224
0.08620895
0.06700858
0.0674464
0.1232094
0.119695656
0.059798926
0.058211744
0.060364164
0.062276408
0.08963179
0.29929942
0.19416906
0.8825358
0.88712746
0.3030505
0.2919778
0.6884319
0.15614049
0.22196802
0.12220552
0.11187689
0.74987656
0.15784633
0.09721244
0.08622612
0.054386415
0.049490962
0.05184521
0.054683916
0.06666241
0.118259944
0.8974112
0.13670766
0.07404061
0.0710566
0.09172524
0.83268285
0.19862254
0.07117334
0.05379173
0.054434232
0.07149907
0.8190739
0.16463056
0.07584043
0.090372495
0.8263037
0.8397855
0.91031665
0.8608804
0.8535505
0.8658882
0.9172056
0.8308333
0.07941835
0.06562184
0.08425153
0.88395804
0.13761546
0.05461576
0.051938504
0.073475644
0.9103788
0.9336445
0.071229994
0.04332381
0.038653906
0.045747973
0.08063729
0.9004048
0.19974616
0.07894965
0.10377816
0.8542719
0.28819183
0.9218246
0.9375869
0.9297498
0.88952845
0.23333909
0.8423105
0.100543514
0.07502164
0.13015023
0.90310246
0.075977184
0.048307564
0.04530546
0.055539075
0.10455528
0.9200521
0.10602067
0.05368102
0.046640594
0.046698574
0.04767695
0.04850463
0.049088433
0.049504254
0.04990446
0.049962435
0.049451116
0.049306706
0.05124166
0.058497228
0.09182885
0.8029818
0.09689048
0.06318689
0.06592121
0.111058705
0.8780387
0.10164333
0.061009124
0.05992852
0.0896013
0.7047199
0.67873245
0.69584364
0.7683741
0.89274347
0.8020712
0.10695974
0.13936995
0.050459333
0.039670054
0.03905895
0.051803462
0.07841799
0.9140345
0.8716147
0.8958612
0.906814
0.9386247
0.07100795
0.04144946
0.036100082
0.03807681
0.043411218
0.05814863
0.08680351
0.77158564
0.9046465
0.83349824
0.11634593
0.06673208
0.052999787
0.06920252
0.09207366
0.10951856
0.88652647
0.13404436
0.08425544
0.13622575
0.8363404
0.089691825
0.059488084
0.0563564
0.038116768
0.035428673
0.037897546
0.049244512
0.87934273
0.92719793
0.8934134
0.8850506
0.925314
0.10148654
0.09275759
0.07880591
0.08949139
0.9153413
0.9338943
0.881149
0.8558454
0.9245902
0.0858746
0.06684895
0.097830296
0.8668131
0.06736228
0.042395897
0.036638547
0.044265382
0.083005026
0.943192
0.9579619
0.96041596
0.95429534
0.08931447
0.041178025
0.03282785
0.03508362
0.037126496
0.038798407
0.039637107
0.03954395
0.039196797
0.040005643
0.043370306
0.056890156
0.8326265
0.8477746
0.8864848
0.90519005
0.94109684
0.070250526
0.041894197
0.03781544
0.04138908
0.05120531
0.077969395
0.089305356
0.79631937
0.1315666
0.09929493
0.1269746
0.8779722
0.12543845
0.07915177
0.09761885
0.06501996
0.061632473
0.092981085
0.77521145
0.8850328
0.11580125
0.083457164
0.1538831
0.109909356
0.09049387
0.7260816
0.12528175
0.07727184
0.10732674
0.87229836
0.9046555
0.9483248
0.93875617
0.11919983
0.08816323
0.15594983
0.7545513
0.11079526
0.11315289
0.08062956
0.07443877
0.089201055
0.66624826
0.8926427
0.8947773
0.7749194
0.778809
0.8480601
0.76141775
0.8343226
0.5202662
0.32793835
0.7954721
0.21742672
0.32015482
0.10442451
0.09262293
0.08742918
0.08925649
0.0834316
0.107291445
0.6616214
0.8089615
0.25015068
0.1802613
0.19663292
0.18743874
0.32317016
0.3698576
0.5602973
0.2908449
0.2561611
0.213722
0.1480007
0.17921163
0.11065514
0.112242356
0.46624067
0.4782754
0.6357611
0.82663685
0.23241249
0.38182974
0.12743974
0.11758353
0.7136255
0.14563935
0.08011866
0.06881797
0.093657255
0.13420987
0.89829284
0.9103025
0.105834246
0.07449086
0.09887612
0.8142016
0.92036635
0.15643555
0.05424294
0.04940757
0.056833085
0.04445376
0.040501792
0.041781757
0.042557616
0.05226873
0.054977067
0.05825661
0.85707116
0.8394238
0.88286525
0.93883973
0.90582323
0.8920015
0.8835389
0.9207396
0.07086105
0.05146648
0.05636435
0.07990431
0.92310524
0.9354396
0.06677697
0.0385026
0.033607386
0.03126343
0.031119091
0.033209626
0.038528584
0.05520864
0.9348064
0.9552249
0.9666316
0.95766455
0.06439304
0.041648224
0.03380277
0.033382267
0.038355272
0.055340134
0.8164463
0.77846646
0.7772452
0.12887257
0.12863564
0.9251143
0.92203224
0.95226747
0.114981145
0.040575586
0.032659996
0.032943655
0.03281931
0.03359983
0.035863232
0.03899469
0.06242211
0.12212289
0.91021186
0.94957066
0.94983536
0.8819001
0.17868216
0.18339561
0.14671825
0.92163646
0.9365958
0.065207355
0.04183405
0.034824662
0.03479012
0.035766188
0.038887396
0.041730635
0.054805335
0.048313636
0.044012833
0.05599033
0.92527205
0.95344114
0.95630044
0.9585572
0.06712233
0.04347213
0.03681264
0.037484165
0.03762688
0.035377875
0.034279104
0.033570062
0.03354527
0.039472107
0.060640607
0.9114088
0.8668337
0.939776
0.9317816
0.8292734
0.79583144
0.8832915
0.8360179
0.9169785
0.9220804
0.8581807
0.9159721
0.89468616
0.07831527
0.057845954
0.05555066
0.060322687
0.15921915
0.14663298
0.13108598
0.34527808
0.8197359
0.17548987
0.13269143
0.15778647
0.23500717
0.8516601
0.83576244
0.21651176
0.21718378
0.19802268
0.16788445
0.35388702
0.40601912
0.36509034
0.7917124
0.3040609
0.17303318
0.09740724
0.09721965
0.09550453
0.13771974
0.8279911
0.7723835
0.89820945
0.898729
0.15097
0.19959804
0.10195097
0.076192185
0.10494837
0.89046615
0.8534375
0.080161944
0.059573986
0.044465777
0.040602803
0.039254587
0.038884412
0.03875191
0.037377656
0.037209343
0.041895434
0.0599098
0.9183112
0.908944
0.94562393
0.0817911
0.040621914
0.034491505
0.036826376
0.047085866
0.87649745
0.8831334
0.9131075
0.9404709
0.921426
0.9294655
0.95014757
0.93943626
0.9320802
0.9313622
0.056153685
0.03648385
0.03444017
0.039143234
0.058319747
0.93355024
0.9249681
0.95530874
0.11299701
0.042514145
0.03756453
0.037903696
0.040395066
0.0417033
0.043195285
0.04517421
0.051322978
0.05850114
0.084855594
0.83744466
0.8323828
0.095269494
0.06987436
0.09705333
0.07308467
0.060068406
0.055453666
0.05386031
0.051330075
0.051279068
0.052758805
0.060196362
0.06899523
0.06912928
0.071198724
0.12448212
0.8082217
0.78015864
0.12776047
0.07043587
0.05147935
0.050190873
0.077195734
0.062355395
0.09338816
0.10079302
0.22643535
0.923796
0.8908769
0.9071722
0.9447045
0.8842019
0.14742225
0.114404306
0.066034555
0.050983958
0.07184069
0.123729445
0.8954368
0.1340144
0.08012177
0.16591564
0.06362767
0.05607263
0.060369674
0.11072745
0.07561473
0.08539801
0.060724158
0.06255063
0.08256708
0.7827088
0.0838473
0.054702695
0.058082312
0.0899325
0.8808815
0.1630902
0.14441156
0.9103664
0.92327935
0.17503573
0.16626807
0.8946169
0.0772663
0.040789455
0.03412017
0.038003143
0.050468665
0.049784523
0.057096675
0.93155694
0.9598326
0.95200247
0.95927715
0.101307884
0.037242107
0.03044052
0.029623643
0.02926129
0.029756851
0.03132865
0.037613295
0.06378523
0.9518923
0.96540016
0.9687697
0.93743575
0.053895824
0.035149865
0.03281695
0.034063473
0.034900684
0.0361
0.037523005
0.042745348
0.062402893
0.8591691
0.86437446
0.94076186
0.08694244
0.051462844
0.048437692
0.05613351
0.08419896
0.803647
0.08894527
0.059368175
0.055349045
0.07612969
0.833379
0.8195712
0.82566744
0.07511342
0.04574634
0.04215514
0.044475455
0.056597836
0.10932893
0.90995574
0.81046605
0.14134695
0.21425116
0.069923945
0.07557533
0.057010524
0.06730248
0.06381258
0.06818941
0.09668141
0.7743173
0.8840353
0.74133664
0.15877996
0.12759922
0.19100535
0.11628211
0.18546031
0.7993655
0.17124589
0.10824433
0.14742218
0.18541044
0.59468913
0.4421675
0.3789371
0.8437026
0.8287705
0.31603804
0.26741678
0.40431425
0.8702614

