0.8993959
0.8494897
0.119256444
0.07664829
0.07515824
0.06956933
0.09009231
0.08951134
0.8248243
0.9172566
0.91781723
0.46048787
0.22649989
0.6604371
0.7911468
0.71084785
0.7913186
0.6761987
0.6894003
0.8304823
0.7391411
0.11593904
0.14331077
0.7937102
0.15518825
0.11731099
0.06273965
0.08734237
0.05013789
0.046862233
0.046404768
0.045473963
0.04434295
0.043427378
0.04386575
0.04903612
0.07264084
0.8963213
0.91888684
0.9053596
0.07637984
0.047832984
0.04798449
0.04683013
0.046538778
0.048183054
0.05028395
0.051064145
0.052073542
0.053920347
0.05483376
0.059156522
0.07492084
0.07393947
0.0632505
0.078418605
0.06981379
0.070422314
0.08823634
0.064362064
0.085178
0.7617655
0.09713204
0.075817235
0.1222752
0.81703246
0.81183654
0.8171032
0.10755871
0.10488969
0.087858945
0.06912482
0.8278476
0.8200049
0.8552217
0.9088883
0.95270246
0.947344
0.9567199
0.9438348
0.061947383
0.03859524
0.033560455
0.035578456
0.040386073
0.050138813
0.081353895
0.81102425
0.10081523
0.06023877
0.05327335
0.04886649
0.048837394
0.053397525
0.06307373
0.09210356
0.8019423
0.26897526
0.09792722
0.070072316
0.06279044
0.065017655
0.11030576
0.8719424
0.11396572
0.061160594
0.0555225
0.067909695
0.8218036
0.88947684
0.82057625
0.10683793
0.072051235
0.08595697
0.8863352
0.8456548
0.86745876
0.8927795
0.9303644
0.83321726
0.07984989
0.066451654
0.08657856
0.8807163
0.198353
0.061261084
0.05463809
0.07366031
0.85826886
0.92055166
0.07431781
0.04347775
0.03801633
0.04485231
0.07597047
0.9225996
0.91819596
0.1853081
0.17784213
0.8139309
0.2932446
0.9063094
0.9176106
0.89834756
0.8439285
0.21840665
0.783161
0.15658788
0.12448573
0.8699236
0.92895585
0.07333312
0.04791498
0.042836327
0.052495196
0.10357419
0.9189368
0.15294005
0.05608291
0.046834886
0.048295826
0.049065646
0.05077657
0.059140313
0.09235
0.80091304
0.13897246
0.079931274
0.062434234
0.06348101
0.07637442
0.14544211
0.7471429
0.15222149
0.09744461
0.10549001
0.14689322
0.87693614
0.1358129
0.075706206
0.061631143
0.070552886
0.060512666
0.06388581
0.097729824
0.8414716
0.91614234
0.85928833
0.108336814
0.123302005
0.04471429
0.036955588
0.036595967
0.049045816
0.07833281
0.92281026
0.88541675
0.9061898
0.91110206
0.9390131
0.06536064
0.039185062
0.03437012
0.035563845
0.03875366
0.0485383
0.07353176
0.79447
0.90260553
0.8411421
0.13341163
0.06478029
0.05077441
0.06647707
0.090038635
0.10720657
0.8884273
0.12763453
0.08124055
0.12996656
0.8426985
0.08600767
0.055879213
0.05098602
0.036949124
0.03476234
0.03739116
0.04850958
0.88473904
0.9301275
0.90105873
0.8933242
0.92722344
0.09716434
0.086502366
0.074477546
0.088022344
0.91781974
0.9378326
0.90387034
0.8747885
0.92825943
0.0853934
0.06661485
0.099393874
0.8674798
0.06682709
0.042174615
0.036510833
0.044162452
0.08276201
0.9431622
0.95793355
0.9603669
0.9542532
0.08887113
0.04115057
0.032783482
0.035034686
0.03705848
0.0387077
0.039523453
0.0394068
0.03901486
0.03969951
0.04305363
0.056479752
0.83656955
0.8512187
0.8888756
0.9034448
0.9420342
0.0690016
0.04141798
0.037281394
0.040120922
0.046712965
0.063535646
0.08427297
0.80657166
0.119860545
0.09007294
0.122471444
0.8890446
0.110368416
0.06550548
0.07395474
0.053861476
0.05408557
0.08351257
0.81583977
0.9023135
0.093679525
0.06048601
0.09932947
0.07347916
0.074354425
0.77138263
0.10516729
0.06698915
0.09533912
0.9011298
0.9223656
0.9536183
0.9407893
0.108038
0.0797918
0.13832836
0.7768984
0.096693106
0.09683324
0.06632077
0.06116418
0.07257979
0.7999677
0.9126034
0.9158129
0.821794
0.82898384
0.90496093
0.85858464
0.9287949
0.92458206
0.80734444
0.21541372
0.07395255
0.06986674
0.14820185
0.092448995
0.09289926
0.12680842
0.67498773
0.08917715
0.077709824
0.10530974
0.09133898
0.71917844
0.6745314
0.7991437
0.91696644
0.91640955
0.7846976
0.17025213
0.13466723
0.10647226
0.18065405
0.85351574
0.14357744
0.083254375
0.07462095
0.07292772
0.11503666
0.23433226
0.14536579
0.29182622
0.12154642
0.10511888
0.09720472
0.12633501
0.55263615
0.15340635
0.1597795
0.6538147
0.85609823
0.86814284
0.7494916
0.8238646
0.17574507
0.14210589
0.20352776
0.16678573
0.14019686
0.5818555
0.78136
0.20790103
0.15346387
0.2205463
0.6065319
0.8257389
0.48966128
0.16207162
0.12072019
0.118884094
0.12622066
0.316282
0.58627087
0.54461825
0.25728035
0.31849965
0.19800654
0.27820948
0.50680125
0.6009243
0.796118
0.791047
0.29297245
0.25980872
0.7301372
0.19717526
0.16440271
0.23379399
0.09835469
0.098568015
0.102580264
0.14380205
0.8403636
0.85577494
0.75312287
0.8335956
0.6875854
0.6168406
0.61489314
0.14651936
0.08227971
0.062277827
0.06338354
0.072588004
0.7948836
0.88776475
0.82957363
0.9143431
0.91599387
0.103047006
0.05568686
0.06454822
0.0745702
0.7941157
0.8621171
0.17267336
0.1895892
0.33121702
0.8838036
0.9385334
0.9373374
0.8614301
0.18025023
0.19213729
0.14790063
0.8888295
0.9037299
0.090790555
0.08667411
0.06429007
0.072858885
0.7437238
0.8540649
0.8002594
0.89392287
0.8953724
0.109148346
0.080293335
0.08884212
0.094618104
0.8264154
0.9227426
0.8923479
0.93864423
0.8617867
0.0748957
0.072131045
0.04774757
0.038560666
0.03872951
0.036541153
0.04458113
0.08472529
0.8974244
0.85127026
0.92381215
0.9145831
0.82130927
0.7998583
0.87045574
0.84011006
0.91063535
0.9205952
0.881854
0.924885
0.9096845
0.07089729
0.051283177
0.056743216
0.078239314
0.8697148
0.8147291
0.79438007
0.4167842
0.25774512
0.15247369
0.6316507
0.6912485
0.7966288
0.89945376
0.8900542
0.17967467
0.16798545
0.19745624
0.7620036
0.9011658
0.91196024
0.83709544
0.89192367
0.77980584
0.75847447
0.06706716
0.04682864
0.040920883
0.04269942
0.08486873
0.09873057
0.92656356
0.9338802
0.11376433
0.105381325
0.057852216
0.054099564
0.0879352
0.921738
0.8891758
0.07307157
0.04835891
0.04117203
0.038775876
0.038140446
0.03777769
0.037299234
0.036251813
0.036220513
0.041270413
0.060394555
0.9269178
0.92307955
0.94782674
0.08261658
0.040394448
0.034420773
0.036725994
0.047110196
0.8772894
0.88315046
0.91372144
0.94071376
0.9229321
0.9309658
0.9503927
0.9405963
0.9334543
0.93137854
0.05581642
0.03636439
0.034317903
0.039038017
0.058400683
0.9334052
0.923721
0.95508176
0.10497347
0.04182224
0.036782686
0.03766748
0.040090803
0.041481134
0.04288286
0.044472773
0.04873664
0.054863483
0.07877359
0.8256414
0.81029516
0.08909358
0.06475118
0.08820703
0.07592496
0.08808776
0.77811176
0.7307005
0.7509669
0.75845194
0.7399308
0.10348619
0.07766722
0.06724296
0.0620552
0.09819031
0.14056574
0.735994
0.72819674
0.13345142
0.066605836
0.060068063
0.071370125
0.12645853
0.84586763
0.7594987
0.89336205
0.88516986
0.72516626
0.7120951
0.82887936
0.71979773
0.723576
0.82941794
0.13533263
0.09350077
0.117636986
0.121059775
0.13801749
0.12613185
0.18186758
0.7818623
0.24181005
0.23142673
0.6355686
0.39763796
0.20197132
0.17017539
0.1199005
0.15504092
0.13190065
0.089175195
0.08893059
0.1055006
0.19447555
0.6568599
0.38746163
0.25382873
0.27549884
0.83642155
0.8520477
0.6832058
0.21942584
0.25489187
0.16740812
0.13051012
0.14964557
0.6644149
0.7998611
0.5332935
0.37331697
0.6227409
0.4477608
0.3720525
0.8693949
0.28009015
0.0767711
0.044231765
0.040473223
0.038203195
0.038002715
0.04379126
0.044025697
0.06910981
0.94412744
0.9448828
0.961889
0.90435404
0.061037496
0.038908694
0.03716798
0.039451566
0.04255961
0.046105273
0.047970384
0.04880589
0.05286122
0.055272095
0.056408588
0.06647937
0.051856887
0.047239512
0.042502772
0.03939438
0.043567926
0.06259336
0.8959658
0.9393548
0.86141044
0.8526875
0.08394831
0.06196139
0.07534463
0.8287389
0.06907076
0.042541165
0.03669601
0.041820124
0.07421354
0.9467848
0.95969176
0.9600485
0.9538433
0.055805583
0.034779567
0.031083865
0.031610616
0.03223369
0.03413589
0.04099987
0.06312397
0.91460264
0.85261285
0.8590567
0.87724775
0.08795966
0.043717876
0.04046133
0.04572945
0.0387334
0.036760002
0.04354162
0.05111774
0.111084856
0.9181265
0.8935356
0.94211423
0.9425382
0.90257597
0.92194855
0.9510348
0.9312108

