0.8460485
0.3228773
0.16318673
0.16113187
0.56898034
0.808273
0.34642604
0.19047622
0.7113539
0.8872765
0.9113082
0.8965533
0.13427144
0.110463955
0.16619426
0.752549
0.19197859
0.116293296
0.13196322
0.8435817
0.16232227
0.12842764
0.74380386
0.8250306
0.15753992
0.11371904
0.059469897
0.07983363
0.04880927
0.04622209
0.04574461
0.044809017
0.043646812
0.04260744
0.04281996
0.04781291
0.07028869
0.90117335
0.9225834
0.9116079
0.075816296
0.047388576
0.04737113
0.046578094
0.046243005
0.047850903
0.050065476
0.050801653
0.05192387
0.05437755
0.055674993
0.06211274
0.08901551
0.08832375
0.07032652
0.09861754
0.07905994
0.0797871
0.11452675
0.08993128
0.70690495
0.66273963
0.2123762
0.7365338
0.80260414
0.2696893
0.715954
0.756925
0.82367593
0.9097701
0.90796816
0.79366094
0.73163515
0.6239654
0.1958822
0.73422027
0.86318696
0.45050675
0.9091308
0.9306839
0.087490894
0.058700692
0.05192067
0.04637152
0.07025636
0.060234506
0.07267788
0.6814084
0.67686033
0.7146682
0.704338
0.71152246
0.7227931
0.12312612
0.09156435
0.09631988
0.7766104
0.20014007
0.07477118
0.056639135
0.056379985
0.07407365
0.11355534
0.88790023
0.10754327
0.055789188
0.05201352
0.064747915
0.84635645
0.89793795
0.83373266
0.1013908
0.069657706
0.085356735
0.8947274
0.8630666
0.8803355
0.8979759
0.9321218
0.832483
0.076773226
0.06409407
0.08262808
0.87815195
0.16235769
0.058268014
0.053429306
0.07409831
0.8677985
0.9225957
0.0737047
0.043131664
0.037896603
0.04486348
0.078217745
0.9243805
0.9199652
0.19072884
0.18335593
0.8216675
0.29499617
0.9080293
0.9212876
0.9047004
0.8501708
0.22099735
0.7922763
0.15367804
0.12374169
0.8740751
0.92976403
0.0719651
0.04684183
0.04237408
0.052066352
0.10053603
0.9187569
0.12221088
0.053340904
0.045805003
0.04635684
0.047406994
0.05004286
0.05859631
0.09189548
0.8129414
0.11754687
0.06622711
0.05476771
0.055899065
0.0674281
0.13125096
0.7825112
0.12630555
0.07651496
0.07674549
0.09840731
0.25285888
0.11143236
0.11548978
0.6853712
0.7197012
0.12880659
0.09407648
0.10596414
0.13475984
0.8644851
0.19816072
0.19177279
0.89005196
0.09335111
0.05077689
0.04626446
0.055749636
0.065810144
0.122216694
0.786281
0.17277606
0.2865519
0.9184491
0.8452692
0.07183711
0.043044224
0.03791364
0.03775464
0.04056559
0.049268495
0.08137071
0.9290719
0.90281796
0.07778685
0.0442768
0.0374706
0.03629823
0.037379064
0.04250678
0.06923381
0.9084416
0.86485827
0.87054
0.09723902
0.07323914
0.14994885
0.91984457
0.91618156
0.91847664
0.90791744
0.8772416
0.89172965
0.09654865
0.064752035
0.081955835
0.92773
0.9386806
0.951996
0.078470565
0.04148212
0.03945788
0.040223543
0.039859846
0.041174665
0.04357116
0.04305221
0.043050677
0.046836708
0.05160747
0.08238063
0.84454095
0.14272521
0.18707055
0.7668223
0.7645508
0.7988153
0.82094103
0.84528583
0.92355597
0.92474407
0.83349234
0.892977
0.7854372
0.06493635
0.048930813
0.051696178
0.080376245
0.9099193
0.8598321
0.07574332
0.046816234
0.044810947
0.054631587
0.10224412
0.9157613
0.09428899
0.051368345
0.044227593
0.042319275
0.04225665
0.04249059
0.042790525
0.050308224
0.08105714
0.8930021
0.31991136
0.91942936
0.08425425
0.045151528
0.038643345
0.03528195
0.034886952
0.03511244
0.04255674
0.0905627
0.9504049
0.958098
0.9600375
0.08611682
0.038766153
0.034285314
0.032878313
0.03273114
0.034984715
0.043375123
0.06765792
0.9278122
0.9240376
0.27566275
0.81480414
0.10105831
0.06913589
0.09021389
0.8689114
0.08155409
0.046891417
0.04618208
0.059114207
0.9017094
0.9145006
0.87953573
0.8953537
0.9385821
0.9148198
0.95088524
0.9496341
0.87427235
0.92020196
0.056854714
0.03574101
0.031975478
0.033751108
0.036625654
0.04374509
0.06307144
0.79540205
0.8036048
0.8743129
0.11964837
0.08543598
0.10564533
0.15340249
0.84739447
0.4038158
0.24910742
0.62902945
0.23240244
0.17327528
0.70940334
0.26036185
0.10434409
0.08123537
0.08192921
0.10238635
0.17701894
0.81831825
0.2579825
0.40440977
0.15966
0.16389456
0.6171994
0.5888738
0.15585522
0.12845166
0.16298795
0.2638383
0.8794027
0.9111105
0.08699234
0.05082426
0.048379574
0.04996045
0.065616764
0.047163133
0.0396674
0.03746518
0.036866613
0.03499498
0.03906655
0.060916763
0.93676984
0.9600055
0.96013165
0.9088469
0.078392975
0.0649237
0.09529563
0.8950971
0.09709892
0.046685945
0.04404853
0.057346407
0.060185082
0.07704051
0.11021983
0.87435204
0.9368707
0.93643343
0.11694634
0.07359196
0.09047105
0.05885556
0.05654526
0.07623685
0.066469856
0.07296313
0.8254347
0.84582824
0.9445017
0.9442372
0.1446725
0.16749871
0.08150225
0.04865506
0.048379287
0.06330159
0.058294196
0.051507324
0.048916552
0.049933657
0.070345104
0.8956242
0.8533815
0.93656254
0.935657
0.11227322
0.0543787
0.056958348
0.068583444
0.7959511
0.8704793
0.16528922
0.15644918
0.28222755
0.8857186
0.9389658
0.9386501
0.8618065
0.20003349
0.19785832
0.15290761
0.8916015
0.9059762
0.10173474
0.09771622
0.07089938
0.07325141
0.7408507
0.89343846
0.85305357
0.92366713
0.91372705
0.09878
0.07378928
0.07861398
0.08428312
0.8253916
0.9242315
0.9060851
0.9414958
0.86081547
0.09438516
0.10843848
0.065809935
0.048248943
0.043135047
0.04317047
0.055446982
0.81382555
0.9013212
0.8747489
0.9338062
0.92176086
0.7955427
0.7430142
0.84392476
0.15985154
0.17210978
0.17612036
0.16091363
0.89152175
0.8978591
0.11842507
0.100038886
0.6982029
0.21271887
0.87444514
0.8840605
0.9012486
0.93626934
0.90187925
0.23566851
0.66954285
0.16900788
0.1921017
0.88309515
0.8954232
0.115807414
0.1076395
0.111154474
0.10943097
0.884335
0.9017353
0.85510796
0.90010434
0.8236855
0.78215694
0.8271946
0.15960543
0.11942764
0.12431253
0.8226847
0.80035675
0.9135071
0.9157811
0.78293663
0.222156
0.10912816
0.07990955
0.10662292
0.88660014
0.84901637
0.08044509
0.060879026
0.044911187
0.040965945
0.039552025
0.039314967
0.03955683
0.038030133
0.0378892
0.04251443
0.060618896
0.9106064
0.8983138
0.9438049
0.08183836
0.04088717
0.034650832
0.037025936
0.047327254
0.87628603
0.8828772
0.91256076
0.94012725
0.9206915
0.9287455
0.9497601
0.9388997
0.9316233
0.93111575
0.05611975
0.036464795
0.03440655
0.039100923
0.058314435
0.93351054
0.9263411
0.95549643
0.11584812
0.042692468
0.037681572
0.0379369
0.040487736
0.04178289
0.043318406
0.045402337
0.05208809
0.059142437
0.08474392
0.83230954
0.82685757
0.09492202
0.06943712
0.09596131
0.07155829
0.05821522
0.05261735
0.05047327
0.05651928
0.0816716
0.7573556
0.1454334
0.13819905
0.7791147
0.09575316
0.07245542
0.08653707
0.77880585
0.07971888
0.044565283
0.036245633
0.03529425
0.053173766
0.08052506
0.92216283
0.91223097
0.9453625
0.943166
0.89860296
0.89665323
0.93412876
0.8945379
0.8994413
0.9323454
0.8320858
0.08092802
0.08267497
0.11003573
0.8562795
0.109534755
0.086234905
0.1866842
0.77724487
0.7368438
0.15416203
0.28592718
0.23215264
0.87292784
0.10906569
0.054026477
0.05285607
0.048591916
0.05183991
0.064820156
0.13216072
0.7734561
0.20352677
0.13350417
0.16615519
0.8735647
0.8748909
0.7142436
0.26786733
0.36178645
0.57177436
0.5389716
0.16646159
0.16381937
0.36509043
0.7975284
0.66875935
0.7051088
0.84266883
0.78639215
0.899529
0.21345569
0.06161936
0.039219957
0.036324434
0.03509102
0.03526388
0.039335012
0.042058
0.06751588
0.9456214
0.9498369
0.9631718
0.9089775
0.059928473
0.03844935
0.0363863
0.038193293
0.040510833
0.043311942
0.045305204
0.048455223
0.06071239
0.1011648
0.84785277
0.16103016
0.065739885
0.05141479
0.043532528
0.03947832
0.043734737
0.06417527
0.89220864
0.9358383
0.8539501
0.8426821
0.08314711
0.06168625
0.07463705
0.8254642
0.06891892
0.04259308
0.036752682
0.041856732
0.07424407
0.9467198
0.95957047
0.96002585
0.953909
0.05583427
0.0348128
0.031119896
0.03172583
0.032378353
0.034318447
0.041161068
0.06320593
0.911968
0.8491784
0.8574945
0.87651163
0.09235778
0.045400493
0.041902382
0.04988492
0.042503558
0.044444047
0.07150448
0.78900546
0.36499795
0.90057003
0.8910911
0.939146
0.9371331
0.8694113
0.86697525
0.9150289
0.93647116

