0.83283174
0.35072586
0.1707025
0.15938094
0.25143695
0.8097946
0.82098764
0.66281676
0.68914783
0.83803844
0.86014706
0.82263297
0.4707682
0.16705573
0.15208298
0.444512
0.7143133
0.25761443
0.24203043
0.7519989
0.5986857
0.15665257
0.18684179
0.15059929
0.19892693
0.2253078
0.13531417
0.29995275
0.08767961
0.06931555
0.08363266
0.10727594
0.6998586
0.1490817
0.1444584
0.13452794
0.731966
0.73307616
0.11596352
0.065426566
0.068372376
0.110763915
0.89639485
0.24130082
0.072556995
0.06577334
0.103028275
0.7495607
0.1333373
0.14946717
0.7836162
0.7898731
0.92125094
0.08935364
0.046676137
0.04286045
0.042145494
0.04429092
0.05419751
0.074669614
0.82711834
0.09657454
0.06988712
0.10075723
0.88942534
0.26854
0.85805154
0.079040945
0.04868866
0.056798555
0.058055345
0.055126004
0.88022465
0.8748851
0.91080105
0.9449052
0.9610968
0.95915824
0.9608883
0.947972
0.05639808
0.035094474
0.030642837
0.033319186
0.03806546
0.040477883
0.04256657
0.044630136
0.046200916
0.046488173
0.04634889
0.044610348
0.043513395
0.043706205
0.047603242
0.06318981
0.7907104
0.87429357
0.8013483
0.7876555
0.12793949
0.11991786
0.75375915
0.1938673
0.08321009
0.07140589
0.07806284
0.1084245
0.14062405
0.30707037
0.17872958
0.61047626
0.58959126
0.20870565
0.34542862
0.14003667
0.13633332
0.25527275
0.8490665
0.13593365
0.10233852
0.09856737
0.11191912
0.8616779
0.3836663
0.12119695
0.08795892
0.1380889
0.803007
0.87021726
0.7585216
0.70369834
0.6857605
0.71234274
0.7786095
0.8896954
0.16964163
0.07899342
0.091827236
0.13489951
0.80271626
0.9122326
0.8361376
0.08875112
0.07527501
0.05244439
0.048276138
0.067332454
0.049762756
0.048862837
0.060551777
0.04709483
0.049515314
0.04240077
0.0419692
0.05107507
0.16026297
0.95057225
0.9174741
0.9104449
0.073264115
0.042632245
0.03861151
0.039735354
0.043411784
0.047018174
0.05870054
0.08005546
0.72707164
0.72043735
0.72086024
0.34223276
0.70644313
0.11413201
0.07994861
0.09278574
0.82407445
0.9032226
0.8397016
0.7992816
0.7784755
0.762377
0.089920565
0.07236452
0.103096426
0.77468866
0.37102666
0.80233186
0.108231165
0.12218015
0.047016207
0.038692605
0.03826224
0.050820574
0.07991091
0.9202648
0.8829096
0.9042844
0.9098063
0.939156
0.066375904
0.039725807
0.03497749
0.036528096
0.040388037
0.05176317
0.083485566
0.8115754
0.9249991
0.12835538
0.068139374
0.05033661
0.04597478
0.050396927
0.054503918
0.05935868
0.10076852
0.85069436
0.09091827
0.056364857
0.044483814
0.043327544
0.052256756
0.09197205
0.894591
0.88172656
0.07497634
0.045858495
0.037874445
0.04461036
0.054779112
0.9233688
0.9540941
0.9474101
0.9521084
0.10618889
0.048814707
0.052820187
0.05606181
0.063777305
0.84501666
0.1563272
0.114649065
0.8985395
0.9448568
0.94103307
0.9314611
0.9340552
0.11558919
0.12855268
0.83228844
0.06546471
0.045483697
0.04306483
0.052729007
0.12712674
0.91443175
0.083385445
0.04780028
0.041320477
0.04502922
0.065066405
0.87582225
0.89477265
0.94902986
0.0887589
0.044654816
0.04016679
0.04178784
0.04574933
0.049312167
0.053368773
0.051704
0.05190806
0.053277135
0.05757963
0.07168483
0.103530206
0.05953709
0.0587948
0.061057914
0.059329003
0.059092212
0.10220922
0.10764511
0.7830696
0.1987692
0.13141768
0.6687286
0.72166914
0.26120272
0.86745226
0.08475191
0.055741426
0.08407501
0.06395637
0.0693797
0.791742
0.09598808
0.064392895
0.0971746
0.91736084
0.9404558
0.95754474
0.94541377
0.09297699
0.068114154
0.107600525
0.8144779
0.077155724
0.06299253
0.04599549
0.041570675
0.04828228
0.07055529
0.9050254
0.8851583
0.26307446
0.35811985
0.8759169
0.81740755
0.9149833
0.90579396
0.8043215
0.84902215
0.6879025
0.62347
0.6068458
0.6616665
0.65437233
0.098257095
0.06102161
0.06394493
0.102270156
0.18461123
0.116915904
0.117389485
0.15613808
0.22983357
0.8272338
0.8081961
0.2860074
0.23942243
0.23138368
0.20763622
0.6117163
0.7449703
0.18497054
0.13534102
0.13601068
0.15157793
0.64783317
0.76224923
0.3238513
0.4606275
0.26582676
0.6162929
0.14814962
0.15027243
0.12749355
0.12910834
0.15733707
0.19509374
0.377611
0.38705936
0.2034884
0.30785805
0.23899934
0.5939024
0.76134866
0.31153214
0.23461758
0.6320819
0.7963808
0.16400504
0.10796068
0.11074357
0.11544981
0.17593668
0.16736317
0.12104775
0.47444102
0.5135985
0.6557534
0.8438823
0.764805
0.7110113
0.74186224
0.84334123
0.15017422
0.14166322
0.13419513
0.121543005
0.2495197
0.27825445
0.17782114
0.6093446
0.26675668
0.17513685
0.6608342
0.22610995
0.08088233
0.071602054
0.06978154
0.08936296
0.24616076
0.9060734
0.8788818
0.92912257
0.8409888
0.17405036
0.075419106
0.08327894
0.073012844
0.064250134
0.06336635
0.06285585
0.093526974
0.8713853
0.8072564
0.91864383
0.92821574
0.123046614
0.056246154
0.059434067
0.047331143
0.047256805
0.07159416
0.0722433
0.14916001
0.8989449
0.8492139
0.92371684
0.91555023
0.8207046
0.8382054
0.9184743
0.8873306
0.94089663
0.93669474
0.0620316
0.0415164
0.03203763
0.032698244
0.033923626
0.03774659
0.04063893
0.04933718
0.04417864
0.042401522
0.05469391
0.92056924
0.9520308
0.9578912
0.9590275
0.073505715
0.0519157
0.04313382
0.045252204
0.046651967
0.040700704
0.038321815
0.03764081
0.038414605
0.047719344
0.071146175
0.8710045
0.8002515
0.90626615
0.9014192
0.75853676
0.19421795
0.32010224
0.77660865
0.88995826
0.9084369
0.854311
0.9142326
0.90799165
0.17149031
0.109789036
0.6492481
0.085184194
0.08653931
0.08702453
0.09816743
0.91081196
0.919894
0.09823064
0.07114243
0.09232317
0.82196206
0.4442815
0.9004695
0.14643213
0.15038489
0.8481653
0.071875066
0.049707405
0.045330595
0.04011597
0.039846707
0.038078643
0.03632364
0.035213444
0.03517423
0.039473947
0.05671994
0.8921681
0.29030344
0.92487305
0.9469868
0.9483032
0.9542683
0.9244142
0.8784407
0.2827867
0.8772954
0.1269235
0.14020436
0.887738
0.06722732
0.042531937
0.038999863
0.04148822
0.044450425
0.052017525
0.08186416
0.8132989
0.13476078
0.12505166
0.78991187
0.15748619
0.13629986
0.77413166
0.24539171
0.81361914
0.076012194
0.0480556
0.044769865
0.048782922
0.06535802
0.06189829
0.056302596
0.091589816
0.07765363
0.17979409
0.90398186
0.101502836
0.064578
0.09935648
0.07397225
0.08172283
0.8674176
0.79839504
0.91351587
0.9190869
0.7992019
0.8923525
0.07618432
0.048193894
0.04723293
0.06145884
0.88071436
0.93821555
0.8664443
0.84770304
0.08067696
0.056101333
0.06300487
0.11987362
0.9087973
0.82706136
0.08725792
0.05256329
0.044685602
0.04536308
0.047997158
0.05408757
0.07685821
0.13361444
0.7498757
0.15900797
0.20546705
0.69219124
0.15909559
0.19732307
0.70536673
0.07994746
0.055128366
0.0568349
0.08182235
0.88346153
0.8336815
0.9314033
0.9338668
0.16760916
0.07221503
0.10665058
0.0986311
0.14711182
0.91610897
0.8466471
0.81020653
0.819427
0.071522504
0.048959993
0.049966626
0.074894205
0.8910281
0.07578033
0.043823812
0.03816809
0.047870126
0.06878744
0.92852443
0.91796947
0.901358
0.9082156
0.8750346
0.8754141
0.05939196
0.039605353
0.035323232
0.04163202
0.05635626
0.90879166
0.94765884
0.9448991
0.07400723
0.04855616
0.053684033
0.06528249
0.82664
0.82641166
0.85068774
0.20640782
0.11576147
0.073660985
0.068780676
0.11801267
0.8869023
0.9429528
0.94109064
0.83591634
0.06337346
0.04669405
0.047462765
0.060386296
0.10724476
0.06691807
0.07767076
0.19490278
0.77348334
0.8769873
0.74786127
0.69545585
0.6648079
0.60563594
0.101168275
0.07634024
0.10382103
0.8059248
0.8085156
0.084445596
0.04939812
0.043894168
0.044971675
0.040700678
0.038932122
0.037073527
0.035812005
0.040204808
0.05750599
0.92226183
0.94907564
0.8994664
0.88430095
0.07861894
0.05879043
0.06704971
0.84292024
0.82264966
0.821788
0.12798133
0.10903112
0.87369514
0.9341652
0.93275094
0.9203358
0.91836965
0.11253445
0.10478629
0.7880333
0.8008787
0.8263716
0.08131014
0.06485409
0.07908273
0.9121699
0.88076967
0.87875485
0.8904542
0.07210277
0.040928535
0.0373471
0.04061521
0.039566882
0.039090764
0.04122362
0.043674693
0.06833786
0.13942583
0.8805477
0.92181826
0.35511944
0.13855185
0.171792
0.879395
0.93362653

