0.8451031
0.7975584
0.6382911
0.53807664
0.5642661
0.661587
0.7945011
0.7446145
0.79495275
0.8954284
0.9056965
0.8567848
0.5875127
0.5640815
0.73945004
0.66311485
0.79177743
0.17460504
0.14009325
0.20793533
0.124917194
0.10688458
0.15920363
0.15563023
0.21703112
0.26481393
0.18344912
0.39894524
0.1401506
0.108044736
0.12352966
0.119171284
0.12301058
0.13699661
0.18151112
0.1521595
0.14752267
0.17951514
0.14236563
0.11599561
0.13843222
0.61337525
0.7985931
0.6767775
0.5913456
0.5250659
0.4817963
0.1863023
0.15630859
0.184511
0.16281888
0.19352324
0.69383305
0.5457377
0.5198257
0.280221
0.18980655
0.18691058
0.3118585
0.13824914
0.13420278
0.12614946
0.13853498
0.18100858
0.74630356
0.22664288
0.21122672
0.26367188
0.5401638
0.79304975
0.81028205
0.31144333
0.16136542
0.1371987
0.14957133
0.44410992
0.766448
0.6866941
0.82421774
0.8155786
0.22849146
0.21901543
0.19398646
0.13049982
0.22780769
0.16476756
0.6051031
0.16384004
0.17783205
0.17143518
0.74113065
0.09890461
0.06198243
0.06388962
0.063294455
0.076505646
0.12806109
0.88564193
0.13659456
0.07915132
0.07566891
0.09134746
0.82378924
0.20187983
0.07449069
0.05338393
0.053102892
0.0662687
0.8451128
0.8784846
0.7919383
0.76319873
0.7555076
0.81186026
0.90452975
0.84899837
0.83860236
0.88461244
0.10006024
0.042315807
0.03527507
0.036344778
0.037364475
0.040222984
0.04070094
0.03948225
0.045071047
0.06917176
0.92133826
0.9381776
0.08053488
0.044912208
0.039104093
0.04483243
0.07755876
0.8975717
0.20829701
0.08120052
0.11676299
0.8993023
0.91736
0.9463802
0.93394136
0.9302486
0.92240506
0.90945745
0.9057237
0.11231965
0.072771676
0.13005942
0.9003305
0.07109923
0.046360884
0.043402467
0.05354147
0.101105675
0.91911507
0.1042886
0.05332172
0.046530545
0.04695431
0.04810545
0.048615586
0.04907734
0.049425658
0.04978068
0.049806476
0.04932227
0.049226683
0.05120486
0.05854745
0.091129616
0.8099576
0.09750363
0.06357071
0.06583191
0.108562075
0.8844728
0.09545401
0.053753346
0.046884384
0.04931168
0.05327266
0.075772196
0.72750497
0.77004856
0.88640237
0.80635434
0.17361166
0.28363562
0.06258957
0.04550294
0.044832658
0.069324
0.098597676
0.90611225
0.8520879
0.8750995
0.8914218
0.93057406
0.072139114
0.04347146
0.039012257
0.043356884
0.053819317
0.0858616
0.11310343
0.6871496
0.83271587
0.31004825
0.26416188
0.15097602
0.12097933
0.1947573
0.21105893
0.13655226
0.2519351
0.13374364
0.109649524
0.5468014
0.6271156
0.25598657
0.35593453
0.89396596
0.115099765
0.059830938
0.04685647
0.04611682
0.061047312
0.11450898
0.09072984
0.83178693
0.9020965
0.8245648
0.9110095
0.17210253
0.09062237
0.111648425
0.11277165
0.09502266
0.7511649
0.20180103
0.14430891
0.8393084
0.9134803
0.86271226
0.86398196
0.91507214
0.12317766
0.13617133
0.7895747
0.07248909
0.05312311
0.053275358
0.06250262
0.16376522
0.91474134
0.10059287
0.05564517
0.045808528
0.045453887
0.050147053
0.060185343
0.109262295
0.9100603
0.14149332
0.060208086
0.048501544
0.048583273
0.059328947
0.11279754
0.9199999
0.10291777
0.05542602
0.04756358
0.046290122
0.047328845
0.04790526
0.04519795
0.045104172
0.047147617
0.05638106
0.09817451
0.9212816
0.09503341
0.050996237
0.041279934
0.037160404
0.0359668
0.035795514
0.0430011
0.0893328
0.9510352
0.95933175
0.9605965
0.0883585
0.038982186
0.034748677
0.03334595
0.033345677
0.03598486
0.04542168
0.07435597
0.93613255
0.93664515
0.08265785
0.04706199
0.042086385
0.046568092
0.07425116
0.8831951
0.08166383
0.04608401
0.04531786
0.05880867
0.90290165
0.9141787
0.88385975
0.900649
0.94039613
0.92285895
0.9533392
0.95416385
0.9125915
0.93010235
0.053744044
0.034054287
0.030121317
0.031936385
0.033521023
0.03668381
0.04567883
0.09827129
0.85635614
0.8960469
0.11006602
0.07166062
0.090169474
0.15568395
0.92028254
0.93138
0.09579691
0.054137345
0.04360197
0.038383808
0.037955005
0.037992693
0.03574679
0.035705753
0.04157494
0.06797086
0.9427669
0.95981306
0.9478899
0.114761755
0.043414872
0.03731953
0.03869791
0.04594198
0.06820724
0.8169518
0.7724917
0.13337031
0.16062948
0.18075968
0.14740685
0.89794564
0.12852508
0.13383003
0.10733865
0.048375603
0.0382929
0.03583659
0.035672013
0.034509752
0.038805075
0.060630392
0.93673027
0.9593705
0.9586652
0.8979595
0.07679366
0.064272135
0.0930729
0.8929882
0.098283224
0.047932506
0.046895623
0.06777193
0.06481177
0.07959797
0.104039334
0.8542043
0.93041164
0.915268
0.7791144
0.80666256
0.1013908
0.048128884
0.040317874
0.05006296
0.0465862
0.057366785
0.903598
0.9183001
0.96055233
0.95378804
0.09674163
0.09569399
0.049224645
0.037954617
0.038969655
0.042258926
0.043533083
0.04478483
0.050811727
0.07493824
0.78686845
0.38136408
0.26515573
0.920527
0.91742516
0.11508714
0.05972582
0.07183903
0.06947272
0.077045426
0.11954199
0.09671496
0.12411293
0.21773006
0.18708378
0.8700814
0.87623537
0.761236
0.7889909
0.88916427
0.8427124
0.9212801
0.9214041
0.105513915
0.11857676
0.051559743
0.039714575
0.041974116
0.06292459
0.062940985
0.0838
0.06745418
0.05144291
0.059304208
0.8876552
0.9281374
0.9349672
0.9532784
0.08601525
0.06897289
0.053475652
0.05584912
0.060305543
0.047724828
0.042500086
0.04144246
0.042766508
0.059728142
0.086235024
0.8781225
0.8044955
0.92201364
0.92488855
0.15028645
0.0891349
0.15645616
0.10415681
0.1687083
0.18022275
0.10335434
0.15447763
0.14439899
0.053092677
0.044758644
0.04225849
0.04562019
0.082314655
0.11705122
0.88802874
0.94239783
0.94600356
0.08502373
0.043420002
0.038634762
0.038040586
0.053296093
0.0657519
0.07215656
0.10583497
0.9283781
0.9478969
0.96355903
0.9549456
0.07236556
0.04681361
0.034947556
0.03278083
0.031707752
0.03306802
0.03832345
0.05604221
0.8811572
0.82064676
0.93145496
0.9366511
0.116822086
0.11836328
0.06299702
0.05570961
0.08350007
0.9053578
0.84733164
0.1332996
0.153466
0.84092164
0.07173634
0.045140997
0.04159016
0.041240044
0.040826496
0.04109059
0.04158499
0.044257827
0.05407073
0.08665518
0.9086319
0.084991
0.04328282
0.03548192
0.03727356
0.047210433
0.88176286
0.8905693
0.92126083
0.9450508
0.9329114
0.94130236
0.9549619
0.9472238
0.9398534
0.9369719
0.056790177
0.03800183
0.03762834
0.04588242
0.08349763
0.9087726
0.08727971
0.056980714
0.048623785
0.04373275
0.044257626
0.043338787
0.043981414
0.045681417
0.05392382
0.08878958
0.8906285
0.14939356
0.1280546
0.8113122
0.8129206
0.07904044
0.05687508
0.06752086
0.060707167
0.0560401
0.055539533
0.05673554
0.05264975
0.05196132
0.05316234
0.061090942
0.07805818
0.091440216
0.07011035
0.10026439
0.10292467
0.06546121
0.07701483
0.073876075
0.07763813
0.6735436
0.6079629
0.7169534
0.85746205
0.78161514
0.89965826
0.88863796
0.63969016
0.21115577
0.32628873
0.24572016
0.6556235
0.83297914
0.65011215
0.14997073
0.15683225
0.15669839
0.24761574
0.19289774
0.20585181
0.76708454
0.17807329
0.13976556
0.16207711
0.42387277
0.7120756
0.8250085
0.19443823
0.09716857
0.10566129
0.07837069
0.07956378
0.090243675
0.13736954
0.14273885
0.14660895
0.11812712
0.14793351
0.42611912
0.8279932
0.2401092
0.22166409
0.8434693
0.13957962
0.06310392
0.05647612
0.11556638
0.13516815
0.12297164
0.08046245
0.88671476
0.9464061
0.90911865
0.9522959
0.118786626
0.03954509
0.031426426
0.030441519
0.03016928
0.0307064
0.03238365
0.038254898
0.0644243
0.95183885
0.9649706
0.96848375
0.93371576
0.054030865
0.03539351
0.033142246
0.034525413
0.035471335
0.036882024
0.038510527
0.0437765
0.064235374
0.8525864
0.8466023
0.92999554
0.09574169
0.06183101
0.06367768
0.07626968
0.10383194
0.77117956
0.12975575
0.119813316
0.07472917
0.10032172
0.7916005
0.090682685
0.05739109
0.05341583
0.050670154
0.051666617
0.0581
0.0655859
0.07364242
0.20302148
0.15835582
0.107270986
0.2399017
0.07531438
0.06059078
0.060537636
0.083200164
0.086773776
0.11191478
0.71380085
0.6848057
0.8387236
0.22804987
0.13721633
0.134532
0.23092146
0.15537207
0.6713151
0.27948314
0.129891
0.09413105
0.124121
0.121966094
0.25517017
0.8624583
0.83966804
0.92099
0.9182009
0.82508934
0.81748176
0.8854467
0.92209107

