0.92458856
0.8973758
0.08381967
0.04811937
0.043188594
0.063696
0.06153084
0.08912824
0.07272375
0.06061125
0.04780689
0.045662858
0.051937122
0.046538375
0.038122036
0.035683606
0.035520192
0.044568326
0.0891978
0.94033563
0.9541313
0.9659275
0.9479991
0.091526225
0.043470386
0.03302795
0.032484006
0.033330105
0.036533482
0.046932295
0.07692786
0.9085352
0.92064583
0.10450669
0.06477143
0.040519815
0.03910072
0.06434608
0.19825484
0.9514736
0.9613649
0.9595173
0.24890262
0.064258456
0.037599783
0.033715006
0.03890819
0.05110187
0.76533586
0.7668369
0.7994644
0.8334721
0.9158477
0.9333853
0.9018743
0.9479204
0.9427117
0.8463351
0.052617896
0.034091238
0.032403648
0.031006198
0.028527863
0.029634945
0.038620755
0.081810676
0.9433114
0.9567455
0.96676576
0.96065694
0.11391988
0.044955783
0.03195763
0.031245543
0.03236403
0.035548612
0.042870265
0.052906793
0.8214769
0.8644161
0.9271639
0.89521176
0.87044334
0.83959
0.8242622
0.84480095
0.8860801
0.93403393
0.9108258
0.9364993
0.8437606
0.07082049
0.053136483
0.074971065
0.07556413
0.08022475
0.07653063
0.0680079
0.07906747
0.09055527
0.74798936
0.7618646
0.7679603
0.19873662
0.1983126
0.10409512
0.18844935
0.267526
0.82403284
0.8188116
0.8330257
0.070405096
0.042126432
0.037023965
0.039937485
0.05588772
0.07216065
0.8410959
0.12142422
0.11608401
0.92276394
0.9485136
0.9334886
0.9344953
0.15508136
0.17312078
0.8969526
0.18128344
0.07126691
0.0584909
0.04556318
0.052549884
0.09243745
0.8111094
0.8012424
0.15766647
0.09784957
0.07857323
0.100090474
0.17725334
0.8183817
0.9075619
0.88605714
0.9370309
0.9303102
0.82226574
0.24938764
0.25503895
0.16222791
0.083658636
0.0819528
0.092909515
0.1414217
0.2033829
0.8107712
0.8226295
0.8123177
0.79533106
0.7698193
0.7632881
0.79538
0.06375886
0.04077168
0.032954056
0.03216976
0.03693317
0.053264596
0.9180821
0.93263936
0.9553897
0.96102196
0.9096497
0.05437993
0.034677893
0.030591134
0.031445667
0.04320293
0.05878637
0.8579725
0.9322104
0.94383955
0.87524265
0.86105114
0.16101436
0.10834556
0.09924223
0.060009398
0.057144932
0.08351244
0.10834018
0.1292295
0.67756766
0.70235217
0.38840607
0.2505032
0.15312031
0.15340795
0.13148446
0.1327742
0.57358575
0.62555313
0.22918345
0.179233
0.53552884
0.20361046
0.17188546
0.4971158
0.22391395
0.25614202
0.2807576
0.34714374
0.7778934
0.4095268
0.34651524
0.20682989
0.27494082
0.31334233
0.30917913
0.4376402
0.8374996
0.42961726
0.20869198
0.13712965
0.09033041
0.09382565
0.1539089
0.18951789
0.76857966
0.30008566
0.10154974
0.10698298
0.75065446
0.107080005
0.086647026
0.073571086
0.08387927
0.17685014
0.2649785
0.84185976
0.18016256
0.07660462
0.057826243
0.082405336
0.117967345
0.0713454
0.04938658
0.047266524
0.048630353
0.07489308
0.11360939
0.8362651
0.82765067
0.12829395
0.11471179
0.803935
0.84579456
0.08302035
0.054683357
0.052053127
0.075491324
0.87796164
0.88797534
0.901895
0.08684905
0.051479135
0.051148124
0.07243284
0.8363919
0.102259606
0.0756186
0.11626438
0.88180137
0.074303
0.043099858
0.036949348
0.040755235
0.058632966
0.9322189
0.9528626
0.95511925
0.07112178
0.04279864
0.040861074
0.049536902
0.071226306
0.83033466
0.096142784
0.06877318
0.10391206
0.8574584
0.83257055
0.07266157
0.047021966
0.04760364
0.0641463
0.88050145
0.89942205
0.924506
0.9148893
0.91569614
0.092388384
0.05170667
0.054131098
0.07869076
0.8077753
0.08079083
0.05208019
0.04743378
0.04721448
0.049015958
0.056219075
0.08439477
0.78922856
0.10758432
0.08784965
0.130414
0.8417032
0.08995339
0.053633533
0.047282506
0.046655323
0.046061106
0.045496497
0.04748547
0.058195423
0.09005932
0.86180186
0.80159765
0.09847525
0.0777107
0.117635876
0.835581
0.22296329
0.11369008
0.08928435
0.06911049
0.12744333
0.15858057
0.14909285
0.7516056
0.72553456
0.2458393
0.13502683
0.2076198
0.38026142
0.8885052
0.842405
0.8651219
0.92856574
0.9290244
0.8762896
0.91205674
0.8234923
0.7504035
0.6781782
0.16488919
0.127697
0.09936119
0.16948734
0.78792685
0.9212438
0.92422235
0.79803973
0.06533545
0.041895144
0.033708703
0.032669906
0.03888609
0.074675314
0.92185026
0.92186236
0.9381432
0.933264
0.952681
0.08440657
0.040295575
0.034427453
0.037657015
0.046632197
0.04748962
0.06857128
0.11968445
0.084333844
0.0704217
0.05501528
0.073718555
0.11147253
0.89995265
0.8006333
0.7912656
0.300147
0.14199622
0.18226403
0.12721032
0.5878299
0.15200187
0.1346036
0.64759016
0.68345964
0.11895692
0.11943402
0.15169102
0.11797542
0.24345662
0.9044939
0.9070795
0.14297663
0.111146376
0.1373623
0.9001291
0.9047436
0.2678629
0.78645194
0.8441303
0.08032328
0.05890292
0.08262816
0.0699128
0.045870185
0.04124643
0.040415626
0.041581903
0.047617428
0.06753613
0.85982955
0.853434
0.09996509
0.07280687
0.10564828
0.88850516
0.114888094
0.062523134
0.06794367
0.9156166
0.9450528
0.95133513
0.93657595
0.8996045
0.05487992
0.036618304
0.034819476
0.037726637
0.04228943
0.043972526
0.044922475
0.047089837
0.049809784
0.056945432
0.089287944
0.8238636
0.1343734
0.06986182
0.055964272
0.054369316
0.06972118
0.7008499
0.18864271
0.79664296
0.8803635
0.1644591
0.21379767
0.14469306
0.76196367
0.89365613
0.20814404
0.10346148
0.13233672
0.16485645
0.11391286
0.1303044
0.22868292
0.14281979
0.6059357
0.5454908
0.18891361
0.13877882
0.1542838
0.1736008
0.7876164
0.2652672
0.40846997
0.6360867
0.23266718
0.3717698
0.35892725
0.7021353
0.1588672
0.19318691
0.07107748
0.060118645
0.08338901
0.09303507
0.67368305
0.7139928
0.8005226
0.9050206
0.89933634
0.5294626
0.38470155
0.8890557
0.9264358
0.92944074
0.14270495
0.0612373
0.08142956
0.05842392
0.0860179
0.83715016
0.82308644
0.08342304
0.04700897
0.040999327
0.042971358
0.049415965
0.043055728
0.058989465
0.08685701
0.90885586
0.9337347
0.09085927
0.055717453
0.06289261
0.102736756
0.88500834
0.07374379
0.040731806
0.034335416
0.034307662
0.041534126
0.051658977
0.9029182
0.91404384
0.94183767
0.9317812
0.9311942
0.9422093
0.9356456
0.9522036
0.9558265
0.9575699
0.9334313
0.8839665
0.048132714
0.032349665
0.02930854
0.031698275
0.032879557
0.033757094
0.03450519
0.035020832
0.03935637
0.055871855
0.87741643
0.94978076
0.8910529
0.8663971
0.06643685
0.043002564
0.041600864
0.04471345
0.04812655
0.048428573
0.049301617
0.051269017
0.051398475
0.052069917
0.053391833
0.054762706
0.058564465
0.053943902
0.05580008
0.054262534
0.06105294
0.05554336
0.05636248
0.064817496
0.078870475
0.090784356
0.10136241
0.12230566
0.78334117
0.13380764
0.0795538
0.06969336
0.14747863
0.17437655
0.4019498
0.79317325
0.9028431
0.147107
0.0871384
0.053426534
0.04953361
0.048296735
0.06883431
0.16154376
0.11802217
0.8807014
0.115152925
0.07452782
0.109604634
0.8088461
0.07912233
0.04792824
0.04789583
0.063855894
0.9109245
0.92783624
0.91667193
0.9182422
0.9368979
0.9170745
0.9352129
0.93208504
0.9269205
0.89182884
0.89571285
0.92848945
0.9301165
0.9282447
0.8919518
0.9267894
0.8757931
0.900547
0.34815452
0.8445325
0.08957603
0.077234626
0.1640741
0.78580844
0.13940398
0.08269942
0.10942753
0.863049
0.14023396
0.12375464
0.16536768
0.072641686
0.0546426
0.080190286
0.053201295
0.051979285
0.058574837
0.11535209
0.8808527
0.94329685
0.9485845
0.8694083
0.9121932
0.21061386
0.117587306
0.08595639
0.081347205
0.15550171
0.6754353
0.6538467
0.20885657
0.17480794
0.6115144
0.5951488
0.21614793
0.20881769
0.25918263
0.1618695
0.2551481
0.2682275
0.80991304
0.93916154
0.944765

