0.8525282
0.80829877
0.6514124
0.55073583
0.5743183
0.632948
0.66362894
0.6746799
0.76707655
0.9200087
0.94033414
0.92898273
0.10553864
0.07087127
0.08945843
0.063544385
0.081163965
0.06740659
0.088554084
0.86358523
0.7600558
0.74074286
0.7503161
0.8256356
0.13141301
0.093713045
0.05421078
0.07273403
0.047685657
0.045893837
0.045742083
0.04503495
0.0440028
0.043129433
0.04350602
0.048595417
0.07164662
0.8960039
0.9183942
0.90591323
0.0763511
0.04773277
0.047493186
0.046684913
0.046523258
0.048185125
0.050306283
0.0511152
0.05211076
0.053848512
0.05464128
0.058391336
0.07153154
0.07033629
0.061131265
0.07290264
0.06575255
0.0651971
0.0758611
0.061139006
0.08148848
0.76938355
0.09389433
0.071802944
0.111891694
0.8337745
0.82734084
0.83061785
0.10164318
0.0957993
0.080821194
0.065826386
0.8393139
0.8314633
0.86544394
0.9170341
0.9544596
0.95036393
0.9574552
0.9444271
0.060990542
0.037982114
0.033114403
0.035273246
0.039960194
0.049651556
0.0804276
0.81135994
0.098254874
0.058363568
0.051238216
0.046460334
0.045740355
0.0484928
0.055789724
0.07899491
0.7961419
0.89464056
0.14297922
0.08166966
0.077349365
0.092235796
0.7941593
0.20350404
0.07069099
0.05134535
0.050485898
0.063088335
0.8225919
0.87883717
0.8016801
0.7769267
0.75970453
0.8178161
0.9133426
0.85877126
0.8382927
0.8769474
0.11483048
0.04380882
0.035794754
0.037085894
0.03863165
0.04207706
0.042680066
0.04074561
0.045915566
0.06963723
0.9117798
0.93742293
0.0808801
0.046388503
0.041004784
0.04763504
0.08311876
0.9029365
0.21060035
0.07941651
0.10493337
0.8555508
0.28924942
0.9221847
0.9375161
0.9298278
0.8894248
0.23366487
0.8414387
0.100278884
0.07509185
0.13103698
0.90322477
0.07597705
0.048263352
0.045256626
0.055517055
0.105222434
0.92057925
0.108622946
0.054167964
0.047070526
0.047602236
0.04871172
0.049057346
0.04949642
0.049944244
0.050659467
0.051102065
0.050464507
0.050019342
0.051988754
0.059700456
0.09977827
0.7961769
0.101176724
0.0642399
0.06738313
0.11010857
0.86076194
0.15627813
0.1374594
0.7461495
0.76155746
0.09012711
0.057638388
0.05467813
0.05530925
0.10876151
0.8666853
0.8792675
0.9385814
0.8780661
0.8373733
0.82018125
0.11219809
0.07115921
0.08515487
0.06257949
0.08203268
0.84385836
0.9270308
0.83777314
0.0867319
0.051348608
0.040925495
0.04263519
0.04610707
0.0550173
0.088111274
0.91631126
0.8749884
0.08213662
0.048526872
0.04256169
0.041945722
0.041450806
0.039690822
0.038925413
0.036512867
0.03477591
0.033883378
0.038278382
0.05526042
0.93763757
0.9631874
0.9559004
0.92121637
0.05638635
0.036215346
0.032532178
0.03729853
0.048879884
0.908338
0.9554443
0.94382757
0.9568084
0.09067773
0.044260014
0.045169957
0.04446082
0.041188274
0.04214006
0.045938246
0.045471817
0.04637006
0.05373778
0.061176617
0.118413344
0.90009546
0.11256874
0.08478735
0.07299201
0.055906575
0.074006446
0.10574514
0.12575829
0.91720957
0.9280186
0.16472208
0.15692136
0.060833782
0.04666972
0.047771398
0.04789925
0.050702814
0.06657956
0.05747731
0.049887076
0.046956886
0.048306886
0.05738569
0.10246306
0.9128938
0.102143355
0.056480303
0.050130717
0.05864921
0.1218927
0.9193641
0.093733035
0.0536769
0.048094086
0.055481832
0.09589419
0.9164239
0.0898926
0.048983783
0.040365487
0.036543287
0.03562474
0.03563747
0.04294975
0.09039541
0.9513142
0.9594112
0.96084434
0.088454954
0.038937893
0.03455566
0.03333022
0.033403583
0.036104403
0.045671474
0.07520232
0.9355821
0.93693537
0.08086853
0.04622779
0.041613698
0.04515843
0.07205796
0.8922697
0.76485205
0.08369583
0.0645144
0.07818214
0.887517
0.8969529
0.85290384
0.8721129
0.9251174
0.8986815
0.94464785
0.94552237
0.88266426
0.9226854
0.060471833
0.03705612
0.03334335
0.03643472
0.041759145
0.05394086
0.07823461
0.84280324
0.734299
0.82339007
0.61012566
0.48431012
0.47243184
0.59262276
0.8217782
0.8416834
0.20443064
0.18082203
0.16931969
0.14047548
0.6250056
0.2897389
0.123916924
0.09821276
0.0946043
0.09266125
0.16134275
0.8151724
0.71690387
0.8324916
0.29352853
0.26971975
0.14405239
0.17567478
0.13236119
0.13583493
0.19199735
0.22485992
0.7792398
0.50459445
0.24926035
0.3253556
0.20238155
0.22035593
0.7171308
0.56609195
0.32072854
0.22713715
0.28289133
0.38298085
0.39485303
0.3012704
0.29423288
0.7366929
0.7734086
0.21261527
0.14671794
0.13400275
0.15219954
0.27364242
0.24731262
0.16889058
0.20846213
0.7220045
0.28375956
0.3451742
0.5155445
0.56985354
0.75646335
0.42588675
0.2571501
0.49654138
0.74617314
0.17406556
0.1411719
0.19543406
0.08921524
0.09448466
0.11653813
0.29355863
0.89503354
0.90623856
0.21675439
0.36466673
0.14898661
0.057582133
0.047806293
0.057624463
0.043645795
0.047747727
0.063710935
0.7754616
0.7897097
0.90567285
0.85341704
0.92992955
0.93396807
0.079038635
0.039256036
0.034755632
0.03318831
0.033086315
0.03668129
0.037636183
0.057734255
0.12124073
0.9294781
0.95231646
0.95139664
0.9004432
0.13872656
0.1354635
0.12731034
0.92398375
0.93817425
0.063166454
0.03963787
0.034319144
0.034227822
0.035024155
0.037401974
0.040308002
0.052181482
0.04578197
0.04307997
0.055824317
0.9303469
0.9571597
0.96105015
0.9594959
0.06620194
0.043143
0.036201525
0.036759082
0.036721937
0.034998756
0.034067616
0.033379044
0.03323314
0.03821201
0.055534396
0.9082803
0.8650484
0.9419154
0.9405811
0.86503494
0.83549374
0.90880007
0.11331572
0.10842089
0.11580482
0.11937685
0.90769315
0.9075436
0.11617556
0.0952299
0.7519223
0.21996865
0.8870001
0.9088279
0.9232812
0.939364
0.90834814
0.22549494
0.7319234
0.13606176
0.1466977
0.89746433
0.9137219
0.07390291
0.052037556
0.05538244
0.068800315
0.9253577
0.94625914
0.90826744
0.9406376
0.067217685
0.036753435
0.030867474
0.030651763
0.036381233
0.051287
0.90684587
0.8578622
0.9501
0.9494246
0.8512604
0.9136146
0.12814161
0.056376994
0.060030214
0.093992375
0.069279544
0.079132594
0.14165752
0.12621202
0.14199345
0.74099964
0.70912474
0.15769255
0.07649476
0.068365015
0.0918192
0.11103282
0.10466044
0.15383263
0.8506833
0.7341852
0.13843793
0.14116915
0.1305198
0.16064015
0.5718418
0.14729285
0.17537095
0.2913006
0.25103837
0.26387608
0.79876184
0.71729493
0.75752646
0.8849242
0.7872905
0.09944905
0.12903294
0.05602637
0.046726312
0.062785216
0.053624716
0.07604978
0.07354936
0.05880563
0.10208894
0.9164195
0.89716536
0.07084139
0.043199636
0.03783083
0.038653675
0.044320084
0.0656241
0.9240097
0.9183102
0.914756
0.0707612
0.04524488
0.040179763
0.041745078
0.04947973
0.07756418
0.84043175
0.8697361
0.090171434
0.052902553
0.047776446
0.047408234
0.047313336
0.047916666
0.04736362
0.046136867
0.045337647
0.04380086
0.04308496
0.046965685
0.06341725
0.82753026
0.8841364
0.2529213
0.47004783
0.8797851
0.23904318
0.14234003
0.28375643
0.74474216
0.76339144
0.8688803
0.10998662
0.07516339
0.10042032
0.11524332
0.17971744
0.66618776
0.17669466
0.3072093
0.13432653
0.1528604
0.66946983
0.4195329
0.2281133
0.30148867
0.1367239
0.08526328
0.09904207
0.074096456
0.07408703
0.083348975
0.12579432
0.14317727
0.24245068
0.17961264
0.20187269
0.8511279
0.8693068
0.7533304
0.12487609
0.15405129
0.07978521
0.04864406
0.04955794
0.06746137
0.9075166
0.9153032
0.8381637
0.8417262
0.90438944
0.8714852
0.9338553
0.9287589
0.8167607
0.7575168
0.069011465
0.051673014
0.057966575
0.11041282
0.13100733
0.14664637
0.89319265
0.79761636
0.3554821
0.13327427
0.083828785
0.075295195
0.08488383
0.0880178
0.07909389
0.1351215
0.14753434
0.7701644
0.13042958
0.07611485
0.06425836
0.080360405
0.055155482
0.048437625
0.044197373
0.041230574
0.041968476
0.04989873
0.08078923
0.93381834
0.9044211
0.08428065
0.052224834
0.051804487
0.073797
0.86089826
0.07290878
0.042991977
0.036433063
0.0415844
0.076459624
0.94990283
0.9630815
0.96346176
0.95571434
0.056119345
0.03542861
0.032353383
0.03478696
0.03622323
0.03810332
0.041194826
0.049285952
0.083517686
0.85906744
0.88606566
0.08762811
0.05238341
0.04371932
0.041821085
0.04186854
0.03929922
0.037636936
0.03856229
0.039431516
0.061084714
0.11160474
0.8842918
0.9388337
0.94294286
0.8981453
0.90133786
0.9350344
0.9488431

