0.8696063
0.8436934
0.7438292
0.70128006
0.7591429
0.84041935
0.8933965
0.8572671
0.86003166
0.90370953
0.8778037
0.6797209
0.5729082
0.6571785
0.8266905
0.7874688
0.8503868
0.26397255
0.74563974
0.90383893
0.082988106
0.046059906
0.042564917
0.045529675
0.049334034
0.05114969
0.049275205
0.05040811
0.047791142
0.04645582
0.045186814
0.043427285
0.04147628
0.03979645
0.039460644
0.04422134
0.06510283
0.92651933
0.94652534
0.93141836
0.0711531
0.044157244
0.04249191
0.042141832
0.042099446
0.04242524
0.042864937
0.04217854
0.042591877
0.04773729
0.06339215
0.80406594
0.8784293
0.8155834
0.8006226
0.80150557
0.8368647
0.09505699
0.07900275
0.047191203
0.05021359
0.058817483
0.07769251
0.703171
0.81897384
0.27063844
0.64746296
0.32213065
0.2922513
0.84783846
0.491954
0.11514396
0.093368635
0.08465646
0.074743085
0.0914838
0.261238
0.16772121
0.39296022
0.86212754
0.24551694
0.21911816
0.18179682
0.10588279
0.19003537
0.10989677
0.109532386
0.089670174
0.09787041
0.08366905
0.087805025
0.05698844
0.051841505
0.055538308
0.057871412
0.06528326
0.13019255
0.90738034
0.13595866
0.07257052
0.05914725
0.052631993
0.06321363
0.09143833
0.06039941
0.052732218
0.053794958
0.07385355
0.115553424
0.9067213
0.8268965
0.0915848
0.056026574
0.059939373
0.14962949
0.8822682
0.8936035
0.12708652
0.07952577
0.044021025
0.041444108
0.040855993
0.04093267
0.04318828
0.042972997
0.040699426
0.045863904
0.07001325
0.91691846
0.937316
0.08139415
0.045328487
0.039371427
0.045083605
0.07811823
0.89778763
0.20580123
0.08139176
0.117307186
0.8991782
0.91639477
0.94585633
0.9334232
0.9301963
0.9226682
0.91016674
0.90703243
0.11489761
0.07327644
0.13226795
0.9005898
0.070958294
0.046284344
0.0432243
0.053212535
0.100261375
0.9186879
0.1036761
0.05236779
0.04544514
0.04541384
0.045602866
0.044922557
0.044303697
0.043921616
0.044943757
0.050504923
0.07233742
0.8388608
0.84945375
0.87805617
0.09286533
0.055916958
0.059266273
0.08924441
0.82252496
0.12012215
0.07130809
0.0487641
0.045579117
0.04463923
0.04607617
0.04592057
0.05416883
0.091735706
0.7957965
0.89720285
0.8219189
0.17910817
0.2924411
0.062098607
0.045734633
0.044352774
0.06707336
0.09617315
0.90569884
0.8535047
0.8779496
0.8937283
0.93185693
0.072361454
0.0433148
0.038783282
0.043022428
0.053190295
0.083699234
0.110898994
0.6808231
0.86091965
0.26482862
0.21282013
0.12448535
0.09553465
0.14512062
0.15461189
0.10758084
0.1926345
0.1320489
0.12204924
0.82569206
0.19697449
0.17316861
0.26086238
0.8986677
0.09689181
0.05216698
0.045482885
0.05168059
0.09627344
0.863008
0.16809583
0.17292781
0.8798225
0.8052847
0.9109638
0.1627647
0.08734448
0.10770378
0.11138219
0.09710636
0.77045673
0.18154112
0.12891476
0.77683115
0.17245577
0.12720579
0.14599647
0.9106607
0.8454321
0.87782234
0.07947335
0.044354767
0.041263197
0.049643736
0.07766584
0.947678
0.9577526
0.93017423
0.059101645
0.037445124
0.035339132
0.036812816
0.03755803
0.038436238
0.039158758
0.038067993
0.036614273
0.03622327
0.041287605
0.06069463
0.94097906
0.9622317
0.9356705
0.06551125
0.041540727
0.039376747
0.04189402
0.04806745
0.056217544
0.08660366
0.81388843
0.09012799
0.056199443
0.05234438
0.06025756
0.10616987
0.91158676
0.10108637
0.058703642
0.052475918
0.060557816
0.10606209
0.84788996
0.09588223
0.06169238
0.054149978
0.05834893
0.09220534
0.8137124
0.086502045
0.056497667
0.05233795
0.05870026
0.13913997
0.8903126
0.15778847
0.1531899
0.8392987
0.15249662
0.17262317
0.8664526
0.748931
0.09413132
0.07977825
0.11264038
0.85507506
0.32749778
0.14347538
0.24682969
0.85124016
0.1948958
0.3409591
0.38279998
0.8128617
0.9112682
0.093956195
0.06615669
0.08223464
0.7880701
0.07316742
0.046988774
0.041861176
0.042327315
0.049559187
0.07805869
0.8412642
0.081688955
0.051631745
0.055948004
0.15486643
0.942623
0.93088794
0.89232063
0.8947478
0.060311116
0.037080295
0.030961929
0.029748304
0.034000814
0.044227917
0.9093137
0.94028926
0.9644985
0.9557243
0.94699705
0.054999303
0.03408851
0.029308716
0.028998772
0.032721568
0.043659847
0.84805053
0.92122
0.9553347
0.94986796
0.08978599
0.049422413
0.051300947
0.07552434
0.8721873
0.11321731
0.07202138
0.10140228
0.85229045
0.097792864
0.06973742
0.10083214
0.86107093
0.9192435
0.9079435
0.10961426
0.08058086
0.09880759
0.75297683
0.8347547
0.3154857
0.24309623
0.25228804
0.793747
0.6849024
0.6579156
0.6645266
0.7175639
0.85112804
0.8420604
0.66832197
0.647422
0.7888849
0.16454706
0.1584931
0.84907657
0.071956515
0.044755924
0.040935576
0.05111361
0.19208373
0.94989574
0.9465695
0.9547201
0.10032312
0.042509478
0.03758292
0.042394854
0.058867477
0.7766729
0.71931446
0.122994736
0.12793061
0.90608495
0.874962
0.94684505
0.93575925
0.088589445
0.047525473
0.051141325
0.05328
0.06003947
0.09291998
0.078888096
0.10461837
0.19163078
0.16408682
0.88484615
0.8964496
0.82702696
0.8353658
0.9036595
0.85447747
0.9225603
0.92170733
0.09401954
0.096475065
0.046016425
0.039308466
0.045583628
0.08592809
0.8673516
0.19122507
0.0965989
0.06340022
0.066097535
0.8760469
0.9174406
0.9241309
0.94155234
0.09697379
0.09166695
0.09829317
0.16695748
0.9080677
0.09621734
0.045307923
0.037333593
0.03774578
0.052863624
0.07768158
0.88487184
0.83389354
0.92095715
0.9119308
0.7824945
0.7397755
0.8482302
0.81587684
0.90316516
0.9128898
0.83007896
0.90855306
0.22189513
0.07761584
0.047299236
0.039205834
0.040460356
0.05769973
0.06720522
0.084480084
0.9194724
0.92173666
0.10935633
0.07263168
0.09476697
0.828993
0.4792905
0.9033737
0.15538965
0.16113251
0.8496615
0.07324379
0.05245947
0.046472136
0.040165525
0.039310686
0.03777326
0.03617777
0.03512755
0.035116587
0.039428726
0.056644537
0.8920281
0.28953
0.92452383
0.9466661
0.94798076
0.95429826
0.9249792
0.8793864
0.28589457
0.87807214
0.12820044
0.14186914
0.88879716
0.06724568
0.042547178
0.039060675
0.041762583
0.044706248
0.052261986
0.0830545
0.8125232
0.13527328
0.12439656
0.7778368
0.16269328
0.13772759
0.7637234
0.25261417
0.8194295
0.076490074
0.04739642
0.04424009
0.04840412
0.07007682
0.08741663
0.11641002
0.8842209
0.14001393
0.15658061
0.24885783
0.21748313
0.82564414
0.22316137
0.071306795
0.054909408
0.07761761
0.06671861
0.10258765
0.10558279
0.07286069
0.12273266
0.86163455
0.08858344
0.05090071
0.043200526
0.040961057
0.042733867
0.048076227
0.06939169
0.9098466
0.9105043
0.9079042
0.07762472
0.04955328
0.04326833
0.043727186
0.047108736
0.05638473
0.0881199
0.8098444
0.10774738
0.065066025
0.061221123
0.058678392
0.053124856
0.05578416
0.05427147
0.052108463
0.057247955
0.05713796
0.049258128
0.04924373
0.06978443
0.060730558
0.09394185
0.10156058
0.21765497
0.9264568
0.89262307
0.90461606
0.9423127
0.8698468
0.16287264
0.13325912
0.07580797
0.054827537
0.079595685
0.13692363
0.90415794
0.13258408
0.06962094
0.10619353
0.052509036
0.04822854
0.048655834
0.057281982
0.050185136
0.048898946
0.044242535
0.042356253
0.04279393
0.046807192
0.062402055
0.79738194
0.0848938
0.060585506
0.0830841
0.9104039
0.92771184
0.9531847
0.93867815
0.171548
0.15447806
0.8637682
0.067577556
0.043384384
0.043346565
0.058348052
0.9097116
0.92772293
0.91418386
0.9181649
0.9468946
0.9344247
0.9484204
0.9278279
0.20705175
0.7680732
0.07329675
0.06412948
0.095359296
0.89064455
0.07578485
0.04882142
0.05120406
0.058478545
0.11505213
0.81761754
0.090491794
0.055670917
0.05000419
0.049117513
0.050294645
0.06161271
0.085108496
0.77355325
0.14214633
0.10286604
0.12772207
0.8330344
0.1921757
0.20802769
0.6672406
0.63061106
0.6419317
0.6020367
0.6764199
0.7991672
0.17208396
0.16187046
0.6892584
0.67606187
0.10386846
0.08861709
0.064190015
0.06756832
0.10008148
0.15346234
0.40524468
0.8429826
0.7039385
0.27994925
0.40895075
0.19816664
0.34247938
0.13579503
0.14776295
0.12597652
0.12138193
0.14025787
0.17559394
0.7551686
0.34282503
0.30020863
0.58381796
0.73006994
0.38093057
0.35408825
0.7287074
0.18868187
0.13155857
0.1656382
0.18884309
0.3047029
0.7496037
0.40178055
0.57460845
0.8163317
0.74959993
0.76557505
0.85689586
0.9094115

