0.87082577
0.8431682
0.7310252
0.6720384
0.7220155
0.80016404
0.8483198
0.88148224
0.93963706
0.9448407
0.93510634
0.20851901
0.0704915
0.06376709
0.08607185
0.79915625
0.15294956
0.09146167
0.13266689
0.9058755
0.09427947
0.050762903
0.048015974
0.04856996
0.05169745
0.052276317
0.048809983
0.049970068
0.04943069
0.05559362
0.08331361
0.82739633
0.088628925
0.05576392
0.055038676
0.07802179
0.883386
0.86123943
0.072161384
0.04241322
0.03529944
0.034696646
0.045619804
0.080652714
0.9387199
0.94739515
0.9337574
0.9215338
0.06583686
0.046922382
0.050115094
0.077011116
0.87682736
0.12472558
0.1145562
0.8024872
0.8668535
0.079907276
0.052637808
0.050975997
0.069696665
0.7493703
0.124742985
0.14978242
0.91348755
0.85498077
0.0740986
0.050059147
0.04747139
0.06267407
0.05282342
0.040389936
0.03926222
0.04274235
0.05501867
0.76329935
0.9000885
0.8601421
0.94225425
0.9361768
0.82573295
0.8086705
0.105029136
0.04953769
0.044775788
0.037635833
0.04170711
0.0591724
0.83304393
0.88700354
0.9387947
0.8828625
0.0670408
0.044623844
0.046128273
0.06489461
0.06658446
0.102746956
0.073892795
0.06291472
0.05679694
0.051583096
0.05830661
0.07728915
0.054215576
0.053052444
0.06900795
0.77134895
0.8313633
0.92025363
0.85830116
0.08744113
0.054727755
0.059740253
0.12445221
0.8727227
0.09513505
0.05875468
0.05219048
0.044990327
0.04358055
0.042604953
0.041953977
0.042487174
0.041624293
0.040342152
0.04588634
0.07067843
0.9253134
0.94003487
0.08183345
0.045337275
0.039346397
0.044954073
0.0776116
0.8978289
0.20838809
0.080934115
0.11554822
0.8994258
0.916853
0.9459946
0.9334156
0.9297407
0.92149514
0.9083053
0.9049728
0.11343078
0.072986
0.12980661
0.90011597
0.07120466
0.04641638
0.04336493
0.05337959
0.10042224
0.91861767
0.10395222
0.0527841
0.045896627
0.04602127
0.046633393
0.046320993
0.046020158
0.045546696
0.045458462
0.046565052
0.05163931
0.07214646
0.81811166
0.8205886
0.089570716
0.05136869
0.049185608
0.06581579
0.8827074
0.9493186
0.94551754
0.075849935
0.043040268
0.038420595
0.042882856
0.04262005
0.05584937
0.09598197
0.83810157
0.8730249
0.22411703
0.22534017
0.859684
0.75508004
0.11439736
0.09984345
0.16236575
0.74098516
0.29241237
0.122912586
0.13381825
0.2658193
0.887987
0.103096016
0.065230556
0.052102532
0.047129124
0.044875465
0.046316303
0.052422456
0.074095696
0.89059955
0.8377688
0.10477415
0.06744469
0.07159333
0.87329084
0.91323173
0.9248205
0.9424698
0.10017723
0.07082284
0.11727356
0.8307793
0.08736842
0.07346279
0.08812306
0.050594207
0.047798067
0.050078105
0.060740463
0.10520477
0.84445745
0.6990574
0.29306614
0.43508977
0.264348
0.7820999
0.40842938
0.34764293
0.8399477
0.8679482
0.18174954
0.12651558
0.2027686
0.14142223
0.14547524
0.8203337
0.69094914
0.22756155
0.26509744
0.12535965
0.16850677
0.21045524
0.6661548
0.7164532
0.74596864
0.7501347
0.35766146
0.20299248
0.09547591
0.10358665
0.08371828
0.1699775
0.13384844
0.10637055
0.1234177
0.3309667
0.26992926
0.21659628
0.6796771
0.12959412
0.09236785
0.11214825
0.16557018
0.09061023
0.078896895
0.09786261
0.7291684
0.74408793
0.90454566
0.23625147
0.09982213
0.08891405
0.08146001
0.10535356
0.8932653
0.11251945
0.06672298
0.08131553
0.055245586
0.05975503
0.046781626
0.053399146
0.114947245
0.9174658
0.9117273
0.95150197
0.12884276
0.048147053
0.04600471
0.047022343
0.04350218
0.05944504
0.08560906
0.095562615
0.85763556
0.84322447
0.31237146
0.2781645
0.7595174
0.27054358
0.69662136
0.8486778
0.17241114
0.08432093
0.07704923
0.08801392
0.8878424
0.90187186
0.84433913
0.8612373
0.91861403
0.8789056
0.9275461
0.9008955
0.34485975
0.84290963
0.08644912
0.07277234
0.13206285
0.8400606
0.9147733
0.08096954
0.046269983
0.04403117
0.057160325
0.0845983
0.060179383
0.05633632
0.059516948
0.055210803
0.09318183
0.08543855
0.051266093
0.04729773
0.049477883
0.06039424
0.8735274
0.91817707
0.8540813
0.08179128
0.057044398
0.06048842
0.8764403
0.9351838
0.92698634
0.9467642
0.8646961
0.059164807
0.040605694
0.040880874
0.050623372
0.8870482
0.9018146
0.94335246
0.95331764
0.9373096
0.07100593
0.051291034
0.047748152
0.06408972
0.8972821
0.85641754
0.8566813
0.8631571
0.9112933
0.08572579
0.06418303
0.08305033
0.88572484
0.9389626
0.9365104
0.07522169
0.049745895
0.053679336
0.08590678
0.8912554
0.15925111
0.09189521
0.068938315
0.08553369
0.055472493
0.071774326
0.10014218
0.11753389
0.90595543
0.9113741
0.11720432
0.075893804
0.10429323
0.09812196
0.80225474
0.14111747
0.060674526
0.053749662
0.068015896
0.8568994
0.9370534
0.25098562
0.07623807
0.07116657
0.04125018
0.034382958
0.031655237
0.031410478
0.0343299
0.04349324
0.8877697
0.89591277
0.9353304
0.9594
0.9577098
0.9637719
0.95768595
0.8957557
0.047536805
0.032143336
0.029075738
0.030405387
0.031963725
0.033764895
0.041517157
0.07599987
0.13756618
0.9318286
0.9204016
0.118374996
0.11988532
0.18390217
0.26696977
0.91768205
0.91614294
0.09535266
0.07609028
0.06052482
0.06999311
0.77481145
0.899435
0.85167044
0.92202175
0.9102416
0.08913006
0.064403236
0.068213195
0.07547943
0.8420262
0.92989427
0.9126064
0.9439209
0.8594884
0.09102187
0.105445944
0.060414214
0.043755647
0.03879756
0.041890267
0.06226267
0.87475806
0.92149556
0.88457876
0.9174967
0.4539625
0.16687605
0.13602704
0.82097864
0.79265267
0.8934348
0.9050683
0.83686614
0.90616995
0.9056162
0.08324213
0.06379646
0.07816185
0.77818745
0.15296847
0.056588702
0.040825404
0.050523605
0.054387093
0.05746436
0.8814502
0.8689239
0.92423
0.948667
0.93128455
0.105939046
0.097954035
0.14547832
0.9145101
0.95207757
0.9488078
0.08227922
0.060320113
0.039300993
0.034961
0.035784423
0.037771273
0.039796036
0.042641446
0.07078004
0.06671759
0.1822113
0.9133455
0.8556137
0.9211687
0.82248545
0.77292675
0.8054018
0.14398353
0.06720813
0.059429064
0.09131199
0.10542935
0.83992505
0.080734864
0.047885872
0.040683813
0.03765077
0.039787225
0.044805214
0.0733798
0.9366087
0.9334504
0.9553887
0.077391185
0.041966848
0.03799563
0.038760073
0.041148026
0.04789883
0.06940358
0.7781314
0.15816359
0.12558222
0.12378348
0.8467259
0.20784415
0.3228846
0.8975261
0.8097457
0.10057287
0.11532904
0.058032684
0.05071267
0.08276269
0.10932815
0.89871
0.30225083
0.1054636
0.18807612
0.8457211
0.83106285
0.859002
0.07136821
0.045991234
0.045879684
0.049134687
0.06704421
0.8742846
0.8570478
0.8850441
0.078246035
0.052273337
0.04529192
0.04855204
0.070195206
0.81074286
0.8178338
0.84522814
0.11632125
0.079351515
0.11326458
0.8182368
0.08182887
0.055718254
0.048516933
0.04501633
0.048211396
0.046180855
0.041038092
0.039977837
0.045421585
0.07300101
0.90512556
0.86300784
0.94503224
0.94332635
0.18115751
0.06951585
0.101029225
0.0950841
0.14365526
0.9167484
0.84407413
0.8082114
0.81365657
0.071497835
0.04901789
0.050106015
0.07554569
0.8915158
0.07614007
0.044174485
0.038419455
0.048371714
0.06940029
0.9283377
0.91653055
0.8975068
0.9048825
0.87128896
0.8730317
0.059594546
0.03975877
0.035472985
0.04185714
0.056539744
0.9081785
0.9472316
0.94451725
0.07513184
0.049496856
0.055993553
0.067122966
0.8191497
0.807122
0.82883453
0.21889244
0.1296346
0.081566766
0.07564613
0.12104175
0.8666612
0.93174505
0.9247733
0.7948055
0.07199193
0.05986101
0.069361046
0.103326425
0.8445853
0.72393864
0.76043254
0.8910527
0.80234045
0.9134922
0.09216287
0.04810045
0.03874288
0.04003648
0.041700587
0.04226044
0.042941235
0.043176774
0.04451013
0.051885977
0.08114723
0.88712585
0.095791444
0.052972507
0.053803112
0.09201744
0.93692625
0.93587154
0.9230577
0.073620975
0.051819336
0.0542047
0.08859565
0.86531126
0.08469339
0.052523654
0.047255453
0.049124017
0.05986545
0.09571213
0.82965183
0.10025913
0.06783018
0.05635085
0.051897664
0.054026213
0.051223
0.050737828
0.050725304
0.051372744
0.050223604
0.05030927
0.050606724
0.05198194
0.07479768
0.06953698
0.07658878
0.11852297
0.86505795
0.17608844
0.21224901
0.8596446
0.112251796
0.064533636
0.08273395
0.10333316
0.18820979
0.8508693
0.2833259
0.49978524
0.81694436
0.238055
0.20267363
0.30770296
0.88677436

