0.8870223
0.82583034
0.14475709
0.10861542
0.1286703
0.14362009
0.7968967
0.67469996
0.24024664
0.47498178
0.8742922
0.12994798
0.079567984
0.078505896
0.11366097
0.766168
0.22089116
0.13185509
0.14897065
0.8278432
0.25615612
0.7161164
0.22315046
0.17856905
0.7740478
0.18647358
0.080435865
0.13069049
0.05504687
0.0494989
0.050970435
0.051864363
0.052462872
0.053215228
0.054164384
0.053447977
0.052461818
0.051801275
0.049870957
0.047374528
0.045383364
0.043979503
0.044338174
0.04236745
0.04139042
0.045531172
0.063560195
0.83833355
0.1073719
0.093562715
0.879154
0.8897564
0.9415034
0.9144339
0.90441567
0.89592755
0.8816313
0.88367105
0.124925554
0.105860785
0.7821775
0.06619502
0.045582905
0.046468478
0.068783
0.8073238
0.8035289
0.83909416
0.9069067
0.95230746
0.9480786
0.08240091
0.039853793
0.034148097
0.03478015
0.039901495
0.07992416
0.088058904
0.8788118
0.87066793
0.76394427
0.7255799
0.692987
0.685614
0.77055377
0.5808663
0.45437858
0.4580069
0.5044732
0.5884084
0.63951296
0.68465835
0.73181653
0.11019353
0.077836104
0.08711082
0.80393374
0.17330284
0.06347383
0.04935486
0.048463844
0.062482078
0.10407919
0.8954835
0.09289918
0.04992194
0.04770779
0.060169403
0.87886304
0.9198949
0.86401016
0.09116808
0.063734755
0.07777673
0.903789
0.89707553
0.9175835
0.9285906
0.94238555
0.8470032
0.072847225
0.06138256
0.07921397
0.875013
0.118729346
0.053077027
0.05123628
0.07419744
0.9035505
0.9287182
0.07183938
0.042297065
0.037592217
0.04477198
0.07870869
0.92471546
0.92047095
0.19004466
0.18110432
0.824001
0.2940057
0.9093473
0.9233938
0.90690506
0.8520879
0.22036928
0.79550046
0.15158914
0.12228069
0.87204707
0.9294182
0.07179955
0.046789832
0.04236354
0.052033305
0.09820313
0.91746205
0.10644691
0.052080642
0.04533482
0.045603737
0.046841606
0.04967594
0.05816835
0.09018907
0.81165826
0.10346777
0.06078876
0.052411575
0.052999973
0.06297133
0.114401594
0.8320428
0.10800049
0.061011963
0.054143082
0.057180617
0.08661189
0.057007853
0.052752692
0.052538686
0.05905084
0.06010789
0.06366618
0.07910325
0.11057981
0.27273232
0.8101584
0.15842906
0.22405049
0.07822308
0.06889531
0.07906889
0.14277047
0.75052845
0.2936434
0.13220963
0.13377878
0.22719145
0.85200226
0.71204984
0.13030595
0.090794615
0.08072712
0.11860355
0.6710049
0.14316386
0.09550111
0.16782676
0.10118946
0.08896685
0.06972585
0.057770688
0.07617861
0.08262884
0.06851845
0.1254754
0.813841
0.7395058
0.74183434
0.11787892
0.101824306
0.185435
0.89415807
0.83528596
0.81313765
0.7840822
0.7692946
0.82113636
0.12570597
0.07572455
0.09449527
0.90162694
0.86373615
0.933738
0.12340511
0.062447563
0.07712124
0.072509326
0.053695574
0.055725932
0.10988164
0.0753561
0.0632749
0.09691737
0.058656253
0.061696865
0.077736855
0.051118806
0.054486062
0.05147218
0.04142059
0.046043266
0.059102118
0.07181512
0.9314597
0.94438964
0.88187814
0.93194383
0.076312825
0.045330588
0.04449669
0.056350123
0.88518435
0.9342851
0.8869016
0.07906957
0.0573382
0.062563196
0.88037634
0.92560434
0.9470668
0.8808232
0.070570715
0.05787014
0.06935565
0.8732038
0.9397124
0.8884899
0.07057218
0.050723977
0.054155443
0.0920247
0.9006761
0.08735005
0.05242255
0.050411426
0.048606455
0.051739313
0.049216334
0.050019667
0.054256495
0.046487126
0.045834653
0.05577089
0.056315023
0.067598924
0.7889437
0.093537465
0.063111894
0.107292615
0.91910815
0.94168437
0.9578743
0.9455098
0.09925269
0.07020507
0.11232131
0.8068541
0.08093871
0.064824134
0.046037327
0.042823143
0.053821553
0.10665902
0.91294175
0.9163936
0.8855657
0.8908343
0.92765266
0.89948297
0.93529487
0.93009835
0.8712943
0.9109059
0.80687904
0.111354604
0.058653276
0.060151264
0.06990596
0.071159676
0.07388372
0.1294106
0.74324685
0.8588905
0.13416292
0.09136726
0.097523496
0.11234623
0.17345269
0.20780702
0.77047276
0.732999
0.7528228
0.77057546
0.12414724
0.10975265
0.091103084
0.71946436
0.7233787
0.7639487
0.85048455
0.9290991
0.90243614
0.92158735
0.0979817
0.08969273
0.094110385
0.76644033
0.78516376
0.81737614
0.15238844
0.1276924
0.16752945
0.15698673
0.11086302
0.10141973
0.75697577
0.7614298
0.23323527
0.09347121
0.06505631
0.04706777
0.046960417
0.037712913
0.04120156
0.07337422
0.9263453
0.9563462
0.95920783
0.9453203
0.10477134
0.07194611
0.09790821
0.87308955
0.12552452
0.060946457
0.06745302
0.1066371
0.12967256
0.7790652
0.7902059
0.8289184
0.91954803
0.9094344
0.7510988
0.7286306
0.124704346
0.06429098
0.05576397
0.07056205
0.06420254
0.071709536
0.8350713
0.8558076
0.9456752
0.94597185
0.12534446
0.13399288
0.07025465
0.04463541
0.045252435
0.05820747
0.056722116
0.050811287
0.04849686
0.049507625
0.07032531
0.8954504
0.8537349
0.93677956
0.9363698
0.11382601
0.053949267
0.05615275
0.06786469
0.7973201
0.87220657
0.16381153
0.15620784
0.28276312
0.8877382
0.9394739
0.9388808
0.8629351
0.19246611
0.190914
0.14836569
0.89171714
0.9063687
0.09855202
0.09295416
0.067921914
0.071062796
0.7474516
0.8958134
0.85623205
0.9258837
0.91567755
0.09530742
0.06993185
0.074313976
0.08057302
0.83118737
0.9269417
0.9087152
0.94403446
0.8664417
0.087847985
0.09801985
0.059185024
0.044334024
0.03857132
0.035639416
0.041944515
0.067809746
0.8992299
0.85395724
0.9343336
0.92937905
0.8229945
0.7721618
0.8689643
0.14742012
0.14766209
0.14918554
0.14160104
0.8972906
0.9005217
0.11644605
0.09774052
0.71508604
0.21474461
0.87838185
0.8919006
0.90811956
0.93782645
0.90401536
0.23090948
0.6861875
0.15906729
0.17980117
0.886783
0.900432
0.1035739
0.09536199
0.10224029
0.10176621
0.89382106
0.911744
0.86216706
0.9084433
0.80729175
0.728648
0.08192428
0.06760388
0.07208894
0.08718134
0.8586447
0.80949587
0.92002213
0.91989934
0.7962859
0.22314578
0.102212675
0.074776664
0.09946599
0.8838836
0.84129316
0.07861275
0.05836327
0.042993143
0.040469762
0.047044635
0.07416656
0.8826643
0.22437634
0.7416635
0.123452336
0.11743919
0.8868432
0.88204443
0.93665516
0.07264571
0.040324494
0.034327637
0.037033122
0.047114663
0.8699751
0.87833565
0.9079674
0.9377936
0.91462344
0.92229
0.9467913
0.9329783
0.92465156
0.9280908
0.057395928
0.037099063
0.03469792
0.038441926
0.052550647
0.9047363
0.8717772
0.9286035
0.48456445
0.43363768
0.89555377
0.3135577
0.88286537
0.07273816
0.04607141
0.044000316
0.070569925
0.07393059
0.08881652
0.8061124
0.7906759
0.09472263
0.08325452
0.14206986
0.09566724
0.07087461
0.059132118
0.051808782
0.057190884
0.08415646
0.7831595
0.80903447
0.7755158
0.12773044
0.07171143
0.092464894
0.08353876
0.06387295
0.082955614
0.07870861
0.07201644
0.09620287
0.84623796
0.7843851
0.87947756
0.8446526
0.91197264
0.9071913
0.813352
0.8015157
0.8657019
0.8147926
0.8270164
0.86956716
0.7609087
0.627616
0.28213137
0.28402942
0.8074873
0.73037195
0.1425325
0.21219742
0.08813064
0.07761054
0.08070291
0.19258341
0.16843985
0.87213075
0.79814684
0.081705645
0.05762638
0.055932116
0.075881295
0.77195626
0.104574725
0.05866965
0.05071546
0.052566186
0.080424115
0.8957965
0.22351216
0.086350985
0.10406067
0.8705906
0.14085199
0.0711292
0.08871236
0.90573025
0.92774725
0.93623537
0.89264184
0.9168063
0.95420307
0.95486355
0.94769174
0.08997205
0.03464823
0.028029218
0.027420573
0.027655272
0.02810567
0.029875178
0.03647864
0.062420394
0.9519768
0.9653571
0.96890134
0.93666667
0.0537074
0.03532167
0.033505615
0.036181457
0.038341194
0.03996687
0.0405652
0.040499877
0.04040618
0.040933467
0.045922432
0.06827072
0.855743
0.82884276
0.8419587
0.86617315
0.08101173
0.054089215
0.056171402
0.09704096
0.88320345
0.8586978
0.08365253
0.06369894
0.076147474
0.88414323
0.8744434
0.8769501
0.08919554
0.07027588
0.10573763
0.9095928
0.093583025
0.048656266
0.04486721
0.043912016
0.04515598
0.046026792
0.04670384
0.04636024
0.04628083
0.04812218
0.055639904
0.11483258
0.77785796
0.15369873
0.16089967
0.8402309
0.1657721
0.18542738
0.84690076
0.70932454
0.11286421
0.119106434
0.12707542
0.7877763
0.900749
0.87946594
0.93279785
0.9318718
0.88222814
0.9051385
0.9434024
0.9226529

