0.85122967
0.796229
0.60950863
0.48894176
0.49412802
0.59072167
0.7707662
0.6083675
0.21414423
0.36993673
0.78592646
0.6092251
0.5085498
0.5418776
0.18922772
0.19039777
0.86537004
0.11843903
0.07830703
0.10283515
0.06380149
0.05473191
0.07656969
0.093069844
0.8173214
0.85303706
0.13126321
0.15185356
0.053248886
0.04593015
0.04589015
0.0451408
0.044409163
0.04390859
0.044918455
0.050286368
0.07474906
0.8853368
0.9058792
0.8993646
0.07801075
0.048970066
0.050641965
0.048545167
0.04685917
0.048127547
0.050608978
0.051263116
0.05298986
0.058127396
0.061744902
0.08784544
0.14555013
0.086031064
0.06753887
0.09886664
0.12897694
0.14900015
0.894406
0.16639173
0.066099
0.056080814
0.06738841
0.7837676
0.22773567
0.19860958
0.84196615
0.85041136
0.89369345
0.9363472
0.35188624
0.17919758
0.8193153
0.06752361
0.04392762
0.043926314
0.060659688
0.060858265
0.1282507
0.13591813
0.08989948
0.11973181
0.1306767
0.10339107
0.21619095
0.12094601
0.10858806
0.13295622
0.16695875
0.14572439
0.16838668
0.087993324
0.07095534
0.07966875
0.07983059
0.09538486
0.1415123
0.8705977
0.16636693
0.09520788
0.086292535
0.09585662
0.80882865
0.26553407
0.08863201
0.061429113
0.059558116
0.07210832
0.82446164
0.87005675
0.75753313
0.7158648
0.68757147
0.7437717
0.87177956
0.7931801
0.78647715
0.84909415
0.13702771
0.047285516
0.03816607
0.038746167
0.040097862
0.045958854
0.04722097
0.042041775
0.046365388
0.07084517
0.90633106
0.9341399
0.0813532
0.04528917
0.039315354
0.044879597
0.07683315
0.8974051
0.20939343
0.08196801
0.11846241
0.89917487
0.9165191
0.9459175
0.93301207
0.9295538
0.9219438
0.9103963
0.90613204
0.114031255
0.073613875
0.13582505
0.9014471
0.07113399
0.046306536
0.04328982
0.05351555
0.102559924
0.9198593
0.11040363
0.054001346
0.04694342
0.04784771
0.0489065
0.049026497
0.049476147
0.049987607
0.05080878
0.051525135
0.050992113
0.05087846
0.053308617
0.06241378
0.11050538
0.78782356
0.11295079
0.0705044
0.06920658
0.08954915
0.2954101
0.10761381
0.095142506
0.1295221
0.11581313
0.08468706
0.0791169
0.10509556
0.14521018
0.8964629
0.124669336
0.07848294
0.1330481
0.06102625
0.065142885
0.05655026
0.08009684
0.12941478
0.9080792
0.12777251
0.11674112
0.11859431
0.13179727
0.06881958
0.050223604
0.045266464
0.04312534
0.04308025
0.044800904
0.05291904
0.08727367
0.931018
0.9004553
0.085815005
0.049382795
0.04260934
0.04192096
0.04126879
0.039312977
0.03831773
0.036107544
0.03442258
0.03361919
0.037982404
0.054440837
0.93696195
0.96302694
0.9567221
0.9258224
0.056565523
0.036231924
0.03257358
0.037639774
0.049793154
0.9137198
0.9545958
0.94324726
0.9564942
0.096692406
0.044999667
0.045203056
0.043596346
0.041096892
0.042267755
0.045576233
0.045494605
0.0464323
0.051901422
0.05885979
0.10316398
0.87332875
0.10697732
0.08200517
0.08343794
0.055035077
0.07004549
0.09186221
0.10470549
0.93490916
0.94063103
0.8963387
0.074601606
0.041976366
0.03940773
0.0397897
0.040100526
0.040588923
0.041469283
0.039699692
0.037661314
0.036972236
0.041707534
0.060856085
0.9378142
0.9603292
0.93445665
0.0671489
0.042368572
0.040357564
0.044351682
0.05388677
0.061585564
0.09024238
0.79451865
0.09038651
0.05751202
0.056843303
0.06353212
0.111087374
0.88839185
0.11229941
0.07521844
0.059769243
0.071004346
0.14872266
0.80989176
0.24834982
0.25601244
0.10456163
0.057693183
0.059182
0.056748465
0.049858946
0.052018516
0.05127781
0.046630677
0.051040478
0.04746022
0.04158994
0.04069933
0.04620804
0.063032255
0.88974667
0.92635965
0.08502813
0.047947306
0.047754414
0.06725287
0.9126379
0.9082602
0.24993214
0.41456112
0.90802664
0.9131847
0.9385246
0.9397522
0.92432255
0.94383574
0.8978252
0.8893231
0.12327115
0.10560417
0.7644456
0.06391727
0.045873884
0.047893822
0.06921232
0.88783646
0.8102612
0.0883686
0.076077305
0.10240048
0.93404496
0.9462238
0.9041503
0.076986834
0.04928821
0.04343326
0.043574587
0.048623823
0.047047313
0.04859856
0.053151
0.070243955
0.075285524
0.13806973
0.13587748
0.21451573
0.061828226
0.048775144
0.04644165
0.05269444
0.06798559
0.78675103
0.15649678
0.15283988
0.93165547
0.9458905
0.16561633
0.10397078
0.04678447
0.05029851
0.045720767
0.038734015
0.03609606
0.034753058
0.033954173
0.03354616
0.03832143
0.061177246
0.9445165
0.96412945
0.96407896
0.92356235
0.07630696
0.06400563
0.096511275
0.902851
0.07782286
0.043887317
0.0406097
0.043220267
0.04448475
0.04758099
0.054448985
0.07851997
0.16421564
0.9208304
0.8080763
0.1336432
0.16395372
0.752442
0.13831681
0.18089083
0.6898466
0.09441161
0.07968567
0.12127366
0.91124576
0.9254968
0.19788224
0.22878468
0.08489456
0.084006146
0.040772565
0.03592174
0.033534106
0.032691505
0.032829825
0.037995987
0.05842991
0.94823563
0.96269816
0.96884805
0.95927703
0.06267807
0.036089674
0.03306568
0.034565505
0.036186967
0.039738204
0.040712036
0.049894217
0.079854175
0.09225037
0.17694455
0.9089321
0.80106527
0.8308141
0.92775667
0.8573535
0.94210494
0.9367627
0.07398418
0.06553333
0.036327194
0.034472954
0.035695385
0.041735917
0.045988485
0.06806774
0.054529168
0.04579076
0.057519037
0.9252219
0.9529494
0.9541912
0.95879185
0.067773044
0.045312125
0.03918832
0.04226126
0.045402206
0.044737626
0.04533395
0.046292964
0.047145117
0.049251936
0.053206053
0.070648536
0.078790404
0.12922916
0.094298676
0.054347858
0.04836193
0.06810621
0.075791486
0.17766017
0.901818
0.43014058
0.9177693
0.92106575
0.14144836
0.06958396
0.058840726
0.06407768
0.16523966
0.13937677
0.105863936
0.23698646
0.19765206
0.100034855
0.09115279
0.11859213
0.74781704
0.8831928
0.885704
0.7492488
0.6996866
0.6993028
0.75399673
0.8826813
0.8953614
0.8201608
0.88135505
0.77406263
0.74651897
0.07158744
0.0511815
0.045011353
0.046557263
0.08120929
0.07595564
0.22625448
0.92027825
0.125894
0.118227884
0.065062806
0.057584986
0.09389532
0.916505
0.87559414
0.08097867
0.05689907
0.045353662
0.041794468
0.04028456
0.039596666
0.039206844
0.037854727
0.03777038
0.04244949
0.06120539
0.9164805
0.90857935
0.94684285
0.0818487
0.042232405
0.036172546
0.039453227
0.053136
0.86955136
0.8539862
0.3675389
0.9148334
0.9266182
0.93046486
0.92617655
0.328945
0.8884652
0.9260833
0.060483973
0.039066028
0.0359896
0.040730163
0.060464963
0.936077
0.92919225
0.95646626
0.109883964
0.042506732
0.03725752
0.037892867
0.04038095
0.04185886
0.043198552
0.044752803
0.04897154
0.055183705
0.07911103
0.8219966
0.81843865
0.08783839
0.0609752
0.07456577
0.07099219
0.08735184
0.7919883
0.76711905
0.7972024
0.80714524
0.12438748
0.07189221
0.06808636
0.06298076
0.061161857
0.09091053
0.1373102
0.77329767
0.12513661
0.06827568
0.050058242
0.04778009
0.0689801
0.057088364
0.0840103
0.09361881
0.21226713
0.927669
0.8991812
0.914532
0.9479297
0.8917328
0.13315131
0.1004926
0.058282524
0.04682944
0.06351201
0.111982964
0.89289266
0.11874801
0.06729567
0.11477229
0.05802583
0.06009147
0.09468862
0.8798323
0.36139184
0.89092135
0.10850625
0.06706027
0.08255174
0.7605969
0.07287312
0.04574782
0.039585408
0.03800682
0.040509332
0.05044188
0.16929978
0.9455066
0.9416579
0.08950614
0.04878537
0.04898755
0.059706863
0.8162033
0.11413369
0.10625033
0.90770435
0.9330895
0.91213775
0.9246019
0.9537438
0.91797006
0.9473192
0.08794665
0.035533078
0.028967395
0.028519636
0.028572045
0.02912998
0.03098922
0.037373457
0.06404916
0.9524692
0.96561694
0.9689078
0.93488926
0.0537183
0.03545739
0.03371715
0.036252204
0.03843755
0.040271766
0.04147784
0.0429437
0.046350196
0.056671727
0.09988031
0.9061564
0.10645634
0.06564338
0.06683216
0.09766853
0.83076596
0.10510083
0.06337655
0.06292385
0.052497808
0.057060454
0.050989848
0.048295837
0.046942502
0.045984108
0.04398524
0.042790327
0.044462223
0.054028682
0.09346531
0.9135318
0.8318311
0.8407154
0.9076217
0.09078418
0.051999956
0.049466725
0.06687456
0.067865014
0.06661653
0.070917755
0.07548816
0.20276654
0.13613367
0.11655267
0.13085629
0.27485883
0.6816916
0.19790402
0.23983087
0.11463876
0.08750275
0.120495
0.119118206
0.24565299
0.81350166
0.36876634
0.56939596
0.82728
0.6562586
0.34748745
0.4404408
0.8625992

