0.8568889
0.8171397
0.66811305
0.55628616
0.5542052
0.61084664
0.6985299
0.8054769
0.9139278
0.93015033
0.9255183
0.89284277
0.69432366
0.6996608
0.85881627
0.7923468
0.8938969
0.09618474
0.063565806
0.081488706
0.054778762
0.048712805
0.057747893
0.06124418
0.069466956
0.07291785
0.058823075
0.06794794
0.052416004
0.049335256
0.048131667
0.046492644
0.04477374
0.04348032
0.043581985
0.048400577
0.0708344
0.89288145
0.917282
0.90607196
0.077477194
0.048029315
0.047684018
0.046081528
0.04490316
0.045118764
0.0461399
0.046164956
0.04801764
0.056332756
0.083524704
0.8136176
0.9065203
0.14964518
0.06762438
0.07186494
0.05895335
0.0572244
0.06603569
0.05739767
0.07775675
0.7768058
0.092800245
0.070391305
0.11089099
0.846274
0.83332354
0.8363367
0.101269424
0.09615589
0.0819863
0.06600177
0.8421
0.83523285
0.87148917
0.92080206
0.95481735
0.95108837
0.95730114
0.9443685
0.06071579
0.03779852
0.032976694
0.035192307
0.03986368
0.049544495
0.08014129
0.8106294
0.09620099
0.057309914
0.050338794
0.04607647
0.045400705
0.047730304
0.05473306
0.077528276
0.7917093
0.8946646
0.14613438
0.08309059
0.0777225
0.092323676
0.7960155
0.20456979
0.0706758
0.05150724
0.050710388
0.06351988
0.8225326
0.8774041
0.7992211
0.7749258
0.7580494
0.8168739
0.9118396
0.8566842
0.8356453
0.87803495
0.11260639
0.0437282
0.035863124
0.037181363
0.03875312
0.042273477
0.042925313
0.04088777
0.04600693
0.06984119
0.91066134
0.93710995
0.080911405
0.04642358
0.041037824
0.04768051
0.0833001
0.90289086
0.20965238
0.07941253
0.10513938
0.8553098
0.2893304
0.92203176
0.9373159
0.92961854
0.8895481
0.23387009
0.84154433
0.10048147
0.07519
0.13169384
0.90330815
0.076001465
0.0482621
0.045242183
0.055507388
0.10537274
0.920575
0.10893035
0.054201495
0.047098298
0.04768472
0.048797064
0.049081024
0.049516607
0.049991995
0.05079839
0.051426392
0.05078054
0.050264586
0.05223751
0.060319543
0.10339967
0.7816944
0.105850145
0.068142466
0.072510704
0.112693496
0.87606657
0.78919667
0.121251345
0.08140003
0.087599374
0.07613886
0.08830371
0.6154403
0.7798217
0.8865602
0.7980557
0.7921233
0.89745057
0.09304776
0.056254085
0.05507554
0.08033352
0.83572173
0.89585
0.8354072
0.8536802
0.8798406
0.9332492
0.8494867
0.06088192
0.038630307
0.034178972
0.03523431
0.0386454
0.048110403
0.08220646
0.93137014
0.9038935
0.077801004
0.046226326
0.04100054
0.040257562
0.03996376
0.038674653
0.037911553
0.035932098
0.034340538
0.033577003
0.03801641
0.05475308
0.93837124
0.9634327
0.95724
0.92502064
0.056102302
0.035966314
0.03230481
0.037025034
0.049282912
0.91754043
0.9574336
0.9480744
0.95733494
0.08219524
0.04142939
0.039957974
0.040431716
0.04059066
0.041965015
0.044219535
0.044404786
0.0440836
0.04400095
0.041644268
0.04058355
0.04119302
0.038712017
0.04841773
0.07622083
0.9103876
0.92298853
0.93231833
0.9350817
0.19845134
0.08043465
0.048083816
0.050810233
0.067672305
0.74424756
0.0875808
0.06651997
0.089796096
0.87981653
0.7944284
0.7744138
0.7232368
0.69644445
0.69371784
0.73684824
0.17469634
0.08530329
0.07904224
0.10107103
0.67490757
0.7803864
0.87938285
0.7635096
0.7432619
0.66991436
0.11156939
0.095511705
0.16413257
0.12785059
0.1591322
0.79952484
0.21493606
0.27285162
0.69588804
0.7477707
0.14917885
0.06066204
0.05381013
0.08682862
0.070769645
0.07148995
0.76602334
0.10018735
0.066338964
0.10404321
0.9129163
0.93897825
0.957405
0.9452602
0.09624511
0.070416614
0.11663906
0.8067183
0.081747085
0.06830031
0.051614426
0.047272634
0.058526907
0.115459055
0.90057415
0.8856014
0.47544855
0.4616222
0.87182623
0.8664983
0.92787564
0.921485
0.782973
0.17158549
0.07710716
0.08104439
0.06309129
0.084524
0.68806535
0.10423912
0.072452545
0.1032353
0.7953677
0.8800706
0.11853631
0.08037153
0.10554092
0.20187208
0.93159795
0.9350882
0.8803348
0.08549585
0.056679647
0.044251326
0.039941464
0.041512243
0.045840614
0.06490111
0.8287468
0.7920885
0.12169224
0.13538112
0.19706772
0.9036904
0.07371243
0.042350873
0.03621256
0.04206973
0.06333789
0.9091945
0.9109499
0.9376351
0.94830847
0.9296543
0.27100348
0.13598752
0.84831893
0.9007399
0.9395171
0.9180949
0.9146039
0.15638359
0.16311291
0.8590546
0.8747792
0.88046175
0.9140124
0.08208671
0.046399795
0.04004016
0.04509238
0.06787779
0.8043682
0.10361029
0.070100375
0.08658279
0.87132615
0.9330542
0.0800025
0.048492465
0.044097777
0.04401783
0.05548197
0.06540241
0.0897321
0.849208
0.10397307
0.05045523
0.04151053
0.044519775
0.044118386
0.057116244
0.9023292
0.9200252
0.9607577
0.9540854
0.09233178
0.07917383
0.046977576
0.041245326
0.04773354
0.076990396
0.7952249
0.083647706
0.053624563
0.05307716
0.0835305
0.9091192
0.84330416
0.9176139
0.37791878
0.13059023
0.114466876
0.651935
0.10048769
0.098091535
0.13966317
0.12072442
0.20268184
0.85851496
0.8103778
0.89760464
0.892426
0.7906002
0.8114567
0.90140915
0.86762357
0.9313511
0.9299772
0.0838556
0.08223865
0.03901929
0.034399327
0.035255175
0.040569887
0.042858794
0.057321202
0.050108183
0.044179685
0.05518245
0.91807055
0.9504405
0.95395076
0.9579999
0.071936786
0.049155463
0.040940993
0.042114068
0.042691387
0.037410688
0.035295706
0.03459842
0.034992862
0.0451167
0.068996444
0.90603405
0.8826778
0.9362394
0.9275223
0.8353666
0.8051684
0.87166756
0.83020467
0.90387976
0.9107337
0.85489774
0.91397095
0.90055627
0.19312593
0.7455302
0.060780678
0.04103006
0.043903764
0.03837561
0.035559118
0.045360256
0.049795736
0.054563828
0.88604856
0.87539315
0.9251856
0.9490201
0.93115276
0.111212045
0.100096345
0.13806778
0.89340323
0.9414888
0.9399798
0.099266246
0.07772078
0.052657608
0.045775864
0.056590915
0.66668016
0.16332802
0.75947714
0.88695395
0.861109
0.9277798
0.9324282
0.90080166
0.9203018
0.84090215
0.7732258
0.7830153
0.8764936
0.78492075
0.11640155
0.12491099
0.06268752
0.06892437
0.073976375
0.07373161
0.1058416
0.0898451
0.09209547
0.10787445
0.11590096
0.10385475
0.09046799
0.15637302
0.09227503
0.07474459
0.10357524
0.6966605
0.69339126
0.67356724
0.1567503
0.18089256
0.85936403
0.10631314
0.0777988
0.13130797
0.14029509
0.2191907
0.9132149
0.8187588
0.85659593
0.147311
0.056252245
0.044374194
0.05897134
0.05570452
0.08500092
0.09290413
0.066071115
0.11985308
0.8871598
0.87365806
0.073912375
0.04538234
0.040476125
0.04309329
0.04802209
0.06839345
0.90284663
0.8955443
0.9060702
0.077397615
0.050141104
0.042881213
0.043581653
0.0509033
0.07927559
0.8235146
0.84865934
0.104122296
0.05898075
0.055428192
0.053103432
0.049916558
0.051880106
0.050860047
0.050082643
0.05397093
0.056057133
0.050147243
0.051456705
0.07733387
0.06502303
0.102541514
0.121884055
0.25707078
0.92173755
0.8926572
0.9090965
0.9457719
0.8947322
0.10461001
0.07659079
0.047780134
0.041844036
0.05404202
0.09212964
0.8700175
0.18739499
0.1810536
0.8876958
0.09875431
0.05663737
0.05460675
0.09083414
0.06535269
0.07256848
0.056721333
0.06104215
0.08207907
0.7875925
0.08419485
0.054761395
0.0583994
0.09107258
0.8815125
0.16303806
0.14559323
0.9112036
0.9233755
0.17268431
0.16625926
0.8947841
0.0770471
0.040802702
0.034182165
0.038535632
0.051363416
0.050157797
0.057263423
0.93155015
0.95985985
0.9523225
0.95933473
0.101538666
0.037234876
0.030411677
0.029605582
0.029247407
0.02974107
0.031313393
0.037602197
0.06376229
0.9519016
0.965406
0.9687827
0.9374868
0.053896856
0.035148542
0.032813545
0.034060273
0.03489837
0.036099967
0.03752229
0.042746827
0.062402956
0.85926735
0.8643395
0.94082993
0.08687796
0.051394064
0.048327856
0.055958934
0.08400609
0.80460036
0.088343
0.058476444
0.054985538
0.075691804
0.8358869
0.8245744
0.82779306
0.0743582
0.04550675
0.041937944
0.04408001
0.055770647
0.10872129
0.9131921
0.8154974
0.13212012
0.18772294
0.067149766
0.0718378
0.057267
0.067452185
0.06380915
0.06088952
0.06433802
0.07997571
0.14998913
0.122331314
0.12565681
0.17476991
0.84685594
0.14467427
0.14188038
0.19577672
0.100225054
0.073915735
0.09652525
0.10801701
0.14570265
0.25547707
0.2160379
0.88195115
0.8991944
0.79178864
0.7927302
0.8791595
0.9238602

