0.8399536
0.7773393
0.5754153
0.45522293
0.46114528
0.49233165
0.56508076
0.6199298
0.72535187
0.85657203
0.4772809
0.1413952
0.10388299
0.101657644
0.123924844
0.5184281
0.7643129
0.25648054
0.20591453
0.30777246
0.16529614
0.12983389
0.18752682
0.16472398
0.2259098
0.27432162
0.22692572
0.79300904
0.6517365
0.15503274
0.12902962
0.12153616
0.15568642
0.14352155
0.18700066
0.19727527
0.13882999
0.14546318
0.10278843
0.06814114
0.06902512
0.10566069
0.19507413
0.7515516
0.2260261
0.108408414
0.15223096
0.6991008
0.72193384
0.74338716
0.103569694
0.076017834
0.09952851
0.062900364
0.051789988
0.06908246
0.09527903
0.12786181
0.90503675
0.122161254
0.057108834
0.05127491
0.064427406
0.8090272
0.18555273
0.18172583
0.87904316
0.8847155
0.918499
0.9449312
0.3266558
0.17617832
0.8426747
0.06566501
0.04213032
0.0411894
0.04752118
0.05007905
0.06647633
0.06782986
0.058727473
0.06182156
0.061826885
0.056496385
0.063099094
0.059115034
0.059418567
0.0709766
0.08731295
0.08442649
0.11327802
0.06703312
0.057668235
0.047916763
0.044854324
0.04881549
0.07637232
0.8930428
0.79064536
0.78067476
0.121950835
0.10047665
0.85909
0.92132074
0.84584826
0.8212699
0.11122803
0.109311394
0.845907
0.92384815
0.0716493
0.043563023
0.039788328
0.04335318
0.056788504
0.05530334
0.08283805
0.11354517
0.14078249
0.068337604
0.070139945
0.08368412
0.14602332
0.36227572
0.4077537
0.21895157
0.2620704
0.24643746
0.18769822
0.3023327
0.11014881
0.09752984
0.1449823
0.15993989
0.15517883
0.2676651
0.8483995
0.1967425
0.18158787
0.18543065
0.15334801
0.88277656
0.18952219
0.06955651
0.076171204
0.07181403
0.0973272
0.89960945
0.83831817
0.10297557
0.12204348
0.0468506
0.04016227
0.039328743
0.04149174
0.052178584
0.17999059
0.9449137
0.88922113
0.89281446
0.07569264
0.043836012
0.0398022
0.041292995
0.04444109
0.049456067
0.06255916
0.09778889
0.78794354
0.10635122
0.08021672
0.071307674
0.053399917
0.046601824
0.04464706
0.05848324
0.23403707
0.93912476
0.89372486
0.8788086
0.8801966
0.07989647
0.044739656
0.04136624
0.045462664
0.047920145
0.059520118
0.05480272
0.06846078
0.14997762
0.08090734
0.111164756
0.07278051
0.09538723
0.09015387
0.12747237
0.07198452
0.10094217
0.123288274
0.15119773
0.08288615
0.055456873
0.047720358
0.04450425
0.044540636
0.046802882
0.05490029
0.088819996
0.9261504
0.8927674
0.09047052
0.050589405
0.043335434
0.043039862
0.04235297
0.03989146
0.038897716
0.03640734
0.03462967
0.033751
0.038060844
0.05449196
0.9361049
0.96277547
0.9558861
0.92592996
0.05704757
0.036740422
0.033116378
0.03857398
0.050688047
0.90190756
0.94970256
0.92831993
0.95388967
0.104956396
0.047742993
0.04927817
0.04665391
0.042654846
0.044103757
0.048356123
0.04782317
0.04790257
0.051929396
0.048350196
0.056300912
0.075343065
0.055397693
0.08388137
0.12394114
0.8604516
0.8849832
0.90023667
0.9139677
0.22764963
0.08847111
0.044813957
0.041816834
0.041657772
0.043616954
0.04868078
0.059187904
0.10845608
0.916188
0.14009063
0.06026724
0.048242517
0.046489097
0.047087338
0.051339168
0.06416827
0.10149515
0.8562163
0.099471696
0.057450525
0.050932582
0.04915193
0.045190006
0.044946827
0.047032136
0.05618565
0.09801934
0.92109317
0.09470294
0.050850224
0.04123689
0.037120964
0.03595741
0.03578787
0.043007527
0.08967814
0.95109636
0.9593307
0.9606204
0.08840728
0.0389717
0.0347212
0.033333145
0.033339765
0.03598675
0.045429412
0.074368
0.9361756
0.9367153
0.08257806
0.047064465
0.042124614
0.046619777
0.07442791
0.8834719
0.081880614
0.046206873
0.04548194
0.05919616
0.9029243
0.9143507
0.88317937
0.89942133
0.9388936
0.9180375
0.95214987
0.95274985
0.90640426
0.93147534
0.057039138
0.036215063
0.030901315
0.03243698
0.033905964
0.037198275
0.046403013
0.104361765
0.8573308
0.8921415
0.11216363
0.07361413
0.088670276
0.14123884
0.9170542
0.9180039
0.85484636
0.09700914
0.07045105
0.059265688
0.05590162
0.07926674
0.08305183
0.09967914
0.8352324
0.08798745
0.054972067
0.051588032
0.04865081
0.04714192
0.042675104
0.042674795
0.048581038
0.074413456
0.90044045
0.918591
0.0848259
0.0476163
0.04520042
0.039288145
0.035206947
0.03966554
0.05969393
0.93822974
0.957849
0.9350146
0.13815466
0.16015269
0.90674883
0.07191269
0.043792002
0.04153396
0.043264315
0.04753297
0.048054606
0.047492392
0.047590464
0.04783772
0.04883547
0.050739687
0.051860552
0.061519563
0.11141446
0.91509336
0.105044715
0.0629425
0.05598453
0.053081427
0.07432686
0.06797682
0.05183346
0.049522404
0.05313805
0.04501498
0.043516506
0.05137361
0.048339464
0.059563465
0.88836145
0.89663714
0.9571766
0.9489178
0.12242007
0.13818276
0.065957636
0.044842977
0.0469282
0.06366322
0.08915154
0.7897214
0.10485728
0.065000385
0.072120465
0.18889901
0.18151945
0.30772293
0.24828711
0.122634195
0.12807764
0.14869177
0.21313255
0.13600415
0.18705991
0.14792028
0.2105013
0.82414144
0.7478564
0.87602246
0.865576
0.7159868
0.7396774
0.86766493
0.8170974
0.9185197
0.92325294
0.09565377
0.10915322
0.044909626
0.036633857
0.03737796
0.04594922
0.04894115
0.07289591
0.05800317
0.04640735
0.056820605
0.9210302
0.951135
0.9526802
0.9581259
0.068645805
0.04617138
0.03831122
0.039934907
0.04065751
0.037503585
0.035981596
0.035277937
0.035679374
0.042373445
0.06726131
0.9227118
0.87384653
0.94506526
0.9292789
0.10019298
0.065004855
0.110365316
0.104846515
0.22482853
0.8567712
0.21336459
0.264325
0.22631308
0.13937268
0.5821365
0.56481177
0.59125894
0.7755416
0.2613533
0.17218119
0.32764608
0.28572085
0.14479655
0.13311003
0.15372153
0.15215911
0.36470214
0.37204546
0.18737638
0.23025967
0.25524217
0.26781535
0.7551347
0.5074551
0.33446494
0.4638678
0.61947006
0.2275397
0.117956966
0.12295358
0.12506805
0.12851548
0.32184476
0.21203521
0.44803602
0.43724954
0.22679906
0.36994419
0.23415002
0.17353311
0.2598083
0.78214765
0.23946534
0.19519287
0.26952162
0.11005198
0.12112544
0.11331546
0.09522858
0.13263665
0.09295934
0.08186551
0.081320345
0.09286301
0.120464385
0.12859392
0.88725424
0.10440674
0.050852735
0.043975286
0.04538081
0.060273394
0.80454385
0.227449
0.17991492
0.9204361
0.91362405
0.9146234
0.93312407
0.19349653
0.29701415
0.9008386
0.07097983
0.04590195
0.04708634
0.05228152
0.082782164
0.8760349
0.16854554
0.2214277
0.2589735
0.18139738
0.8846443
0.089877345
0.05425608
0.05354255
0.07240599
0.19148576
0.9076969
0.17956048
0.062596686
0.05417653
0.054660153
0.074661456
0.79846287
0.88895476
0.274537
0.80246824
0.8198501
0.07233126
0.045095947
0.04381048
0.049177654
0.04858649
0.048636023
0.04796048
0.046911594
0.04631048
0.04495381
0.044047266
0.045382474
0.051492296
0.07367151
0.8436138
0.08104597
0.04584299
0.04051567
0.038224284
0.08130211
0.15227409
0.92910504
0.9382993
0.9575939
0.95503366
0.9572828
0.9582608
0.9246282
0.056592323
0.03544758
0.03197092
0.033415306
0.04127899
0.07280439
0.92143106
0.8574804
0.07571416
0.052718677
0.05891684
0.08855377
0.8178014
0.08475933
0.05345969
0.045074943
0.042308506
0.043043382
0.043418914
0.05265122
0.084706195
0.8697601
0.1593666
0.15403186
0.89765227
0.8871193
0.36223263
0.78408223
0.88132423
0.08244774
0.051972456
0.05082918
0.07362155
0.18317139
0.8705385
0.7326369
0.7896442
0.92628884
0.9445199
0.94323814
0.20544964
0.052635435
0.03477874
0.032578003
0.03222367
0.033102944
0.0372096
0.040851835
0.06641085
0.9454273
0.9484396
0.96290654
0.9057037
0.059405312
0.03829779
0.03671018
0.039219823
0.042371377
0.045733433
0.0476481
0.048810434
0.05229612
0.054619152
0.05623078
0.06418993
0.054039378
0.050314907
0.045984738
0.042582806
0.04319607
0.051750187
0.083440445
0.9307425
0.89157677
0.086306535
0.05311127
0.05230984
0.073594995
0.8522314
0.07360886
0.043598104
0.036698103
0.041798137
0.077095576
0.9496038
0.9625551
0.9625787
0.9553133
0.056462836
0.035493582
0.0323812
0.034605615
0.03589251
0.037544034
0.040284745
0.048082367
0.080769554
0.8547291
0.875903
0.085757546
0.052368242
0.04153537
0.0396207
0.040693272
0.03711222
0.035394996
0.0391194
0.047568887
0.104576804
0.92037845
0.898789
0.9460446
0.9522174
0.9548977
0.9500939
0.9644787
0.9597266

