0.8530323
0.80884475
0.64773077
0.521876
0.5092698
0.5486735
0.61528414
0.7106417
0.82787174
0.9185763
0.92530274
0.89259243
0.6894164
0.6871288
0.8463416
0.7809146
0.88843256
0.10134557
0.0674966
0.08368106
0.055893928
0.05025817
0.06793063
0.0880519
0.8144368
0.8556034
0.12297212
0.12502325
0.051473975
0.04555302
0.045564424
0.044866506
0.044116784
0.043567795
0.04439541
0.04968244
0.07363882
0.88773036
0.9108939
0.9001907
0.07742869
0.04855877
0.049498934
0.047808927
0.046730116
0.04807919
0.050209425
0.050763328
0.051896214
0.05484156
0.057124943
0.07291773
0.11244695
0.070825085
0.058960956
0.079349235
0.10697852
0.13508181
0.90051866
0.13377838
0.059337534
0.052104987
0.06453074
0.7977752
0.19292712
0.171247
0.87600297
0.8818237
0.91418934
0.9435173
0.3293077
0.17057566
0.83271277
0.06616979
0.042530432
0.041338768
0.047767527
0.049879957
0.06882918
0.07114633
0.060643323
0.07101043
0.0882181
0.10947933
0.7925345
0.1133746
0.06920507
0.07047906
0.0756448
0.073269494
0.09655837
0.06103993
0.053215716
0.04607138
0.044046625
0.048329037
0.07445481
0.8932061
0.796675
0.78350776
0.12155195
0.100015596
0.8576443
0.9211675
0.8466404
0.8202
0.1111481
0.109152034
0.84419453
0.9236438
0.07203973
0.043795727
0.04009013
0.04417698
0.061454948
0.058537982
0.09310297
0.12368141
0.15244088
0.072806545
0.074994035
0.086758584
0.13690919
0.35350603
0.40091884
0.19352862
0.20903727
0.19166759
0.15807626
0.25737125
0.09789511
0.087332904
0.12262815
0.13876492
0.14113781
0.25900805
0.8565673
0.19434005
0.17649765
0.18010154
0.15171637
0.8837358
0.19500235
0.06816554
0.0718471
0.06700037
0.08320177
0.8735056
0.7666406
0.7809034
0.89473313
0.133479
0.11537273
0.7473023
0.093089975
0.0869505
0.12977435
0.107890636
0.07165339
0.09721447
0.8446123
0.8490638
0.8703685
0.08047017
0.058041323
0.04845374
0.05520823
0.08408588
0.83226055
0.08130874
0.047928177
0.039420504
0.035802074
0.034221526
0.03484862
0.043386277
0.15773271
0.95772445
0.963927
0.95867854
0.9388859
0.058154874
0.03666761
0.034121327
0.036289856
0.03856317
0.0442043
0.05553763
0.106597684
0.91660315
0.10239885
0.06086421
0.04948364
0.049817294
0.05032189
0.053318124
0.050927702
0.056766037
0.063944794
0.074415945
0.09328103
0.79439527
0.090611234
0.056780398
0.051156983
0.05333272
0.061921682
0.09686706
0.91272867
0.87738556
0.08953766
0.050271314
0.043442782
0.043060455
0.042235598
0.039880708
0.03887936
0.036457274
0.03471586
0.033851553
0.03827093
0.055563316
0.9374857
0.9628857
0.9564916
0.9227798
0.05663381
0.036493495
0.03269626
0.037583955
0.049170744
0.8987175
0.95124996
0.9343434
0.95511544
0.10323791
0.047217675
0.049155723
0.045907255
0.040679116
0.040783394
0.044828996
0.043225035
0.04398861
0.05957304
0.06833694
0.81411964
0.9037332
0.8165719
0.82178605
0.13314255
0.063092135
0.06664727
0.07674843
0.095964
0.93652457
0.94470847
0.89962596
0.068089224
0.040155556
0.037590016
0.03866889
0.039339896
0.040095586
0.041028947
0.039424494
0.037517365
0.03688221
0.04162724
0.060673624
0.93771344
0.9604359
0.9347258
0.06705254
0.04231765
0.040336568
0.044342224
0.053858925
0.061384216
0.089969404
0.79411113
0.090117045
0.057376698
0.05672895
0.063527904
0.111962445
0.89040124
0.114711285
0.0792026
0.061902646
0.07365581
0.15341926
0.80834323
0.23234119
0.25394973
0.10211667
0.057129554
0.05738004
0.055035643
0.049289323
0.051226012
0.051127385
0.04799686
0.05977753
0.068111315
0.054911677
0.04422122
0.048137907
0.06363322
0.8865931
0.9256159
0.083734095
0.047735102
0.047462504
0.06601903
0.9119773
0.9077704
0.24774288
0.4095591
0.90769506
0.9127954
0.9383221
0.939493
0.9236771
0.94351745
0.89651716
0.8877314
0.12264787
0.105057545
0.7621841
0.06385718
0.045818534
0.04784844
0.0690359
0.88721603
0.80857545
0.08857183
0.07643197
0.10086007
0.9321319
0.94356024
0.89714587
0.081235565
0.054236077
0.04963268
0.05236896
0.08018261
0.08032419
0.056898512
0.057945557
0.07950664
0.0802788
0.14568743
0.14368637
0.24619804
0.06301618
0.049125038
0.046527322
0.05280795
0.06786514
0.7854404
0.15582268
0.1521605
0.9314203
0.9458312
0.16661878
0.104212925
0.046757724
0.050071556
0.045572795
0.038689855
0.03606597
0.03472263
0.033919178
0.03352676
0.038302045
0.06113307
0.9444847
0.964111
0.9640987
0.924182
0.07635187
0.06401228
0.0965682
0.9028961
0.07811098
0.04392511
0.040680576
0.043449394
0.044762455
0.04790791
0.054835394
0.078728124
0.16233125
0.9195722
0.8071986
0.1336749
0.1628185
0.7515842
0.13798614
0.17953297
0.69220185
0.09443584
0.07964606
0.12174674
0.9124087
0.92698205
0.20408386
0.23197098
0.08555344
0.0828719
0.040618546
0.03577369
0.033449426
0.03263419
0.03279758
0.037968483
0.058389425
0.9480882
0.96259344
0.9688681
0.9593547
0.06293479
0.03605838
0.03298795
0.03438773
0.035933904
0.03939359
0.040285144
0.04976183
0.07920299
0.09209336
0.18299882
0.9088293
0.8179618
0.8467839
0.9307735
0.8695938
0.9427342
0.9364167
0.0702471
0.057624508
0.035019565
0.033960566
0.03512456
0.040777985
0.044655025
0.065526485
0.053483695
0.045201268
0.056386866
0.9221627
0.951468
0.95344406
0.9582832
0.06837217
0.045419242
0.038122304
0.039747912
0.0403948
0.03729401
0.035781816
0.035096433
0.035463244
0.042175762
0.06708496
0.92312217
0.87530965
0.94702613
0.9321554
0.09803249
0.06283027
0.10329634
0.09868293
0.2192499
0.8629325
0.2092809
0.24903198
0.22920424
0.19045307
0.60466766
0.68106186
0.8773823
0.87615067
0.276266
0.1579563
0.31411535
0.2573207
0.11791237
0.10761688
0.12790918
0.12509497
0.3506783
0.3541803
0.14790793
0.1824898
0.21936485
0.2257496
0.86196464
0.37452796
0.13448432
0.16238704
0.07878149
0.04752859
0.041163713
0.042912282
0.051745843
0.07130623
0.87192
0.19763897
0.41757965
0.92486787
0.91118926
0.9404871
0.861017
0.21944073
0.1916118
0.89770013
0.8617599
0.071910694
0.055612892
0.04625977
0.046079896
0.052225284
0.07421371
0.066221446
0.0543496
0.062744156
0.06383316
0.07151878
0.0904464
0.11494572
0.90619713
0.09925211
0.050985005
0.043772783
0.04547037
0.0604128
0.79537576
0.21334104
0.17985158
0.9180837
0.9061764
0.90951425
0.9317113
0.20164426
0.3055603
0.8990669
0.07239945
0.046944488
0.050095864
0.05412237
0.08046902
0.8601341
0.16785969
0.21278341
0.23589997
0.26799598
0.8705674
0.7279436
0.6921159
0.67765564
0.1404427
0.15541838
0.8861083
0.16348521
0.07890606
0.052839518
0.050783195
0.0629825
0.067757055
0.11991444
0.84800315
0.09382682
0.058248285
0.057392653
0.081348136
0.83410186
0.87595654
0.0890582
0.053695943
0.046972804
0.04500354
0.04507354
0.044738565
0.043996073
0.043244954
0.041568927
0.03931031
0.037182525
0.03597443
0.035176348
0.04132862
0.06397046
0.16918533
0.9514909
0.95937717
0.9655198
0.9658776
0.9460723
0.06905305
0.043984935
0.035143867
0.036849815
0.046800923
0.08639149
0.90252984
0.10370097
0.075637
0.11025214
0.84136844
0.08759315
0.05355873
0.049636893
0.048924074
0.050240863
0.05014032
0.05019618
0.050613634
0.05059357
0.05063631
0.05073128
0.051197402
0.05031764
0.05043765
0.0489223
0.049585897
0.060198266
0.06457167
0.0697792
0.12493167
0.9172433
0.14032523
0.056465656
0.046222482
0.04786626
0.072007895
0.081364095
0.07625483
0.8505077
0.919146
0.40847403
0.92170393
0.14391072
0.044863857
0.036077686
0.033668816
0.032774337
0.03272131
0.03434856
0.039644532
0.06729353
0.95171964
0.96420693
0.9681418
0.93126684
0.055043604
0.036045518
0.034044906
0.035940573
0.03739757
0.038870327
0.03993659
0.041599207
0.048482537
0.07166165
0.8518109
0.92453915
0.109941915
0.06593921
0.05821862
0.05724695
0.08714533
0.74291784
0.18442795
0.2739105
0.80862594
0.095738284
0.05654704
0.054652154
0.07470702
0.8047225
0.07792782
0.05085071
0.039890755
0.043980043
0.07561412
0.9429734
0.94689614
0.94446075
0.95212644
0.06211116
0.03748554
0.033882998
0.036159664
0.037362665
0.03873073
0.04115373
0.04783574
0.10015756
0.81297284
0.7966025
0.80728775
0.90360016
0.79559565
0.1229945
0.11863352
0.06384552
0.050171904
0.06760365
0.07242698
0.15224014
0.89727867
0.8629923
0.9315115
0.9323434
0.8796362
0.9016265
0.9425254
0.92188704

