0.8370207
0.7747714
0.60462916
0.55047876
0.6646331
0.84009707
0.8358467
0.34444275
0.35211992
0.52402014
0.8468317
0.85513854
0.19702299
0.16211973
0.45599604
0.16761181
0.2514938
0.13420814
0.13173424
0.20934062
0.13825758
0.15990107
0.15997525
0.13891783
0.2162949
0.66616225
0.72887963
0.8951026
0.11725048
0.06909991
0.06984009
0.07493577
0.09307314
0.79345214
0.20037478
0.15307273
0.08975983
0.08360493
0.06324452
0.052351523
0.05249923
0.057180922
0.09545516
0.08068065
0.053802643
0.0487476
0.048592076
0.04367437
0.042232145
0.042332284
0.046842176
0.07751999
0.93157095
0.8911893
0.8891782
0.89375526
0.069690675
0.043591764
0.041970547
0.042158145
0.044791978
0.04693302
0.04896711
0.05270288
0.06386967
0.065479435
0.075681135
0.09226756
0.077017695
0.16192316
0.16337943
0.12049771
0.8105971
0.09276777
0.055783067
0.052331503
0.072807565
0.08089212
0.108527124
0.07975415
0.06417262
0.09520571
0.8862509
0.91451794
0.0954155
0.047567762
0.04087272
0.03964917
0.038846582
0.03817988
0.039068203
0.043462288
0.059016753
0.8579508
0.8533498
0.13767637
0.13498747
0.9209825
0.90050507
0.8559963
0.8529867
0.13030078
0.16293387
0.93118584
0.94359756
0.06502902
0.03978881
0.03704791
0.03943366
0.042809453
0.04454684
0.046655916
0.048250347
0.051552024
0.054316442
0.051175352
0.055937972
0.06080675
0.06188409
0.05150372
0.048124876
0.055051778
0.08666616
0.89698535
0.90025264
0.1584071
0.1374148
0.11339501
0.09793722
0.15815361
0.08727665
0.11268384
0.19664907
0.21705003
0.17962193
0.31374213
0.30552208
0.15914363
0.17659025
0.18510482
0.1968268
0.24055901
0.14718671
0.08622793
0.13245498
0.7200208
0.2607436
0.88305366
0.82544047
0.11747179
0.17127943
0.05070212
0.04163895
0.041385304
0.044406857
0.056207314
0.22152919
0.93952763
0.87079954
0.87587905
0.08329689
0.04585317
0.04113455
0.043102756
0.04937042
0.059232492
0.082821205
0.082932435
0.09476261
0.11219741
0.20536561
0.19741832
0.12328025
0.0958963
0.07185412
0.08056359
0.124316625
0.87702143
0.13919042
0.11006064
0.122029684
0.13402252
0.15722252
0.08667875
0.09685437
0.11626051
0.14465246
0.061782226
0.056002986
0.06900464
0.053893596
0.053058684
0.051402956
0.055457212
0.056746736
0.0635158
0.05394744
0.06560406
0.09184935
0.13909498
0.8549272
0.0921715
0.05272176
0.045839008
0.04123406
0.04588454
0.06378412
0.9055735
0.9489261
0.91783077
0.06917019
0.041422408
0.038055476
0.037889298
0.03805134
0.037509028
0.03726646
0.035531145
0.034032147
0.03332881
0.037745237
0.053711515
0.93650234
0.9622914
0.9552399
0.92093176
0.05754062
0.03651979
0.03247879
0.03710114
0.04857706
0.9177718
0.955605
0.9473288
0.9550549
0.08026622
0.03981692
0.037005488
0.033334818
0.03180014
0.03694522
0.056847196
0.8979207
0.9020544
0.9544822
0.90194935
0.06394486
0.042542055
0.037004802
0.039732493
0.048442855
0.07328684
0.8566121
0.89517206
0.13688555
0.09549561
0.057382952
0.045720205
0.045001935
0.04420704
0.04572676
0.04723837
0.0558094
0.09779818
0.905034
0.107200526
0.05273012
0.04305876
0.04519684
0.064565524
0.89086723
0.94600177
0.8930534
0.067565955
0.043416113
0.04104371
0.043517403
0.04636179
0.043635644
0.04465763
0.047419023
0.056672677
0.09947779
0.9187031
0.09684301
0.052417718
0.043854933
0.038468055
0.03736872
0.036580514
0.04406625
0.09634968
0.95008606
0.9556324
0.9600966
0.08747874
0.03991038
0.0356136
0.034609325
0.034664255
0.037513908
0.047868766
0.08053146
0.93710953
0.9377736
0.08621992
0.051146716
0.052415103
0.05646046
0.10592428
0.9007727
0.11858992
0.06307321
0.060438924
0.084038004
0.16203707
0.14731613
0.07105736
0.104410656
0.18811947
0.846189
0.93678457
0.9283261
0.8129939
0.23579523
0.09812077
0.1422457
0.68866694
0.1056822
0.07260332
0.065955445
0.056596383
0.06324702
0.10431357
0.19100508
0.116299756
0.110244125
0.09401373
0.12051073
0.26350132
0.21130691
0.07088952
0.054492943
0.04737579
0.043397132
0.04418826
0.050400056
0.06853347
0.81066966
0.11274183
0.10099444
0.8722656
0.9178563
0.108137935
0.094028115
0.08274183
0.87924534
0.86831284
0.8589926
0.87250423
0.0871239
0.07325017
0.1064778
0.91834253
0.92118865
0.11825325
0.11472678
0.76946574
0.2742559
0.9030304
0.090638265
0.047280837
0.043840405
0.051282115
0.048728798
0.05033042
0.06739894
0.10762954
0.20111589
0.17910525
0.1310119
0.745265
0.10723119
0.09143668
0.15813006
0.15434045
0.23537292
0.1353172
0.18458672
0.091243155
0.12941642
0.14819153
0.12550455
0.3709345
0.34210375
0.12780526
0.079903565
0.1044224
0.060420908
0.05542143
0.078413524
0.059598517
0.06591445
0.8644779
0.87267107
0.9501533
0.9413628
0.15180448
0.22106098
0.09276718
0.049151484
0.04774176
0.058567297
0.05272313
0.058014102
0.061376046
0.06775766
0.07525977
0.21675965
0.12631907
0.35572174
0.32521003
0.118876055
0.07704462
0.09494223
0.103982754
0.1488933
0.8312566
0.7081476
0.6565722
0.41743135
0.2168952
0.34490016
0.3362126
0.21617141
0.35987413
0.7812499
0.56402916
0.860711
0.86550057
0.16478963
0.13670227
0.09540977
0.10028084
0.13415664
0.82865214
0.7725276
0.8953201
0.8844386
0.22730258
0.73133326
0.10720265
0.067494944
0.08851003
0.1419773
0.10517799
0.13000329
0.080359265
0.067457125
0.06415572
0.046425767
0.040788308
0.038004383
0.0359761
0.034959145
0.036085036
0.05102178
0.10392461
0.9380688
0.9449856
0.9101749
0.8822896
0.9280553
0.106623605
0.092038274
0.10414172
0.11532948
0.9196194
0.93023735
0.09519406
0.04648261
0.04491205
0.056625962
0.91394216
0.9302653
0.9496553
0.96006674
0.95662063
0.9387852
0.06769006
0.047476728
0.051885847
0.12407766
0.8938415
0.07152271
0.048688684
0.052419573
0.07857829
0.9431618
0.9558793
0.9358425
0.07465161
0.041510988
0.036248915
0.03770501
0.04039098
0.04267038
0.046129547
0.057780564
0.07408287
0.118662566
0.1226107
0.103150524
0.12309195
0.09555229
0.1028661
0.07954786
0.12945372
0.74811506
0.26941124
0.86563295
0.76410127
0.8018097
0.082711905
0.055442937
0.06605612
0.050322272
0.047025945
0.045834355
0.048870135
0.05967701
0.09440264
0.9090313
0.09065316
0.04875768
0.041434802
0.043476157
0.059107408
0.8375697
0.20649242
0.18861759
0.9295804
0.93874025
0.9395679
0.93898493
0.16244271
0.23955098
0.9019912
0.067392305
0.04420716
0.04255423
0.051281046
0.091302015
0.9014378
0.118867695
0.10706952
0.08664025
0.05287468
0.059405025
0.047714364
0.050645813
0.05302828
0.075747706
0.8254892
0.91821957
0.17678
0.060708884
0.052243005
0.052934024
0.073510386
0.8058199
0.8943122
0.2789422
0.8064094
0.8254615
0.072138906
0.04498598
0.04358307
0.048835803
0.04836612
0.048500013
0.047844447
0.046809047
0.046201557
0.04485027
0.04396184
0.04532456
0.051466472
0.07370576
0.8446752
0.08110592
0.04584386
0.040509034
0.038190324
0.081083305
0.1507047
0.92873925
0.937713
0.9572965
0.95522094
0.957717
0.959123
0.93008226
0.059768364
0.035944004
0.032033984
0.033328734
0.04109862
0.072408535
0.9218359
0.85834163
0.07541166
0.052594084
0.058739703
0.08826498
0.8179244
0.08452986
0.053267784
0.0449289
0.04214209
0.042771056
0.043205
0.052257698
0.08382553
0.8705222
0.15810286
0.15276192
0.8989405
0.88961476
0.36202875
0.786048
0.8835076
0.08192481
0.051528662
0.050242
0.07256612
0.18014722
0.8737366
0.73560804
0.7941407
0.9276
0.9453085
0.9442118
0.2033479
0.0516593
0.03430727
0.032079898
0.031677656
0.032472484
0.03622585
0.040298294
0.06548883
0.9456913
0.9502999
0.96326274
0.9080501
0.059696577
0.038383715
0.0362665
0.038043663
0.040376816
0.04368581
0.047866527
0.057617795
0.09994606
0.8428424
0.11487331
0.08269756
0.055704717
0.049233083
0.044655126
0.041484755
0.0424772
0.051154215
0.083611585
0.93220305
0.89679617
0.08593054
0.052840434
0.052173432
0.073692836
0.85259265
0.07332593
0.04349163
0.036677495
0.041812785
0.07697755
0.94971687
0.9625415
0.9626175
0.9556523
0.05651385
0.035585344
0.032505184
0.03494514
0.036412608
0.03833224
0.041509356
0.049719058
0.08544941
0.8564361
0.8779663
0.089337274
0.05503184
0.044921923
0.04350214
0.044933576
0.041396715
0.03920102
0.040462058
0.04029256
0.05792896
0.10342372
0.09885577
0.92178077
0.940971
0.9500003
0.93658197
0.9488828
0.95575213

