0.84709454
0.8004664
0.6582312
0.61317796
0.7256914
0.87038475
0.87406754
0.7479278
0.7627764
0.8707514
0.8559359
0.5471738
0.37966108
0.34231794
0.11906813
0.1198962
0.19914983
0.5431304
0.19616985
0.2946703
0.5961444
0.15824646
0.19517307
0.14691317
0.24887039
0.6799307
0.22002125
0.3876619
0.10306911
0.09569375
0.086153746
0.09036728
0.11309339
0.10597586
0.11528795
0.0931334
0.088025175
0.112250425
0.12341687
0.065659575
0.058955614
0.06351148
0.124546885
0.097429074
0.056094542
0.04937135
0.051374864
0.043848865
0.043900114
0.049495
0.060716134
0.85953045
0.90675604
0.8491855
0.83977455
0.83772
0.87817013
0.07317032
0.046767376
0.039988026
0.042290855
0.04556118
0.04917791
0.055601407
0.082575716
0.059765637
0.0670323
0.07768005
0.06922279
0.1370919
0.14001091
0.1174287
0.8296488
0.0947807
0.057016306
0.052738424
0.0692083
0.07955285
0.109037705
0.071983896
0.051030662
0.04929728
0.054258943
0.074796475
0.79578656
0.12628964
0.11752077
0.86551595
0.07728417
0.043215983
0.03610951
0.037874795
0.047263417
0.8825521
0.89792055
0.92726535
0.9535529
0.96096504
0.9115052
0.05563238
0.0385843
0.038344745
0.045020822
0.074478246
0.8186297
0.10885444
0.09635864
0.71036935
0.11326714
0.13275187
0.8476847
0.8721582
0.87217826
0.9020534
0.08905203
0.044916615
0.04248639
0.046581518
0.048701998
0.042842187
0.04232181
0.049653143
0.08218643
0.9261286
0.9366099
0.10267403
0.061388135
0.05243634
0.04921129
0.05475407
0.050986838
0.0628845
0.11169717
0.7858201
0.1763525
0.22548014
0.16289705
0.074973956
0.06757189
0.06736273
0.06965519
0.076126345
0.049512718
0.0403601
0.040582456
0.049031496
0.11156278
0.95272183
0.9407017
0.94041604
0.10009326
0.043661095
0.040726863
0.041267138
0.045032844
0.05284559
0.06854715
0.06507335
0.053668376
0.052407168
0.06229412
0.07838176
0.10222282
0.7851698
0.10943468
0.08120616
0.07822767
0.076607056
0.09758746
0.78973466
0.0934901
0.0606664
0.049436472
0.04538542
0.04571464
0.05408035
0.08977487
0.8975673
0.106578074
0.07204628
0.088388674
0.8069244
0.073104404
0.042438507
0.037392203
0.04242442
0.09615836
0.9319943
0.9449751
0.96272874
0.95223266
0.93021774
0.91136926
0.062215425
0.04049767
0.039715175
0.047294598
0.07697975
0.82088274
0.092510164
0.053003952
0.048020042
0.04931791
0.057567306
0.088308826
0.792926
0.09075931
0.059055105
0.057019588
0.05301852
0.05268962
0.05091367
0.048756033
0.049100686
0.04746667
0.0435662
0.042327642
0.03866974
0.03641267
0.03514308
0.039359976
0.056197815
0.9294652
0.9603681
0.944185
0.9066906
0.059051212
0.03776184
0.033918254
0.03972078
0.050874803
0.89174587
0.94829625
0.91707623
0.9503518
0.12156622
0.06024005
0.07865171
0.07405193
0.047946814
0.045346327
0.057420325
0.050115164
0.048021123
0.06730968
0.061174754
0.10555262
0.90154594
0.80156416
0.8220187
0.11467103
0.056152117
0.057010677
0.06706202
0.089985
0.94028884
0.946839
0.89270693
0.06275968
0.03876594
0.036418255
0.0365769
0.036634017
0.036506075
0.03652494
0.03495971
0.033934508
0.036915295
0.047663428
0.91314137
0.94413465
0.96498024
0.9180279
0.9002055
0.060136043
0.040228005
0.039248914
0.046337444
0.054040752
0.08268384
0.80363643
0.08667409
0.05492894
0.05222377
0.05998085
0.106846705
0.90460867
0.106953606
0.067246825
0.056227636
0.06713167
0.14794748
0.83956754
0.105883755
0.11457651
0.05936367
0.044283703
0.04724123
0.059470445
0.09102964
0.9169641
0.9126999
0.9191055
0.25681928
0.15276833
0.09687646
0.057668366
0.07294043
0.06401008
0.06457622
0.08868855
0.068059765
0.05859977
0.05811497
0.069228195
0.14412312
0.161337
0.07885194
0.116571285
0.21692553
0.17291328
0.9210524
0.9209376
0.8422788
0.2814233
0.06996795
0.05270966
0.05551849
0.07921479
0.10675684
0.14628191
0.6816081
0.3240563
0.17166187
0.19739223
0.14461532
0.4290169
0.19880423
0.20259643
0.8511952
0.8931917
0.88801855
0.7260325
0.19447468
0.13071759
0.1487035
0.81002736
0.112482205
0.07486087
0.07057911
0.088022865
0.12338484
0.88106716
0.8072692
0.9096667
0.82880735
0.087870665
0.048840873
0.049671955
0.043493383
0.04415511
0.06083113
0.09850115
0.9298041
0.93830836
0.2642411
0.19826217
0.074178435
0.09628812
0.09094513
0.05085553
0.039083697
0.03656111
0.035842594
0.03465003
0.0388217
0.061357196
0.93448246
0.958601
0.95824903
0.90055376
0.07709805
0.065058194
0.098288275
0.90149164
0.09136822
0.046824276
0.04407339
0.051683966
0.053158164
0.057580326
0.06697066
0.09910717
0.18225908
0.90344036
0.124317214
0.07364694
0.08750838
0.09749761
0.82834643
0.119571015
0.056370158
0.045381162
0.053013735
0.12747552
0.94671804
0.9526119
0.17437358
0.10002085
0.046044674
0.03974881
0.03574934
0.03484369
0.03359269
0.032694884
0.032713577
0.03795824
0.058908477
0.9511971
0.9669297
0.97072077
0.9608021
0.06045071
0.035935342
0.03368809
0.036511894
0.039477177
0.04242145
0.044404034
0.048906747
0.05721839
0.058737546
0.065730326
0.05268791
0.044248533
0.05273611
0.08885312
0.1518505
0.930437
0.92388695
0.08891496
0.060773388
0.050472528
0.061446022
0.7912372
0.90968436
0.8695217
0.9381478
0.9224308
0.23759276
0.7918504
0.08776023
0.051810022
0.062014885
0.10061441
0.080081314
0.095240735
0.06518486
0.057230517
0.053106464
0.043751925
0.040078875
0.0376394
0.03560322
0.03436934
0.035219356
0.048127618
0.10472566
0.9396656
0.94786155
0.92654556
0.9036229
0.9331385
0.10968214
0.09953046
0.11013973
0.11899104
0.91922534
0.92989665
0.09456716
0.046499226
0.04498997
0.056871433
0.915922
0.93341035
0.95129263
0.95998454
0.9533688
0.8921493
0.058028582
0.04487721
0.050272338
0.12145572
0.8953385
0.07301804
0.04934317
0.053380605
0.081240155
0.94435054
0.9563682
0.92922586
0.06697143
0.03916084
0.035482634
0.03772747
0.04056006
0.042842437
0.04583201
0.054092523
0.06646869
0.1061523
0.108818695
0.09015959
0.10970248
0.08329944
0.08946387
0.07165287
0.11670894
0.77343273
0.2721661
0.87866795
0.76703924
0.80607396
0.06793404
0.042060733
0.037389968
0.034907486
0.03429436
0.034725506
0.03958542
0.053296905
0.9173562
0.9547486
0.93266624
0.8938
0.8839334
0.061297536
0.038752403
0.03523031
0.036160078
0.038906187
0.0468691
0.051786408
0.087923
0.9207206
0.8447044
0.20587511
0.18546517
0.056164015
0.048836097
0.07481353
0.06531488
0.08047801
0.89766544
0.85360366
0.93126947
0.92328393
0.17266148
0.2556156
0.06557692
0.050609566
0.052777536
0.06360834
0.11230372
0.27453458
0.122201435
0.09392604
0.071926564
0.067936614
0.097473525
0.0830091
0.14291568
0.8213095
0.09245152
0.05819836
0.05741675
0.08040711
0.8249401
0.8676749
0.088778295
0.053599108
0.04707872
0.045208838
0.045249682
0.044881485
0.04410448
0.04335212
0.0416084
0.039300703
0.037165713
0.036032744
0.035308484
0.042083044
0.06511865
0.17646772
0.95162237
0.95954794
0.9653777
0.96576536
0.9455255
0.068332784
0.043614652
0.035082947
0.03686999
0.04682862
0.086274706
0.90221983
0.103615955
0.075420596
0.10948672
0.8376194
0.08729573
0.05351118
0.04947894
0.048741248
0.049962215
0.049790084
0.049713157
0.049957473
0.049724985
0.049456898
0.049134187
0.04919135
0.047577597
0.047708582
0.04610554
0.04927655
0.08209054
0.11306321
0.8160701
0.7929365
0.89358324
0.18830709
0.08858748
0.089942835
0.77881104
0.89854646
0.9042577
0.76640475
0.7610975
0.87690634
0.8149206
0.1933638
0.1329501
0.05078225
0.038304146
0.03648223
0.035750784
0.035693213
0.03863719
0.04200441
0.06758695
0.94673234
0.9513727
0.9640089
0.90892315
0.058921456
0.038111746
0.036587916
0.039032634
0.042097166
0.04525973
0.04720739
0.04875338
0.053655457
0.059365656
0.06318515
0.07645999
0.05726534
0.05243569
0.047130175
0.043130267
0.04374056
0.052383885
0.0841661
0.9283973
0.88329506
0.08587202
0.053187545
0.05242724
0.07361202
0.8491497
0.07382464
0.04379586
0.03679905
0.04184554
0.07704899
0.94948536
0.9623283
0.9623186
0.9553393
0.05655593
0.035541378
0.032439828
0.03471152
0.03602786
0.03773018
0.04055286
0.04842498
0.08270337
0.854628
0.8763746
0.086853616
0.053318556
0.0415961
0.03986669
0.04237789
0.037986778
0.036792457
0.048103232
0.06008728
0.8579686
0.9264822
0.9145461
0.9468938
0.9455646
0.9089125
0.9267719
0.95276195
0.9336662

