0.92458856
0.8973757
0.0838198
0.048119448
0.04318866
0.063696325
0.061531063
0.08912887
0.072724186
0.060611546
0.047806975
0.045662936
0.051937405
0.046538584
0.038122084
0.035683636
0.035520237
0.044568405
0.0891979
0.9403354
0.95413107
0.9659275
0.947999
0.09152645
0.043470513
0.033027984
0.032484036
0.03333013
0.03653353
0.04693239
0.07692799
0.90853477
0.92064553
0.1045074
0.0647721
0.04051998
0.03910083
0.06434644
0.19825484
0.9514736
0.9613649
0.9595173
0.24890323
0.06425878
0.03759986
0.03371507
0.0389083
0.051101983
0.76533496
0.7668353
0.79946315
0.83347124
0.91584736
0.9333851
0.90187395
0.94792026
0.9427116
0.84633493
0.052617963
0.034091294
0.03240376
0.031006303
0.02852791
0.029634977
0.038620792
0.0818106
0.9433113
0.95674545
0.96676576
0.96065694
0.1139205
0.04495601
0.03195772
0.031245643
0.03236419
0.03554887
0.04287066
0.052906998
0.8214741
0.864414
0.9271625
0.89521015
0.87044173
0.8395882
0.82426083
0.84480065
0.8860802
0.934034
0.9108261
0.9364995
0.84376043
0.0708207
0.05313677
0.07497169
0.075564735
0.08022535
0.0765308
0.06800823
0.07906828
0.09055579
0.74798644
0.76186264
0.767957
0.19874139
0.19831732
0.10409826
0.1884554
0.26752985
0.82402813
0.8188077
0.83302355
0.070405774
0.04212666
0.03702425
0.039938137
0.05588937
0.07216131
0.8410928
0.12142408
0.11608438
0.92276376
0.9485134
0.93348813
0.934495
0.15508188
0.173121
0.8969521
0.18128796
0.07126988
0.058494035
0.045564722
0.052551664
0.09244226
0.81110007
0.80123305
0.15767635
0.0978554
0.07857529
0.10009179
0.17724228
0.81834716
0.90755236
0.8860439
0.93702894
0.93030566
0.8222328
0.24946049
0.2551036
0.16228192
0.08368552
0.08198359
0.092943735
0.14147232
0.20344977
0.8107327
0.82262087
0.8122989
0.795285
0.76975787
0.76323146
0.7952861
0.06376197
0.040775258
0.032955047
0.03217013
0.036933474
0.05326667
0.91809016
0.93264633
0.9553974
0.9610274
0.90961355
0.0543787
0.03467617
0.030588342
0.03144143
0.04319503
0.058773603
0.8580311
0.9322685
0.94389325
0.8752909
0.86106235
0.16093907
0.10828238
0.09917895
0.059981365
0.057120707
0.08346716
0.10828513
0.12916085
0.677684
0.7025622
0.38810337
0.25018644
0.15287803
0.15312748
0.13123462
0.13247791
0.5741653
0.626311
0.22864395
0.17870595
0.53726846
0.20324245
0.1715826
0.50218296
0.2244639
0.2589064
0.28400004
0.34456718
0.7765042
0.26221976
0.31407455
0.19602655
0.27219638
0.31962505
0.31416163
0.44690755
0.8412621
0.43593678
0.2096207
0.13666046
0.089749224
0.09315009
0.15277663
0.18863328
0.7720738
0.29807022
0.10087722
0.106632434
0.7518606
0.1065825
0.085981384
0.07315748
0.08347229
0.17639852
0.26459917
0.8425258
0.179737
0.07632799
0.05766304
0.08183528
0.117066145
0.07079109
0.049253564
0.047142167
0.048497442
0.07436212
0.11304078
0.8375379
0.8287319
0.12834865
0.11476947
0.8043357
0.8461455
0.082867555
0.054539066
0.051971145
0.07532758
0.87873626
0.88896865
0.9028197
0.08691703
0.05151135
0.051222533
0.0727215
0.83673525
0.102391936
0.0760169
0.117532656
0.88281965
0.07446658
0.04336828
0.03704059
0.040516365
0.05696985
0.9240498
0.95006174
0.9541863
0.07117119
0.0431856
0.041287802
0.050216645
0.07183695
0.8311172
0.096627474
0.068999015
0.10454278
0.85762155
0.8328014
0.07266555
0.047025282
0.04760976
0.06415422
0.880558
0.89945567
0.92451704
0.9148906
0.9156984
0.09239612
0.05170635
0.054129917
0.07868713
0.80774134
0.08078653
0.052080072
0.04743473
0.04721732
0.0490194
0.056222867
0.084392995
0.7891432
0.107543126
0.08778881
0.13023153
0.84132946
0.08993444
0.05363833
0.047283437
0.046645787
0.046051275
0.045487843
0.047465716
0.058095954
0.08989899
0.862388
0.80161303
0.09838377
0.077614345
0.11719988
0.83545464
0.22156473
0.11291353
0.0889703
0.068992086
0.12707572
0.15847787
0.1489759
0.7523052
0.7284469
0.24006063
0.13153556
0.20101056
0.3612579
0.8903398
0.8414448
0.8671882
0.9337215
0.9337558
0.8642009
0.8933314
0.25334147
0.14732987
0.110975884
0.16744778
0.6619122
0.68422145
0.714448
0.78680336
0.91540754
0.92273927
0.79164577
0.06324438
0.04076029
0.03304981
0.032262947
0.038487032
0.07337201
0.9246757
0.927118
0.94264096
0.9376084
0.953397
0.08065202
0.039408073
0.033851676
0.0370558
0.044594154
0.04604711
0.06401696
0.109257124
0.07836639
0.06626307
0.05332883
0.071335234
0.10873276
0.9020065
0.804903
0.7979721
0.29501182
0.1371551
0.17440383
0.12379329
0.59488
0.14997812
0.13296632
0.6519911
0.6877356
0.118840046
0.1192928
0.15171179
0.11781037
0.24397185
0.90501034
0.90741676
0.14312169
0.111093335
0.13732384
0.9001065
0.9047484
0.26785943
0.786216
0.84395796
0.08034664
0.05891929
0.08268067
0.06998524
0.045883264
0.0412515
0.040418737
0.041584495
0.04761982
0.067535974
0.85976815
0.8533823
0.09996075
0.072803274
0.10563109
0.8885038
0.114909455
0.06252403
0.06794111
0.9156042
0.9450455
0.95132536
0.93654865
0.89957845
0.054882538
0.03661975
0.0348214
0.03772772
0.0422903
0.043972846
0.044922374
0.04708925
0.049808845
0.056943476
0.08928238
0.8238551
0.13440238
0.0698793
0.05598021
0.054381464
0.06973608
0.7008955
0.18867512
0.79657054
0.8803397
0.16453509
0.2138552
0.14475316
0.7621235
0.89361006
0.20814984
0.103535235
0.13239317
0.16494699
0.11396602
0.13026509
0.22855186
0.14274795
0.60587794
0.5453466
0.18877265
0.13869926
0.15418297
0.17351602
0.78765875
0.26519018
0.40836045
0.6362087
0.23263535
0.37173262
0.35888237
0.70219
0.15884405
0.1931586
0.07106793
0.06011058
0.08337522
0.093018375
0.6737216
0.71402925
0.8005489
0.90501916
0.8993305
0.5294643
0.38464513
0.88903284
0.9264248
0.9294359
0.14272377
0.061238267
0.08142897
0.058422685
0.086014904
0.8371474
0.8230791
0.083421156
0.047009237
0.040999316
0.042971168
0.04941559
0.04305525
0.05898854
0.0868537
0.90885246
0.93373126
0.09085653
0.05571666
0.062891185
0.10273332
0.88500476
0.073741026
0.040731587
0.034335323
0.034307323
0.04153304
0.05165691
0.90291125
0.91403943
0.9418363
0.9317799
0.93119484
0.94221544
0.93564534
0.9522098
0.95583004
0.95757306
0.93343264
0.883965
0.048134293
0.032349974
0.02930919
0.03169868
0.03287967
0.03375703
0.034504917
0.03502051
0.039355785
0.05587019
0.8774144
0.94977754
0.8910516
0.86639357
0.06643567
0.043002795
0.041600626
0.044712875
0.048125684
0.048427492
0.04930048
0.05126777
0.051397145
0.052068587
0.053390503
0.054761373
0.058562975
0.053942632
0.0557989
0.054261554
0.06105183
0.0555425
0.05636176
0.06481686
0.078870036
0.09078373
0.101361044
0.12230274
0.78334564
0.13380322
0.07955238
0.069691844
0.14747436
0.17436668
0.40192917
0.7931843
0.9028369
0.14710695
0.08713894
0.05342708
0.049533796
0.048296627
0.068833955
0.16154347
0.118018776
0.8806987
0.11515051
0.07452637
0.10960099
0.8088403
0.07912031
0.04792714
0.047894493
0.06385386
0.9109223
0.9278364
0.91667324
0.9182466
0.9369041
0.91708386
0.9352237
0.9320984
0.92693543
0.89184266
0.8957275
0.9285029
0.93013316
0.9282543
0.8919762
0.92680097
0.8758159
0.90055704
0.34818414
0.8445303
0.08957557
0.07723286
0.16407219
0.7858051
0.13940112
0.082698084
0.109425455
0.8630445
0.14022845
0.12375156
0.16536458
0.072640866
0.05464254
0.080189876
0.053200826
0.051978767
0.058573194
0.11534386
0.8808469
0.9432921
0.9485827
0.8694211
0.9121927
0.21063481
0.11759006
0.08595686
0.081345215
0.15549389
0.67545563
0.6538653
0.20885223
0.17480105
0.6115507
0.5951912
0.21614692
0.20881142
0.2591727
0.16185822
0.25513765
0.2682075
0.8099187
0.93915975
0.94476306

