0.91463405
0.8808273
0.094586715
0.056507114
0.05389136
0.052365292
0.07485299
0.066550106
0.08399215
0.91308475
0.9095514
0.8228966
0.086956285
0.06524855
0.07220315
0.83892006
0.9024526
0.84679127
0.8541508
0.92529035
0.07401485
0.04323589
0.042350505
0.047353595
0.06254921
0.076180354
0.06972947
0.13835679
0.071133286
0.06964088
0.10519485
0.10524106
0.100824535
0.10157611
0.116537735
0.09884341
0.10410496
0.15546009
0.7448517
0.7563319
0.11840433
0.089257516
0.18164346
0.11665253
0.068047464
0.0811739
0.7714485
0.7930998
0.8081478
0.7984849
0.08783974
0.06163654
0.08660196
0.07458383
0.05737537
0.07233119
0.06362461
0.060886808
0.07761495
0.045821648
0.042580437
0.044645302
0.05591407
0.86161023
0.90376556
0.83642656
0.82078195
0.81425744
0.8531941
0.92439413
0.9211411
0.8029559
0.77628523
0.075053304
0.060166292
0.07478212
0.8994477
0.88781005
0.94833004
0.94297546
0.079416975
0.052094527
0.04423807
0.04146951
0.055975966
0.047911882
0.047111537
0.061314505
0.09215443
0.12111103
0.8763621
0.7894565
0.7726547
0.10984692
0.079778455
0.09224657
0.7984872
0.18498835
0.066163465
0.050217878
0.047241308
0.053344753
0.0926807
0.88745433
0.09675614
0.051477663
0.04850228
0.061001167
0.87116027
0.9175862
0.8607689
0.09323763
0.0647243
0.07844486
0.90126675
0.88726294
0.9051226
0.9190988
0.9391677
0.8413837
0.074100286
0.061990242
0.079382285
0.8738004
0.12530436
0.053587012
0.051188413
0.07121853
0.8886162
0.9112827
0.12829599
0.104300596
0.7608809
0.1663657
0.17607929
0.8957626
0.9000145
0.2067268
0.21400598
0.86784375
0.90740067
0.94043314
0.9111749
0.8745642
0.8327334
0.121370524
0.12088786
0.8796308
0.83690214
0.11761605
0.14480272
0.8096952
0.7890651
0.112504065
0.11037913
0.8510763
0.9388848
0.1319091
0.04819887
0.039177414
0.041364506
0.044253744
0.04766515
0.056770004
0.08956169
0.8160211
0.11850776
0.06563188
0.053233583
0.053546507
0.064171545
0.12752101
0.82605547
0.11019736
0.060153376
0.05581598
0.06556793
0.17451237
0.123414114
0.7725029
0.74270946
0.16231744
0.11588233
0.13737144
0.69234663
0.77372664
0.34391057
0.10442917
0.101126716
0.22243458
0.086153105
0.07501002
0.08111749
0.1301929
0.73486197
0.834464
0.702306
0.6646559
0.70547575
0.83659244
0.6853951
0.6713899
0.66533375
0.07566108
0.058473334
0.0570392
0.06290326
0.088897966
0.89840096
0.8681452
0.08623497
0.047060657
0.0404201
0.040929902
0.043002684
0.04672076
0.07681795
0.88003176
0.8133218
0.82536477
0.094992265
0.07370202
0.14165536
0.9185621
0.9064391
0.90410906
0.8912473
0.8685026
0.8818485
0.10043866
0.06705902
0.08452512
0.91884273
0.91347736
0.9469186
0.1042533
0.05196293
0.060249098
0.058005866
0.046821598
0.048653834
0.06841814
0.06221576
0.06584419
0.11915601
0.07804939
0.10559706
0.2798751
0.14361057
0.21304463
0.23389095
0.59627366
0.67429876
0.6901307
0.71266073
0.8375758
0.5570859
0.34024206
0.8006678
0.6755524
0.12125348
0.10653531
0.09264425
0.11685225
0.3403817
0.24812044
0.15343516
0.100387976
0.09848139
0.1197715
0.65993947
0.3669853
0.17220446
0.14441185
0.15951604
0.498243
0.62831104
0.8011017
0.59225506
0.25223023
0.27044943
0.47830418
0.19391102
0.31379518
0.16798572
0.15977389
0.22978616
0.17415816
0.41815087
0.45703465
0.2633351
0.74938667
0.26137364
0.2531593
0.82277715
0.27392372
0.119818635
0.14412367
0.12031364
0.07642067
0.11242491
0.14914608
0.7460031
0.8889516
0.29585978
0.13461217
0.14567691
0.8418111
0.10370042
0.09613504
0.14688775
0.69492185
0.1899528
0.6889346
0.26428798
0.8615851
0.8917696
0.8306082
0.8493965
0.91817623
0.8845446
0.9320946
0.9247806
0.16212316
0.16853367
0.82652736
0.059620563
0.038717926
0.03577744
0.03570734
0.036898177
0.03959356
0.047802668
0.078658566
0.8990015
0.086961076
0.050888956
0.052988783
0.09714736
0.9292937
0.9277433
0.1233352
0.08362362
0.11058327
0.9121488
0.93380684
0.9500409
0.8754656
0.07039698
0.058405224
0.071278065
0.8716592
0.9266168
0.07596704
0.05103448
0.047908127
0.06226634
0.7658843
0.072126165
0.045601286
0.045901313
0.064653344
0.9085793
0.9465781
0.9410634
0.07314061
0.047606427
0.04884208
0.06900478
0.8581479
0.12843691
0.09279444
0.8163718
0.889542
0.82726794
0.8049296
0.819714
0.8702083
0.9314859
0.9227138
0.78158265
0.1893393
0.6760165
0.22401382
0.85287905
0.13793981
0.08336602
0.11404251
0.8411248
0.119051985
0.13857517
0.18958238
0.819067
0.9066912
0.28578594
0.08854593
0.07473728
0.10757485
0.08238701
0.09540837
0.1946171
0.6524765
0.13983333
0.12518631
0.15567929
0.878157
0.869187
0.519429
0.84254575
0.24694647
0.09997386
0.085528046
0.108716056
0.12187596
0.5126028
0.1470686
0.13711597
0.6240223
0.8485496
0.78690374
0.8943461
0.89670867
0.10786569
0.06400966
0.07242367
0.080799736
0.7501752
0.8504327
0.16983417
0.15282963
0.2747969
0.872768
0.9354418
0.93637383
0.8504328
0.2632172
0.26355624
0.1890494
0.8880281
0.90242606
0.12267365
0.121659964
0.085756615
0.084345646
0.71683794
0.8842332
0.8380389
0.9144394
0.90646625
0.10418149
0.081038885
0.08605677
0.09147655
0.81130964
0.9202155
0.89897
0.9374021
0.85064566
0.107260734
0.13601844
0.07630493
0.05499263
0.04553376
0.040431526
0.047244444
0.07684197
0.89679384
0.85952103
0.9290744
0.92224693
0.832362
0.8063875
0.8800335
0.84727114
0.912194
0.9185382
0.8779023
0.9172651
0.8973828
0.09641525
0.076498605
0.08585566
0.10728108
0.8324957
0.7413471
0.6963165
0.38374177
0.2519589
0.16854802
0.47522497
0.55547535
0.7180009
0.8692642
0.8660768
0.20186763
0.1990553
0.23373462
0.68383175
0.88341075
0.8975051
0.19563091
0.21381938
0.10349453
0.056368202
0.04491897
0.047063828
0.05486555
0.06882417
0.87791944
0.819303
0.92683834
0.928652
0.8189913
0.90112686
0.1989428
0.09464358
0.12493234
0.84661126
0.1909126
0.19007741
0.88563263
0.08104461
0.04952593
0.043041147
0.042160496
0.053352665
0.05341697
0.07020229
0.7937008
0.14385961
0.13543013
0.8484971
0.9320589
0.086123206
0.04250079
0.036375042
0.03344828
0.032085888
0.03141502
0.031897288
0.03897257
0.08232319
0.9203951
0.923356
0.9455751
0.9317362
0.9296201
0.9359459
0.90449846
0.89895505
0.9186753
0.8784782
0.8762249
0.91293
0.89410067
0.9204027
0.92022085
0.89435154
0.9164144
0.8734004
0.8713429
0.8866502
0.9066921
0.91217494
0.93512636
0.06689256
0.038906313
0.036287766
0.040963802
0.058913812
0.85150975
0.92202425
0.08044658
0.052228894
0.053060174
0.07472167
0.7978717
0.79506
0.1220439
0.12795211
0.7811497
0.086604774
0.05376417
0.053561736
0.052800473
0.04957363
0.054184012
0.05100164
0.044600833
0.04281432
0.044638257
0.061719798
0.13047434
0.84906656
0.93023914
0.92984027
0.80187756
0.16220489
0.24727727
0.15066493
0.78536844
0.89363337
0.7826999
0.7373097
0.7392676
0.10255367
0.095278226
0.07143274
0.0943527
0.9154978
0.870491
0.06720551
0.042671993
0.042337004
0.040167473
0.040036183
0.038670894
0.037909314
0.038402073
0.042410564
0.056462537
0.823274
0.13151664
0.13203044
0.91922665
0.9164671
0.9328587
0.95007885
0.9311846
0.15822375
0.15000503
0.8606128
0.066593535
0.043237958
0.043403972
0.05881335
0.9092927
0.9274268
0.9142113
0.9180304
0.9457087
0.93291456
0.9464884
0.92440975
0.20512089
0.7520117
0.072042085
0.06307554
0.08540532
0.8602199
0.13570847
0.14198692
0.8751672
0.1372044
0.15932547
0.805718
0.07434583
0.047798675
0.045365755
0.047815926
0.055952504
0.091545686
0.8023702
0.096590206
0.07190814
0.07802072
0.12992832
0.88073444
0.13795736
0.101256035
0.08405615
0.056893237
0.0646849
0.08783235
0.123283364
0.87077385
0.7197768
0.68877614
0.7036702
0.67087
0.6750936
0.10799065
0.0615223
0.060059335
0.08578948
0.12819073
0.65033436
0.44837943
0.34052244
0.2899001
0.8142562
0.15661456
0.09769427
0.09230305
0.12553552
0.11967876
0.1135237
0.119370684
0.12176358
0.31131837
0.21715304
0.20044892
0.24829589
0.73446476
0.270762
0.31896448
0.7273438
0.5611767
0.22439814
0.27630895
0.56925803
0.6906115
0.8257117
0.6877861
0.4723043
0.35379502
0.23342974
0.30226937
0.79933375
0.90244293

