0.84400177
0.79518193
0.6458023
0.5954212
0.70716995
0.8622204
0.8702068
0.75125325
0.7836319
0.89193124
0.893268
0.38463122
0.13949797
0.1220574
0.15150382
0.50680506
0.27904615
0.17095844
0.18623498
0.74588186
0.27746683
0.56432915
0.27165216
0.22117698
0.6343458
0.28548688
0.1490245
0.30219793
0.07924749
0.061275408
0.0712523
0.09512221
0.71393305
0.7728529
0.78344065
0.12242744
0.077154376
0.07725689
0.058522586
0.04672195
0.04593994
0.052065138
0.113416955
0.14666957
0.85096854
0.81819427
0.8156704
0.84576315
0.08336176
0.057449628
0.059872873
0.0978862
0.8592945
0.14375012
0.12232697
0.69887173
0.13994755
0.11359459
0.15944806
0.10881757
0.7315731
0.105488054
0.077173166
0.12365675
0.8588115
0.24234413
0.7861132
0.107930176
0.07159182
0.09324458
0.09120768
0.07186025
0.8105579
0.79349583
0.83615726
0.8965029
0.9502591
0.94215065
0.9564655
0.9442282
0.06240864
0.03893294
0.03351966
0.035541855
0.040954556
0.04281014
0.04482754
0.047412407
0.050068595
0.051022653
0.052231997
0.049969897
0.050768476
0.058887467
0.069704495
0.09473211
0.81175345
0.23575346
0.078614324
0.05626205
0.051522944
0.056394614
0.09778937
0.88350445
0.09772362
0.05233423
0.048812687
0.06140473
0.866645
0.9161625
0.8574495
0.093305275
0.06466825
0.07805323
0.9013023
0.886052
0.90422547
0.9191454
0.93941766
0.8420648
0.07421865
0.062044397
0.0794997
0.87395656
0.12481607
0.053524725
0.051161114
0.07118293
0.8884167
0.9111774
0.1281744
0.104128964
0.7594592
0.16576882
0.17547022
0.8957469
0.8999319
0.20642646
0.21340299
0.86772364
0.90726143
0.9404499
0.9111857
0.87441707
0.8323833
0.121529594
0.12096707
0.87967026
0.8362591
0.11779844
0.14538023
0.8088559
0.7870588
0.11255389
0.11045144
0.84878254
0.93846434
0.13612083
0.04863676
0.039340526
0.04158287
0.04441146
0.047700163
0.05668399
0.089183114
0.814985
0.11945033
0.06555445
0.052341633
0.051727578
0.060285185
0.11372066
0.7940257
0.12843272
0.09376937
0.14615989
0.9021766
0.41975302
0.07510089
0.05481633
0.05458606
0.07445033
0.0765675
0.08139413
0.104425654
0.14190258
0.35796615
0.7534848
0.18927221
0.3336294
0.09388802
0.077745825
0.08767221
0.16336975
0.7484947
0.34555137
0.13859715
0.14232358
0.27978024
0.88125265
0.7754281
0.088594
0.05316955
0.043291114
0.0439583
0.04591501
0.053730503
0.084197715
0.9172275
0.88635254
0.08068554
0.045415826
0.038697258
0.0376037
0.038859073
0.043770377
0.070598364
0.9012013
0.8490632
0.8542454
0.09491325
0.07190957
0.13792732
0.920014
0.9136306
0.91055775
0.8954205
0.8665001
0.88426375
0.09613618
0.06523736
0.08167772
0.9256809
0.93298507
0.95127666
0.08653177
0.044656012
0.045763317
0.045691766
0.041684624
0.043243285
0.049333334
0.048098583
0.049385328
0.0672841
0.06394568
0.1048686
0.8432145
0.18163727
0.23324385
0.71019703
0.68540406
0.7019507
0.7077437
0.73373026
0.86285764
0.5515971
0.31558776
0.8488036
0.7693037
0.084465556
0.06567989
0.053897124
0.06324318
0.14776236
0.10892838
0.06898004
0.053854913
0.05727883
0.08159965
0.82395315
0.19565418
0.07693403
0.064213306
0.08287295
0.78650594
0.7951972
0.91223484
0.11931113
0.090553455
0.11804238
0.7809341
0.27732846
0.8997273
0.084778875
0.0470526
0.04405326
0.03766063
0.037549622
0.036620498
0.044086464
0.09759339
0.946384
0.9514707
0.96011925
0.10921626
0.042116832
0.037587505
0.037511956
0.037280943
0.04364884
0.06001458
0.08367011
0.8896331
0.8715661
0.27624258
0.74040526
0.19660187
0.10269221
0.13063118
0.772385
0.16517708
0.14105652
0.1456778
0.68523675
0.86822236
0.8745788
0.779334
0.78638625
0.85943025
0.813893
0.89305913
0.8866458
0.7827475
0.8615242
0.71098036
0.09564986
0.076346636
0.10345054
0.6090707
0.15148564
0.108699046
0.11231412
0.16607293
0.76294005
0.21407895
0.16957147
0.20113692
0.22292958
0.81537116
0.8354798
0.28897703
0.26609462
0.23421362
0.1670761
0.61007226
0.30953845
0.12621388
0.09501478
0.08688063
0.08136472
0.15155563
0.8160335
0.40426147
0.8466179
0.7425494
0.7416589
0.11289832
0.10421342
0.07005318
0.06694223
0.09558927
0.13397045
0.89676785
0.33999065
0.093357354
0.12788686
0.08973893
0.122093216
0.9022801
0.14007986
0.05088595
0.04388515
0.046016157
0.038464162
0.041355114
0.07375468
0.9233377
0.95053875
0.9500654
0.87791014
0.07790103
0.065382935
0.09039998
0.873911
0.11765236
0.06244184
0.074623965
0.14066003
0.708943
0.71253794
0.73189646
0.77515787
0.8898453
0.8848459
0.7419946
0.7613632
0.12789775
0.060147416
0.050972212
0.06725998
0.0655533
0.07197189
0.8541585
0.8751578
0.94997436
0.9488147
0.089055225
0.07774993
0.04614386
0.037755582
0.038247034
0.043831907
0.048920374
0.048403475
0.05385776
0.065256715
0.79502004
0.8990915
0.8573554
0.92827964
0.92896736
0.10395352
0.05224468
0.05482185
0.06660005
0.8062039
0.87623876
0.15916839
0.16271819
0.29944062
0.89593166
0.9413092
0.94003475
0.87568015
0.16950437
0.17234957
0.13513982
0.89086676
0.90682507
0.08565252
0.072836176
0.055834137
0.062770255
0.7772905
0.8981055
0.86121553
0.92957115
0.9200504
0.08444015
0.056090534
0.059538808
0.06937515
0.8575997
0.9346776
0.9227745
0.9503217
0.8825348
0.06575646
0.056388803
0.038202997
0.032615636
0.031510737
0.03168257
0.037682652
0.0606121
0.90939957
0.87291324
0.9407713
0.93713117
0.8471888
0.8043555
0.8916944
0.116819754
0.10793376
0.11285782
0.11478311
0.9047631
0.905612
0.11588338
0.09578367
0.7401445
0.21869233
0.8841753
0.9033288
0.918101
0.9387308
0.9060956
0.22715667
0.7175512
0.14300914
0.15822166
0.89192915
0.90739167
0.08635938
0.07126931
0.07805448
0.082905084
0.90271616
0.9198915
0.8686851
0.92178655
0.810564
0.7579411
0.07469909
0.057800036
0.06251384
0.07838046
0.87632793
0.83724576
0.9195459
0.9217522
0.86043227
0.8878378
0.7714669
0.70148927
0.7152845
0.8427952
0.16704918
0.16057017
0.87256175
0.06784862
0.04117226
0.03497815
0.033192534
0.034563232
0.037856802
0.048937455
0.8917099
0.89537936
0.93410975
0.92389673
0.94656
0.07289574
0.046182778
0.047568675
0.06485896
0.75799996
0.082561925
0.06405007
0.09212133
0.84424746
0.14268494
0.1391716
0.8675708
0.8004118
0.83645415
0.9073386
0.7870756
0.79502195
0.13011628
0.05420363
0.04475843
0.066202976
0.09341495
0.9217693
0.9213855
0.11794877
0.116201505
0.0821198
0.83046424
0.84332484
0.8638895
0.8936142
0.93755066
0.8427365
0.8237747
0.07428036
0.05863517
0.066310704
0.8972342
0.9440336
0.8884078
0.8736043
0.074676104
0.06079078
0.07845664
0.8159955
0.8400488
0.07254844
0.046335973
0.043064095
0.04313454
0.04466481
0.044445798
0.0425622
0.0428558
0.04103376
0.03817729
0.04051436
0.052659735
0.83646506
0.91242963
0.8595518
0.938924
0.9317254
0.80405563
0.786039
0.874731
0.77005786
0.75640523
0.85088605
0.11381716
0.07932471
0.10599141
0.12204538
0.19207802
0.6358316
0.19155875
0.32061675
0.14827752
0.16510382
0.6292232
0.5018552
0.401408
0.81597835
0.18758282
0.09378179
0.10117763
0.074775085
0.076221034
0.08683236
0.13360104
0.15383062
0.26147652
0.20056969
0.22416203
0.8379724
0.85597456
0.14585705
0.112754226
0.16700183
0.10538597
0.64833176
0.12846407
0.13300455
0.88943034
0.90409523
0.78886575
0.80152154
0.89226246
0.82171214
0.9246151
0.14906283
0.048462596
0.03917952
0.042459015
0.05842809
0.8377125
0.10328202
0.064925164
0.087447256
0.93739647
0.9517435
0.96004015
0.90381557
0.07106425
0.058639634
0.08424304
0.82806647
0.06938203
0.04549718
0.042046312
0.042082354
0.045959484
0.056575906
0.10109133
0.88220084
0.11886855
0.088120624
0.085801005
0.08520122
0.78418416
0.7437251
0.8051542
0.8923828
0.7895552
0.08473273
0.06622966
0.06105754
0.08354609
0.7676423
0.7068916
0.09984662
0.08959793
0.10010149
0.12863351
0.85607404
0.7597768
0.7752126
0.85681844
0.12731175
0.0785327
0.073634654
0.10561113
0.10189506
0.09604019
0.09921789
0.0997251
0.2570552
0.1822838
0.17133188
0.2248627
0.76749825
0.37360194
0.35601848
0.7361905
0.57311493
0.2077856
0.2527997
0.5964689
0.7302956
0.8636333
0.8432575
0.92150545
0.9363502
0.9379718
0.9146362
0.9307961
0.94069654

