0.8702289
0.7954961
0.18454814
0.14812636
0.18295467
0.46894947
0.75311077
0.28658223
0.25016084
0.8175369
0.4811112
0.14224114
0.09972774
0.089958504
0.08458486
0.14580573
0.8107969
0.28107527
0.26630273
0.8397845
0.15563694
0.087676086
0.11411891
0.09533598
0.1214238
0.1652523
0.15029924
0.8918874
0.8255598
0.085233085
0.06136118
0.054294676
0.054174654
0.05772958
0.066010535
0.061946258
0.05910228
0.062233813
0.05576329
0.05168196
0.060606755
0.10804099
0.9179265
0.18121621
0.06062879
0.048640788
0.049502965
0.053910583
0.075881764
0.77277905
0.13983198
0.16762264
0.91180265
0.08801653
0.047803845
0.040537
0.03776124
0.03624121
0.034957506
0.032993395
0.032253634
0.03553838
0.045626726
0.9023062
0.93140584
0.919293
0.9296283
0.9372099
0.95228606
0.95205253
0.9451169
0.8712897
0.8345329
0.068163574
0.055772007
0.067599446
0.91881347
0.9434263
0.9598558
0.94852424
0.06174537
0.038643874
0.03391604
0.035774063
0.040593226
0.04904617
0.07659498
0.7857562
0.1325546
0.12461668
0.7637594
0.08560282
0.05867065
0.06198904
0.093673244
0.7903448
0.09994979
0.0686299
0.052874763
0.050470095
0.05055841
0.05173813
0.066835016
0.10332323
0.06625218
0.06395267
0.08591554
0.7232676
0.26912633
0.8869316
0.8194375
0.09185516
0.05472958
0.056941748
0.114682466
0.85472965
0.8721896
0.1157575
0.0673871
0.042775027
0.044747323
0.06013548
0.8667196
0.93206704
0.20095842
0.05884662
0.053547185
0.07184565
0.8980477
0.91479224
0.1302605
0.107105836
0.79008
0.16962902
0.18121108
0.8966595
0.90171534
0.21074137
0.22343667
0.8719837
0.91095537
0.9411336
0.91673154
0.8862054
0.8432985
0.122231625
0.120363526
0.87851024
0.840806
0.11662585
0.1392521
0.8042082
0.7791597
0.111252375
0.107011296
0.84245443
0.93179756
0.12318321
0.055853143
0.054790754
0.07870794
0.85386944
0.8059303
0.070873186
0.046240292
0.04447189
0.05151646
0.07764678
0.8204404
0.8084343
0.81809294
0.107843794
0.06413349
0.06302768
0.08459399
0.75775003
0.29874244
0.8810586
0.09616859
0.055935778
0.05419149
0.07894235
0.09306555
0.79386306
0.7592932
0.81411284
0.33467013
0.09738723
0.09336617
0.20875846
0.08155811
0.071220495
0.07576385
0.110531814
0.15140206
0.8184117
0.6702179
0.64321065
0.6864753
0.81952447
0.65082085
0.6197555
0.579748
0.08421267
0.07208002
0.075766705
0.08060392
0.09990931
0.88159776
0.8477321
0.110260166
0.0584567
0.046122327
0.05445328
0.05943008
0.053092454
0.09480126
0.8568109
0.80647725
0.81205446
0.8251814
0.83226204
0.86180127
0.907602
0.8475754
0.80507594
0.77540773
0.7809798
0.8237477
0.8924294
0.8711045
0.8921521
0.94030476
0.9144457
0.93865925
0.09942398
0.05098481
0.06016017
0.05928849
0.045542262
0.04661936
0.0666373
0.05963173
0.062392015
0.10991877
0.08513436
0.13689105
0.8456992
0.2277995
0.2625232
0.19828388
0.12603615
0.17124605
0.2032978
0.69805336
0.43604106
0.3071736
0.11892012
0.109081365
0.09877348
0.6295161
0.700036
0.7016966
0.7685597
0.27537715
0.112204954
0.0583101
0.04203467
0.043980572
0.05856155
0.8511096
0.91934735
0.9328228
0.119760476
0.06627841
0.06559403
0.16401695
0.9157912
0.08300124
0.047474876
0.041791387
0.037979484
0.037067927
0.037791625
0.035619903
0.03490635
0.03974501
0.049834415
0.87672883
0.880129
0.9100976
0.9489732
0.9385935
0.94246674
0.9494389
0.88992393
0.05650039
0.03978936
0.03643733
0.03888448
0.060901877
0.86069965
0.8794399
0.9441838
0.9391637
0.076164864
0.04585003
0.04498289
0.046404205
0.075412616
0.8601367
0.081992544
0.054628905
0.058334377
0.07969157
0.9032874
0.9137473
0.8808523
0.88966787
0.92571807
0.88997
0.9296331
0.92429465
0.87702996
0.9066579
0.839066
0.79907745
0.77272284
0.7934562
0.7535596
0.06710144
0.047575325
0.05020126
0.07977499
0.8769811
0.08728579
0.05333908
0.057476673
0.10487351
0.93400604
0.94190323
0.08027362
0.042259943
0.036486756
0.033464883
0.03276769
0.03258182
0.031901993
0.035024945
0.04541
0.90373456
0.94539875
0.9659548
0.9552883
0.9489269
0.06320782
0.04381832
0.04649864
0.06755556
0.8424786
0.8511952
0.08107564
0.05552075
0.07237837
0.08116966
0.085460566
0.798255
0.804618
0.10037932
0.10647973
0.08776628
0.09025566
0.79311246
0.16315916
0.07022345
0.062618926
0.104883716
0.87012273
0.9207405
0.91049933
0.10401371
0.06494353
0.061397407
0.071129605
0.21232627
0.22630183
0.7061579
0.19932242
0.23715398
0.12409155
0.17855147
0.25509584
0.6931827
0.47785062
0.3367603
0.1423318
0.12982064
0.19651793
0.17597096
0.62934834
0.816198
0.102646396
0.07806051
0.0778261
0.089836955
0.88803166
0.909763
0.8748414
0.9125375
0.8256239
0.7474141
0.69997716
0.67342246
0.73244226
0.07360645
0.047176406
0.04673287
0.060281865
0.91729856
0.9102797
0.9503611
0.93818706
0.07317593
0.04504591
0.04500144
0.05787467
0.86234653
0.90178347
0.13536157
0.12001778
0.26384678
0.91610736
0.9460103
0.9453491
0.90379447
0.14734204
0.14802577
0.11902958
0.90236115
0.9166129
0.074379995
0.053849168
0.04586595
0.052893247
0.8363876
0.91958845
0.89001733
0.94659346
0.9329786
0.79075503
0.08667113
0.07661437
0.06960838
0.14145675
0.9001733
0.86441433
0.92196536
0.8385116
0.82366663
0.8850156
0.749031
0.72761655
0.09453189
0.06087811
0.066777
0.11548076
0.870855
0.82239014
0.9080863
0.89288634
0.75365245
0.7206949
0.8422166
0.8249647
0.89913946
0.8839274
0.2785359
0.2940227
0.22247803
0.08812823
0.08498538
0.093724735
0.114520006
0.7936792
0.36862183
0.31409797
0.83410704
0.84773505
0.14266364
0.10094539
0.10747916
0.12888162
0.8791918
0.8960715
0.83009017
0.81541187
0.81521064
0.8380896
0.9115573
0.9166412
0.86982393
0.9011069
0.81881225
0.72975385
0.08378126
0.07056609
0.06687261
0.08722346
0.85695577
0.8071386
0.91637236
0.9167412
0.8030956
0.88169366
0.17626965
0.10361775
0.13124326
0.83619976
0.18836796
0.182141
0.8849314
0.08050197
0.04841425
0.043240603
0.041965727
0.04668467
0.04222461
0.040331956
0.041569263
0.048410356
0.071809776
0.87932545
0.9402329
0.09689133
0.047216352
0.037859723
0.0343206
0.03272625
0.03166159
0.03187408
0.03865245
0.07928741
0.9211769
0.92588836
0.94655764
0.9329367
0.9307998
0.9367033
0.9050622
0.8993187
0.9188806
0.87803984
0.87548286
0.91258556
0.8933402
0.9201948
0.9201823
0.8945638
0.91741735
0.8769842
0.876779
0.8929099
0.9131001
0.9166597
0.9394926
0.06344281
0.0363142
0.03213177
0.033224817
0.036384836
0.04519025
0.07835492
0.8289746
0.8011065
0.12546629
0.11912142
0.79532105
0.80989575
0.07612067
0.053142972
0.052600075
0.052165188
0.050817534
0.05738308
0.057584014
0.052127954
0.05766628
0.05335405
0.044525664
0.042159237
0.043990426
0.065989956
0.13854486
0.8577206
0.9321778
0.928142
0.8067912
0.7826106
0.85621315
0.7420685
0.73873687
0.8494369
0.7130227
0.11165994
0.118111216
0.12451078
0.8644222
0.80556923
0.8146943
0.9025136
0.7943236
0.73200387
0.15015775
0.25103846
0.2021898
0.73542506
0.77908707
0.08436955
0.05943719
0.046168186
0.046249624
0.056241546
0.10508047
0.8054241
0.8367911
0.3323352
0.2886942
0.879231
0.91811264
0.9062511
0.76352245
0.2951255
0.13967797
0.1437837
0.505209
0.69706947
0.8696411
0.8639096
0.69615906
0.7003568
0.82661533
0.7719009
0.8818146
0.22184642
0.07507043
0.057328995
0.07114093
0.7032256
0.0903598
0.08958953
0.0826023
0.09410906
0.93360466
0.93344355
0.95519036
0.88574517
0.06637879
0.047200117
0.051137116
0.07637512
0.79955596
0.094208635
0.05544756
0.05156293
0.06432578
0.10529611
0.8449005
0.16602352
0.06574624
0.052371684
0.045338273
0.04239215
0.048115242
0.073547274
0.87695336
0.9252358
0.098003
0.06686436
0.08315289
0.8247106
0.8616958
0.06845962
0.040965676
0.033939354
0.032093372
0.03300422
0.040970154
0.10566722
0.9509484
0.9639293
0.96782446
0.94312423
0.05840582
0.036288556
0.03360244
0.03521603
0.039431598
0.050529446
0.09222161
0.9146279
0.09794981
0.05328862
0.044892583
0.04307581
0.04052341
0.04027855
0.041974343
0.039745543
0.042957958
0.06599085
0.7969839
0.33317757
0.9053599
0.89271444
0.93866986
0.9403554
0.9050752
0.93219197
0.9601884
0.95700455

