0.87103856
0.8265122
0.60904473
0.16843276
0.17992093
0.24377951
0.25986972
0.63173974
0.745391
0.8975772
0.32787666
0.08516856
0.059723146
0.061239332
0.090263374
0.81775314
0.900875
0.90019894
0.45036075
0.88959765
0.22110803
0.062156852
0.06765605
0.07435291
0.0674089
0.08516647
0.15665795
0.9399341
0.9308382
0.9536793
0.90046185
0.060977668
0.04394962
0.039243218
0.04809747
0.062433675
0.053390816
0.06725662
0.081413336
0.7565768
0.7317917
0.775979
0.34403738
0.15201691
0.07628833
0.0746389
0.111598276
0.12876931
0.14880803
0.23231003
0.36229298
0.2988752
0.76772296
0.54913044
0.36421555
0.27995414
0.2203927
0.47671184
0.736218
0.31296507
0.170276
0.1466528
0.17782257
0.16354746
0.2582558
0.13921578
0.1651191
0.4975098
0.61562127
0.8189611
0.826409
0.19465937
0.14195713
0.11994419
0.11217716
0.14901613
0.79444444
0.72722816
0.83491707
0.80082905
0.32853702
0.30152473
0.30873585
0.44744352
0.46925163
0.51001734
0.6842543
0.312058
0.40460023
0.8047071
0.8285986
0.6005976
0.15215059
0.10152358
0.099659875
0.16665192
0.18545993
0.86733955
0.88552785
0.15207443
0.116829716
0.15932131
0.8155408
0.18938997
0.07636358
0.0592874
0.05888784
0.07104426
0.07399603
0.100179665
0.057482235
0.055385698
0.0532282
0.07034039
0.10092929
0.061824303
0.090597436
0.09704059
0.12850113
0.84918725
0.081851065
0.04709358
0.03945375
0.04543578
0.057793938
0.06318436
0.888578
0.8901323
0.92448103
0.9507193
0.9061462
0.8658146
0.095335625
0.10009313
0.19552657
0.9122856
0.9140756
0.099613845
0.09120088
0.13377704
0.86256593
0.93038064
0.1401412
0.078221634
0.04840789
0.04405674
0.058266144
0.11510414
0.855793
0.9389713
0.2337913
0.049912497
0.037806824
0.035405856
0.037376102
0.049289066
0.1538783
0.9481517
0.91716886
0.8947079
0.066848285
0.040364683
0.036228593
0.036521006
0.039370596
0.04899019
0.09128259
0.90366983
0.81495565
0.11612633
0.14019544
0.1255769
0.7918118
0.114467114
0.10407741
0.7530073
0.07705245
0.05455124
0.05257698
0.07867599
0.88000417
0.8738858
0.07161256
0.041790593
0.036859386
0.04194701
0.074917994
0.92319614
0.9356538
0.959035
0.9465305
0.9204449
0.9038996
0.058917228
0.037608024
0.03515395
0.03870933
0.05402074
0.8911629
0.9444427
0.8784147
0.06725175
0.04684537
0.047909383
0.0664328
0.73524725
0.11903271
0.12518568
0.8768513
0.20585877
0.10892255
0.10806162
0.7874258
0.8154788
0.8379335
0.83282393
0.82106763
0.822862
0.075229034
0.047946982
0.051919222
0.079395525
0.124866724
0.23342437
0.117312215
0.07043205
0.07238954
0.122468494
0.7650572
0.2694517
0.143257
0.15794107
0.80061823
0.20626333
0.28347012
0.18618222
0.1879654
0.8619749
0.87607104
0.7744498
0.7684384
0.88246554
0.8720695
0.2297618
0.24304178
0.1974589
0.20845504
0.7458095
0.6499859
0.6241419
0.5811301
0.24623084
0.20844409
0.20754889
0.23110503
0.35100207
0.4072885
0.4289142
0.3713112
0.15852918
0.15588698
0.11980428
0.09366883
0.11048756
0.29828534
0.23549989
0.14703234
0.104700536
0.11858218
0.57042533
0.62254435
0.79680914
0.7886196
0.53282434
0.254988
0.33031967
0.29930082
0.3414356
0.24597685
0.18045293
0.21718518
0.26024756
0.21238789
0.7718051
0.78199315
0.65840906
0.766981
0.7692799
0.48538938
0.20007923
0.18557194
0.7598603
0.22596863
0.36121422
0.32305178
0.22517586
0.21991305
0.14140193
0.113892235
0.09663803
0.08571515
0.07818998
0.06036109
0.11725085
0.18930922
0.9000003
0.794087
0.908636
0.07782863
0.048688263
0.046793856
0.03536935
0.040428694
0.05653946
0.88592803
0.9179653
0.9289088
0.88559544
0.88353217
0.91978145
0.88599837
0.93399614
0.9416463
0.94348496
0.93325204
0.85607755
0.059752423
0.04056544
0.040568393
0.050297763
0.8609822
0.8714449
0.91887856
0.17792916
0.20014125
0.21779965
0.877619
0.8944017
0.9248525
0.9467759
0.9372007
0.8788982
0.081716746
0.06086216
0.06464654
0.8764328
0.9386769
0.9428853
0.8515907
0.059784073
0.0428482
0.04496504
0.072609894
0.8800111
0.91531867
0.8522214
0.8354411
0.8095668
0.80262053
0.80887353
0.8399199
0.8766958
0.9150776
0.941912
0.92247456
0.07322734
0.058921456
0.07294897
0.81172454
0.9041512
0.120007046
0.07794377
0.10970158
0.8851588
0.8070085
0.10879986
0.0884432
0.08959868
0.16643833
0.21056393
0.16588463
0.07886839
0.07528151
0.099121705
0.17795442
0.13998486
0.14778922
0.17895043
0.84303534
0.74463683
0.7169836
0.707036
0.7437597
0.87769234
0.8768468
0.7210614
0.72797537
0.115196615
0.054177456
0.044436622
0.057170823
0.048810903
0.057113178
0.8865536
0.91308016
0.9571219
0.95209247
0.09363156
0.088118844
0.044904426
0.033484753
0.03164465
0.033511687
0.03830039
0.051802855
0.84663504
0.904115
0.84877944
0.9243665
0.86799884
0.9399081
0.9345226
0.89330316
0.17059498
0.19812095
0.6535654
0.105348006
0.11671463
0.09221292
0.13764244
0.899732
0.87804055
0.9360254
0.9295068
0.8405324
0.85428005
0.92650014
0.87486607
0.91458356
0.33319062
0.1307584
0.095474534
0.06277346
0.07631434
0.09278372
0.8554338
0.7765749
0.9020673
0.88655514
0.6312613
0.20771365
0.2090182
0.28864974
0.26299074
0.33565405
0.28702712
0.35637707
0.289896
0.28062734
0.74580836
0.5592263
0.18474011
0.14950362
0.14047387
0.27967092
0.66164076
0.82427144
0.7960898
0.8872717
0.9041511
0.8922019
0.7971096
0.89713436
0.9163393
0.92499954
0.9305385
0.9336772
0.92592335
0.8839544
0.16633755
0.09413638
0.089354895
0.09297927
0.2405008
0.32943767
0.8752514
0.9154686
0.92196506
0.8916109
0.7400963
0.7054418
0.7770876
0.89242834
0.8735069
0.32401386
0.22541039
0.21833277
0.23659465
0.31794983
0.31764534
0.252127
0.40249693
0.66613644
0.8428138
0.1095997
0.086575754
0.09352094
0.09527361
0.8258942
0.3796789
0.893422
0.92853343
0.893974
0.9291682
0.8337185
0.781263
0.7939309
0.8810773
0.10163334
0.07089583
0.095514424
0.06495508
0.09180999
0.77367896
0.77793884
0.08821092
0.047265336
0.042510137
0.03954731
0.043640215
0.058718834
0.8957698
0.9419348
0.8974678
0.856992
0.848461
0.06520561
0.04307471
0.03909114
0.058644056
0.06312153
0.12234949
0.841299
0.847222
0.9207803
0.86078703
0.85710835
0.90064555
0.8006249
0.7917677
0.89532244
0.9055772
0.8398536
0.918373
0.92956024
0.93333375
0.92170674
0.81498224
0.8603287
0.11799985
0.11589279
0.09143801
0.113216095
0.33006176
0.85374874
0.72205824
0.6970941
0.6698779
0.124607444
0.08558943
0.12397235
0.22248147
0.11927255
0.15599799
0.2223405
0.77540815
0.1787058
0.14068657
0.18580608
0.5444769
0.5760642
0.6152514
0.5902311
0.25325063
0.19407634
0.20695756
0.23458031
0.31894442
0.1600247
0.16623664
0.3343939
0.68838966
0.79307854
0.5158187
0.4960947
0.47127432
0.45482403
0.66602147
0.78846306
0.23042506
0.22444019
0.2604057
0.1538272
0.165516
0.5628278
0.6962611
0.8348144
0.7252403
0.7219631
0.87307584
0.77193487
0.08617478
0.065001756
0.115653165
0.067838356
0.07302064
0.04720136
0.041464936
0.04154005
0.04537516
0.06046058
0.79974586
0.13432068
0.14595927
0.12014732
0.87031347
0.89766186
0.95344883
0.95428544
0.94266266
0.07266546
0.04545678
0.032359898
0.030099697
0.035202947
0.055145044
0.9190585
0.93103296
0.92001003
0.9217583
0.9467367
0.9374022
0.954089
0.9470346
0.8690573
0.08687888
0.099943064
0.7962326
0.065467305
0.047126163
0.043076545
0.043795638
0.056712713
0.073375724
0.1286527
0.8216965
0.09146914
0.05644796
0.051850263
0.05387428
0.06837375
0.11812471
0.8379405
0.09915861
0.06426685
0.057642877
0.061586186
0.08166744
0.06212022
0.059216976
0.056297217
0.05102439
0.048169687
0.05944557
0.1058088
0.927533
0.83090883
0.8271942
0.8570442
0.06491047
0.04091758
0.03401705
0.03141252
0.030819984
0.03183842
0.039176792
0.08682032
0.9422127
0.9498372
0.9589487
0.9610737
0.93437034
0.1653301
0.111355886
0.76329
0.06675424
0.04926148
0.05381047
0.09247916
0.9067053
0.09714657
0.0528211
0.047132596
0.050146963
0.04681833
0.053203672
0.090162516
0.09170794
0.05538552
0.07078741
0.10522314
0.097292714
0.14489105
0.1208442
0.912109
0.9362637
0.9490197
0.94353807
0.9587145
0.9363977

