0.8514063
0.81104976
0.68733805
0.65373886
0.7504669
0.859129
0.83228296
0.8056364
0.84206367
0.9066956
0.9081908
0.85888714
0.56049496
0.43765387
0.4259615
0.5481748
0.8022754
0.83381206
0.7042065
0.78642726
0.5443073
0.19192007
0.16188507
0.13664839
0.17811616
0.22214033
0.27738994
0.39469898
0.12895538
0.10096844
0.11896256
0.14432628
0.55229396
0.20478736
0.22382417
0.1639589
0.15888463
0.20807546
0.2237232
0.14465119
0.14968382
0.54396355
0.7625375
0.6630451
0.5960991
0.21935439
0.23543073
0.15601473
0.14724007
0.18049009
0.15067117
0.16202949
0.2625076
0.21276866
0.4897028
0.56103045
0.45385858
0.27801389
0.36651433
0.25628316
0.16380976
0.15346722
0.19311233
0.17887384
0.2737653
0.4542965
0.2277848
0.27241525
0.4686679
0.40614328
0.40249684
0.30408415
0.42787904
0.17127624
0.1510706
0.18164371
0.74779266
0.64938974
0.7823184
0.47052798
0.23388062
0.25069624
0.23272976
0.14890343
0.20884024
0.125935
0.1755065
0.13520779
0.15247495
0.13376595
0.18120861
0.60091454
0.13487634
0.1412951
0.6035891
0.24647915
0.24163611
0.862572
0.2922528
0.09684303
0.0737096
0.08548366
0.09921975
0.21164869
0.88632184
0.12051863
0.085780375
0.11887104
0.12664169
0.85315263
0.7062523
0.71537995
0.7407597
0.1414862
0.1330838
0.074122146
0.13057366
0.19241185
0.9188814
0.82005954
0.87135935
0.06866813
0.045765266
0.05017352
0.04019215
0.033247195
0.037133943
0.05482098
0.9136288
0.93374324
0.9212157
0.92480993
0.93110543
0.93903214
0.9418986
0.9515416
0.094332196
0.039264984
0.033989213
0.03841525
0.045580503
0.05384719
0.05170212
0.05229175
0.048425023
0.04946137
0.059678026
0.099124044
0.8159288
0.09983753
0.07652305
0.080697626
0.76774955
0.07848297
0.054336704
0.07175542
0.25763494
0.9500713
0.9371383
0.92764854
0.080879025
0.051558003
0.047911294
0.062669285
0.73998135
0.076958664
0.05894811
0.07097142
0.817386
0.8444951
0.93777853
0.08252122
0.04228127
0.03432229
0.03445153
0.043668237
0.15995687
0.95237416
0.94925195
0.93110275
0.9038344
0.059671596
0.03786133
0.03491249
0.036251947
0.038285334
0.04322133
0.05355359
0.11016901
0.9064587
0.13888554
0.12762253
0.8093912
0.102608874
0.06592851
0.056373097
0.049021825
0.057976775
0.11681726
0.88628566
0.13393542
0.122270554
0.72140366
0.10980028
0.11294072
0.70647657
0.10003989
0.08170788
0.15299354
0.80677783
0.12986475
0.063739076
0.04870091
0.056173358
0.06513617
0.068854176
0.8157171
0.8344573
0.8625654
0.909823
0.23482928
0.2469134
0.27944463
0.88688314
0.85853183
0.8563584
0.87074614
0.9155188
0.86112607
0.15767673
0.10165064
0.10128366
0.9068106
0.90392894
0.9469454
0.8775888
0.07384826
0.065512836
0.052180152
0.040473778
0.0411463
0.048230734
0.046022844
0.044438332
0.051997792
0.04576314
0.041505545
0.042070974
0.036574274
0.043140974
0.06374024
0.900683
0.90079147
0.9300323
0.94700885
0.9589523
0.9458967
0.08800447
0.06377521
0.056510396
0.07901855
0.77889454
0.17269073
0.42060593
0.9225093
0.14854135
0.057669573
0.045514043
0.05091766
0.09618891
0.08146015
0.11004732
0.06514588
0.0574319
0.059604615
0.071209006
0.1636008
0.9018879
0.79605025
0.119115785
0.0844497
0.072395176
0.05709673
0.087728426
0.08784028
0.8174645
0.91338986
0.09273123
0.05411893
0.055760216
0.088863485
0.893884
0.08305636
0.048914
0.04797048
0.053965185
0.08050007
0.862051
0.09758117
0.06428489
0.110786475
0.92554706
0.94821703
0.95900387
0.9498486
0.23049389
0.08174007
0.10997542
0.83229464
0.0664783
0.043227974
0.036564395
0.039022535
0.05144171
0.84168905
0.9116386
0.9263575
0.8944657
0.89419186
0.92759675
0.90292865
0.933633
0.9356127
0.93482757
0.9241584
0.83482045
0.8093542
0.9018763
0.07221119
0.045706265
0.035415057
0.037714034
0.053472795
0.9061532
0.9364074
0.94647866
0.90720046
0.8889212
0.9092097
0.9466864
0.111629635
0.039597966
0.03219622
0.03189145
0.031333525
0.031971857
0.033335425
0.032660034
0.037565365
0.056329522
0.9285104
0.9169872
0.95954674
0.9306569
0.94555795
0.06920521
0.045462135
0.037755463
0.043534532
0.05631803
0.806987
0.76251435
0.8521979
0.9304969
0.9177199
0.08228676
0.055521917
0.06722525
0.089945026
0.8472554
0.22146338
0.156654
0.12850161
0.20879096
0.25280672
0.18078086
0.79127777
0.9213178
0.94160455
0.9382097
0.9020523
0.1292275
0.0883933
0.087264076
0.17955816
0.16475336
0.19488038
0.6052895
0.29507825
0.20517768
0.54773575
0.6227089
0.6787269
0.84836924
0.3983004
0.18952365
0.66773593
0.17057315
0.08255744
0.072328314
0.09404478
0.0503315
0.04769806
0.053757124
0.08510765
0.9036217
0.8963114
0.3983141
0.86368865
0.29885152
0.16504724
0.78241736
0.8276756
0.92769676
0.0754012
0.041099813
0.03496201
0.0356141
0.048826233
0.06838207
0.1258988
0.23884888
0.922359
0.8882559
0.8664007
0.83983696
0.8381131
0.88127804
0.21596147
0.2898966
0.89661574
0.8984486
0.91819245
0.30739373
0.10702953
0.2428427
0.9049329
0.92057174
0.9436377
0.9366586
0.8964772
0.12817569
0.0695989
0.08896268
0.86443084
0.9190752
0.90213794
0.9165269
0.28509638
0.118901186
0.77162665
0.82024693
0.87312263
0.9144294
0.9497939
0.93328655
0.9434733
0.11278948
0.05675239
0.048669383
0.034357972
0.030206002
0.030413518
0.034753714
0.046889506
0.8142799
0.91080093
0.88521665
0.93360996
0.9217412
0.82101524
0.7861523
0.86261886
0.8275972
0.90559167
0.9255484
0.93218875
0.93036115
0.91061926
0.7355782
0.093389966
0.08748484
0.18248169
0.8743449
0.21476975
0.18889645
0.15428482
0.13975917
0.1490252
0.8699334
0.8789472
0.91887313
0.94755703
0.93702745
0.13941163
0.07732223
0.07472438
0.088503025
0.18845773
0.9098022
0.84305257
0.9045875
0.16381009
0.07668351
0.07899509
0.77907497
0.87684935
0.8452652
0.9104762
0.8819022
0.9248484
0.9181393
0.8540247
0.88895565
0.80202293
0.7706256
0.8192976
0.9155228
0.92634207
0.086161315
0.0669916
0.03728992
0.03208555
0.030785076
0.030638527
0.031851355
0.036453832
0.054194372
0.92449015
0.93290126
0.9569075
0.9288823
0.28083956
0.16595957
0.83984846
0.8886799
0.08862281
0.04933636
0.04760101
0.06262503
0.77633554
0.13572517
0.10005861
0.10368654
0.89347374
0.80961686
0.82353014
0.9095242
0.09425563
0.06784802
0.11869014
0.15203276
0.8127678
0.30565062
0.20899749
0.90103024
0.9340045
0.91256195
0.9369789
0.8350538
0.7825395
0.75228614
0.14598611
0.2516928
0.8791787
0.16388084
0.09452219
0.07423927
0.09124238
0.65231526
0.17356166
0.27573773
0.6754996
0.2553754
0.74158454
0.7221041
0.09209322
0.060597878
0.06095748
0.08865812
0.10338809
0.08029026
0.088557914
0.16343875
0.6925824
0.17684972
0.21046515
0.56844777
0.4647727
0.452691
0.44804093
0.5705882
0.79469305
0.7443491
0.8757594
0.856793
0.2632522
0.1590763
0.26281258
0.14228286
0.21952118
0.3636194
0.21568227
0.1317536
0.1637804
0.11650864
0.15451537
0.1082578
0.11771827
0.28645623
0.14296828
0.16215315
0.6471432
0.45977283
0.3414707
0.80340254
0.1473431
0.11870314
0.12064819
0.66892797
0.71996975
0.07672692
0.05428634
0.041436415
0.05022805
0.05948135
0.89337736
0.9318888
0.94476926
0.941875
0.9036339
0.92463046
0.85681975
0.84597224
0.868342
0.92667884
0.93148756
0.91809136
0.8148577
0.8156914
0.89055437
0.8574695
0.9168593
0.8985339
0.13660108
0.13311888
0.10444363
0.16009447
0.173736
0.8331644
0.6634055
0.22043113
0.37129262
0.2707961
0.82251996
0.7177813
0.7418356
0.7800719
0.07967969
0.04762334
0.039677866
0.039136417
0.037692785
0.03597074
0.035131462
0.035035405
0.039783772
0.06314282
0.9267555
0.9246876
0.9403817
0.9204045
0.9168567
0.15268034
0.1499618
0.8962845
0.06741771
0.041909322
0.039520405
0.041664295
0.046351872
0.04753647
0.04879918
0.054998297
0.05458914
0.063385755
0.11665636
0.14582185
0.12034845
0.14100572
0.20898883
0.1266372
0.756929
0.09213202
0.07259902
0.06715315
0.08706394
0.7771787
0.7517636
0.8743989
0.18149263
0.09666708
0.08551264
0.12305189
0.080334075
0.1086177
0.3015577
0.8820499
0.83974445
0.8573623
0.9129227
0.8836084
0.9222812
0.90245736
0.93412095
0.9391118
0.9425338
0.9391601
0.95779294
0.9529564

