0.9037778
0.9057683
0.87902576
0.84536445
0.8575719
0.9134073
0.85800743
0.8475867
0.13229094
0.06254012
0.041885894
0.03803765
0.04427551
0.07030599
0.9182411
0.85637295
0.94512945
0.146144
0.05560999
0.037863232
0.03724133
0.0368869
0.034049235
0.034244157
0.040505935
0.060231697
0.93064564
0.9423493
0.95136863
0.95807165
0.069927484
0.03963873
0.034870654
0.037174143
0.038943183
0.04050755
0.044693764
0.06278281
0.10248161
0.8235465
0.78074044
0.8209399
0.22139269
0.77667606
0.07439907
0.04921515
0.04917292
0.06987378
0.06701275
0.06159548
0.05026702
0.057452098
0.054130938
0.04286424
0.04876903
0.061153796
0.8691309
0.9333909
0.9378966
0.8594731
0.09223243
0.07608039
0.124082774
0.85275525
0.8495937
0.83706254
0.831188
0.8005131
0.12126657
0.14859508
0.80785906
0.08699317
0.069437005
0.08471929
0.8787682
0.86636835
0.87579393
0.87372094
0.86379206
0.8876048
0.9195272
0.94307554
0.9339133
0.27539226
0.12828046
0.08801407
0.7079484
0.11382793
0.096545644
0.8518804
0.9319845
0.94536155
0.9042961
0.8678452
0.85136634
0.09258609
0.064573914
0.07907088
0.8159475
0.9088004
0.082807384
0.057258032
0.06472647
0.13632756
0.8313782
0.20457402
0.10713911
0.14639293

