0.9139849
0.92001194
0.92317957
0.84174496
0.78911144
0.78710943
0.91713196
0.07778292
0.04740913
0.037849978
0.03899638
0.042197738
0.051621787
0.08390955
0.8623492
0.098615505
0.04988217
0.03919129
0.035514675
0.03452017
0.037555713
0.048652418
0.89241517
0.9011759
0.9497685
0.9477898
0.9518995
0.059486073
0.035774786
0.031448763
0.030715773
0.031710163
0.036371652
0.05297933
0.85309625
0.9184462
0.87052906
0.93334883
0.8624956
0.06033103
0.038885254
0.03533152
0.03434727
0.036083408
0.042936705
0.069404356
0.9245046
0.91037345
0.88840467
0.06680758
0.04131887
0.037307426
0.036863312
0.038738195
0.044393186
0.063275784
0.83381206
0.9070851
0.08696025
0.05294285
0.057166338
0.10135025
0.88940364
0.78168
0.82766914
0.9189127
0.9182736
0.09359988
0.06930192
0.090816304
0.8574157
0.91988176
0.8245488
0.06460465
0.04272055
0.041791752
0.05123708
0.86573905
0.8805568
0.93065006
0.95627296
0.8996921
0.87741745
0.05927935
0.042848695
0.044315975
0.059977416
0.81214553
0.8591179
0.94003886
0.21656483
0.057542793
0.04462108
0.04876931
0.068688236
0.05154685
0.04486582
0.043153264
0.04605779
0.058469553
0.7869754
0.8294938
0.8395524
0.9131046
0.81776667
0.091020614
0.056242444
0.059303146
0.0868062
0.907105
0.90231043
0.91107005

