0.8759306
0.90257967
0.9041044
0.90913963
0.93642557
0.9169341
0.94366986
0.94001824
0.09602187
0.045477655
0.039658662
0.044370845
0.040210154
0.042380344
0.042638924
0.046344142
0.057056542
0.09958916
0.90546656
0.09771053
0.049791213
0.039579
0.03772979
0.043030087
0.0643119
0.92744744
0.9297205
0.93461967
0.06855756
0.043670792
0.03881033
0.040818375
0.0524942
0.08854698
0.86098474
0.21804243
0.19524495
0.7689421
0.09114623
0.07385556
0.13222757
0.9080471
0.8489196
0.07493632
0.057953365
0.05949043
0.04166448
0.045642804
0.039645955
0.03784345
0.041602124
0.0778274
0.8861136
0.9437169
0.9538077
0.9007646
0.93808025
0.078158155
0.060184956
0.04335669
0.045218457
0.06325952
0.9170332
0.92259353
0.09897567
0.065694064
0.07201552
0.90283126
0.9422585
0.88251966
0.85906535
0.07681126
0.063983805
0.08605529
0.87925714
0.07357242
0.045671694
0.046808776
0.053321503
0.07525917
0.90006506
0.82061434
0.87646896
0.9411198
0.8943687
0.12107597
0.046485994
0.03724794
0.042131756
0.044144228
0.042920273
0.04181365
0.04559419
0.06177071
0.062337503
0.0921438
0.9183225
0.8910764
0.90805936
0.0875779
0.062500656
0.044612
0.040132817
0.040665496
0.047168124
0.08016547
0.89267236
0.77344954
0.72834194
0.7038439
0.6750183
0.7140202
0.8040577

