0.91141856
0.8894964
0.8171386
0.073715284
0.056438755
0.05175393
0.07017516
0.9120191
0.93679726
0.943129
0.88227767
0.85797995
0.8377796
0.8297586
0.8707577
0.080296576
0.056401506
0.038476218
0.03663931
0.035532933
0.036679994
0.036645006
0.037322648
0.045060918
0.07071344
0.898228
0.18558742
0.15118848
0.9356884
0.9616914
0.96352947
0.93061125
0.052736815
0.035673853
0.031999025
0.033622026
0.04023229
0.060321614
0.829978
0.86588997
0.08779794
0.051365867
0.055412203
0.051211808
0.048696496
0.058450285
0.8122552
0.82427955
0.87323534
0.9281441
0.9050359
0.9450957
0.9462134
0.93586266
0.9073405
0.1080142
0.07227687
0.109983325
0.12687114
0.8776172
0.910904
0.9262671
0.9290671
0.928018
0.9247878
0.90136546
0.9283303
0.93027097
0.92863154
0.91411275
0.8240108
0.7982164
0.81863564
0.9032937
0.920032
0.9035716
0.782925
0.6996503
0.7123615
0.8527452
0.13093285
0.08734258
0.079275474
0.08351652
0.8415525
0.9301531
0.8697985
0.09112024
0.06257155
0.07276702
0.8196441
0.10202404
0.0463964
0.03884003
0.045794263
0.08328646
0.94281256
0.9602973
0.96682143
0.95998985
0.9509643
0.056266
0.0365674
0.02991417
0.03144537
0.03147963
0.032924578
0.03962782
0.06993219
0.8737746
0.876756
0.88228935
0.841097
0.13761377
0.1780118
0.18159096
0.24754465
0.8662888
0.9353233
0.94752055
0.92973876
0.9125517

