0.8633382
0.89036703
0.91274506
0.24841833
0.12104694
0.06255442
0.06468505
0.07112312
0.8033591
0.91001713
0.86398685
0.9225127
0.30145255
0.11482334
0.14190783
0.13018192
0.7777098
0.12622228
0.074306086
0.08815918
0.12294042
0.8515302
0.9152739
0.82399374
0.8218477
0.8531663
0.098076604
0.046864785
0.040447436
0.048653465
0.06264288
0.116023555
0.89859796
0.10143175
0.071493395
0.1199707
0.93194443
0.9189392
0.065754935
0.038836714
0.03286743
0.031122059
0.03200292
0.038453214
0.045248497
0.054456558
0.9213896
0.9398904
0.96310025
0.96642303
0.9652805
0.9418031
0.90857613
0.049828
0.0340605
0.031668015
0.034543138
0.0344935
0.03542143
0.036768604
0.036079347
0.035290994
0.03909366
0.053668786
0.8934042
0.9558371
0.9547181
0.08450535
0.049029287
0.04082873
0.04162848
0.05035058
0.088221505
0.855971
0.165352
0.1083792
0.09170147
0.12973279
0.8782059
0.13425784
0.06177404
0.048452415
0.04868589
0.048045993
0.047354184
0.050221983
0.059485417
0.05268018
0.054630335
0.07660948
0.059502754
0.058613688
0.08064117
0.85525465
0.8767822
0.9487273
0.9498201
0.8768607
0.821354
0.27972206
0.110843614
0.18605694
0.1757124
0.27860796
0.85905224
0.4253705
0.3146546
0.21682295
0.08873177
0.10166484
0.8237103
0.8953066
0.8508998
0.9211681
0.86989653
0.92923814
0.9068226
0.11302979
0.077287
0.091292724
0.11478478
0.1937269
0.89656466
0.9021525
0.9456994
0.9255688

