0.19286527
0.1065192
0.11610162
0.2956597
0.73784316
0.83997184
0.6708978
0.526268
0.22875032
0.3164922
0.26519382
0.8443996
0.90583605
0.89390934
0.76256835
0.6873537
0.6757695
0.73703575
0.84662837
0.7481822
0.7707609
0.8991152
0.19990392
0.12660363
0.11544687
0.056081157
0.054174524
0.05209187
0.05901878
0.068797715
0.074381754
0.04655836
0.04207332
0.04429436
0.039306343
0.045136917
0.054508895
0.1416582
0.9496624
0.9518462
0.9117381
0.08581726
0.044464003
0.04262931
0.050222468
0.06363866
0.8838877
0.9301903
0.07778999
0.040399425
0.03274461
0.032606263
0.039317686
0.09208641
0.9303778
0.9240898
0.9409535
0.95758134
0.9503842
0.94730365
0.95026296
0.12192577
0.04010289
0.035197213
0.034264885
0.0438542
0.07418668
0.90026355
0.93593
0.08113468
0.050066255
0.04880525
0.052808903
0.088899635
0.8286068
0.085691646
0.051579695
0.053786512
0.09394696
0.11193378
0.95178896
0.96124077
0.9339844
0.06127206
0.04068344
0.039684553
0.040401332
0.04596221
0.047742955
0.048714552
0.048420895
0.047324717
0.046644736
0.04515628
0.04429285
0.045422733
0.048995033
0.07829182
0.10217033
0.86143106
0.8696525
0.93390006
0.3317564
0.080091625
0.08765145
0.10487067
0.25523925
0.91367525
0.16811252
0.07201976
0.053179525
0.07769874
0.053262487
0.049674265
0.094339885
0.15670379
0.8880985
0.8926822
0.8964315
0.8963103
0.11221871
0.06048529
0.044028535
0.045633268
0.04811687
0.04924297
0.05963502
0.18163984
0.92966264
0.86150634
0.9373474
0.1538134
0.06475454
0.047921974
0.046419114
0.06828314
0.05752593
0.05884122
0.060524028
0.05854253
0.05481229
0.05290124
0.059617884
0.11360984
0.9076418
0.09765112
0.070235945
0.060812443
0.1536522
0.90268546
0.2249874
0.17593972
0.36190167
0.93152946
0.92971504
0.06712611
0.042675447
0.041900866
0.053886693
0.8897058
0.8938031
0.92994565
0.9436402
0.9411486
0.93993974
0.27761325
0.12895806
0.7152532
0.116628096
0.13363385
0.91167355
0.93226355
0.14174765
0.094020724
0.09195993
0.7483149
0.08536672
0.06716159
0.09186113
0.7723415
0.3084479
0.9129285
0.20859797
0.06410164
0.08207344
0.07400328
0.057071526
0.07179214
0.061528217
0.124830104
0.15276107
0.16403116
0.15798809
0.14572446
0.10279846
0.8907108
0.842666
0.83705896
0.8554242
0.9293215
0.93559414
0.89598495
0.9369081
0.9253951
0.09366723
0.067103185
0.064341724
0.064628236
0.0664842
0.07425075
0.08392792
0.7516632
0.89484775
0.8591203
0.9180982
0.9059311
0.79884267
0.7588086
0.78558236
0.89220977
0.91245455
0.90856814
0.8566934
0.9099926
0.91489476
0.904877
0.8420571
0.821527
0.83334523
0.8858462
0.85104895
0.9151861
0.93148786
0.93770653
0.9309372
0.82299423
0.14922388
0.049435627
0.04059918
0.056864694
0.037001055
0.03953103
0.080507144
0.1486706
0.88609403
0.8932792
0.9421393
0.9455707
0.9405341
0.89490664
0.9399902
0.8844305
0.8822106
0.07863967
0.04427691
0.034725834
0.034406815
0.03774714
0.040551987
0.051211625
0.08877653
0.78338623
0.82331246
0.8804363
0.93484896
0.93476987
0.8731873
0.83336127
0.7980559
0.7663377
0.7449204
0.7641113
0.8596486
0.8230715
0.87609124
0.50037295
0.30984664
0.19950904
0.22676702
0.14463222
0.13392995
0.15125237
0.059748124
0.05443253
0.09634752
0.112372786
0.88460433
0.8054584
0.7878395
0.80074334
0.8724421
0.8127987
0.817682
0.9049632
0.9207127
0.92050004
0.90235794
0.8137147
0.82917655
0.9141745
0.9216041
0.08107933
0.050140705
0.06810141
0.08743135
0.10418399
0.91854084
0.8683606
0.06570419
0.042190533
0.03832393
0.04091171
0.045081183
0.06002403
0.1358474
0.9268737
0.108755425
0.048331775
0.037455346
0.037482023
0.03813096
0.04157328
0.07806983
0.9372406
0.9530642
0.96339417
0.9653057
0.942965
0.061386924
0.03675291
0.031768307
0.031340588
0.033443537
0.049787816
0.10709485
0.9347028
0.9522382
0.1555268
0.05261625
0.040015683
0.03949623
0.042581677
0.05604308
0.09162932
0.89986944
0.08660228
0.051582024
0.044487182
0.046274923
0.06431908
0.8882446
0.837766
0.9127225
0.8104744
0.7751402
0.7277701
0.71950346
0.077006675
0.058754224
0.0686395
0.7773431
0.079083666
0.044752877
0.04863987
0.04510317
0.049148023
0.1937976
0.9371849
0.94777983
0.9485088
0.96046245
0.9604864
0.94421405
0.94453096
0.06385582
0.036578868
0.032954648
0.03586918
0.045817513
0.101146206
0.87470305
0.84540534
0.07571665
0.04792168
0.04456157
0.047709595
0.050944723
0.051137313
0.05289879
0.059711672
0.07322947
0.13568951
0.14203684
0.22627182
0.13196763
0.1034472
0.06918549
0.055389475
0.06448621
0.06301399
0.059833474
0.0916796
0.16387767
0.77448136
0.86852044
0.78903896
0.8697136
0.7534826
0.74556655
0.11901399
0.07455007
0.1303257
0.078916155
0.061005615
0.048838872
0.043448605
0.047273275
0.06375391
0.85590374
0.917907
0.13487767
0.16045496
0.18086565
0.25174084
0.8881221
0.15000455
0.13193303
0.8656058
0.9115509
0.13652611
0.05121413
0.03674167
0.038236015
0.047550052
0.900827
0.9350188
0.9550226
0.95368963
0.9458632
0.05856599
0.038103357
0.03475723
0.040112652
0.059077043
0.8710912
0.86853707
0.88703316
0.86685884
0.87982446
0.15648733
0.11881014
0.7942831
0.08639129
0.05941771
0.06148374
0.084674716
0.82974905
0.836882
0.094683595
0.0875408
0.055490054
0.07612475
0.06329338
0.08467987
0.078570664
0.08779378
0.19659671
0.9071769
0.90883434
0.7965925
0.76090455
0.8595681
0.7498779
0.7161155
0.10956443
0.07297567
0.08737464
0.07910349
0.16032621
0.19520342
0.15605855
0.19125007
0.13735364
0.86008
0.7587876
0.73859656
0.7125094
0.6967942
0.7064868
0.15729922
0.14385505
0.8690574
0.096983746
0.0748679
0.072200805
0.11292417
0.8558039
0.13919468
0.052674484
0.043346196
0.041526895
0.043526243
0.0536639
0.111870065
0.9148503
0.09858122
0.08261972
0.06538516
0.043951508
0.045178145
0.09346934
0.9426297
0.95230705
0.94887596
0.93304735
0.061850734
0.03904805
0.036418162
0.040348336
0.050692704
0.08423087
0.8388178
0.10064663
0.060509425
0.06165654
0.09426106
0.8090448
0.09136995
0.053251106
0.04488767
0.041721214
0.0400199
0.040255804
0.04758973
0.070361204
0.9132411
0.8828034
0.9093295
0.06816969
0.041078508
0.034894396
0.03273781
0.03460653
0.036942896
0.04972685
0.08249095
0.9017019
0.9405876
0.9548551
0.9581756
0.9298223
0.9501575
0.87810326
0.05397541
0.04098076
0.03309803
0.030843878
0.031252973
0.037300814
0.058392595
0.941615
0.96155226
0.94501257
0.062765844
0.040103905
0.041385956
0.0479888
0.04575597
0.043049883
0.043264106
0.045503236
0.053036757
0.08681326
0.8495638
0.14995557
0.07465668
0.059585217
0.04291079
0.04525016
0.06954486
0.8605534
0.88028306
0.9512661
0.94607896
0.8238704
0.80009836
0.100994065
0.099190585
0.14329003
0.107949235
0.10721438
0.109391496
0.68499506
0.24130334
0.15983292
0.21481404
0.7632379
0.86906177
0.8115033
0.86111706
0.7910611
0.8566599
0.81670135
0.9041092
0.91553605
0.7778759
0.07149507
0.049920194
0.04036046
0.035226002
0.042286694
0.05778839
0.9229995
0.95147
0.92590463
0.0779238
0.058876805
0.04433612
0.058227368
0.06963246
0.065001234
0.8590096
0.93479747
0.93855494
0.3773794
0.21042876
0.12788515
0.07351589
0.06792492
0.07834793
0.90360296
0.8702806
0.8532441
0.84538436
0.8365586
0.8847829
0.94233006
0.939096
0.8277861
0.08793708
0.11454918
0.107041486
0.0907477
0.106213085
0.17836004
0.9189612
0.9296406
0.8403142
0.8798169
0.15513614
0.1319577
0.14231305
0.6526907
0.74886644
0.87286246
0.7095919
0.1969845
0.11675814
0.11097455
0.13257034
0.880423
0.92546254
0.944719
0.95150286
0.9438787
0.9347862

