0.87019205
0.8754969
0.084625766
0.047372617
0.0482126
0.039908737
0.04667124
0.0630042
0.84190017
0.8433376
0.8561689
0.8742397
0.89685494
0.12405644
0.056068864
0.036241814
0.03487959
0.03501399
0.036196947
0.039892636
0.054752667
0.15756175
0.9054519
0.09984518
0.08509152
0.08526492
0.90501523
0.93955284
0.9402162
0.94339967
0.940357
0.9208189
0.8887386
0.07270811
0.06507289
0.10377228
0.9048473
0.07992577
0.043194972
0.039959554
0.037442636
0.036336187
0.03600207
0.03682461
0.04350458
0.066039376
0.84322
0.8594093
0.9413851
0.9096035
0.8914408
0.8766699
0.06756509
0.050921123
0.037607763
0.037477903
0.04175404
0.054072656
0.82913005
0.91568345
0.8771798
0.93779707
0.8722377
0.849847
0.93420374
0.10670359
0.04963051
0.035631455
0.036546696
0.039053846
0.04139188
0.04693236
0.04957357
0.044031586
0.047438238
0.0506656
0.082956955
0.13035701
0.936366
0.9495586
0.09022314
0.050525922
0.041332103
0.038697295
0.043422718
0.059848744
0.8024805
0.07565733
0.053125784
0.057645105
0.9011078
0.94283587
0.95385617
0.94882935
0.9227474
0.0726519
0.057769343
0.074730635
0.7780567
0.06918541
0.047725998
0.04905487
0.0691465
0.7889141
0.11065203
0.09702483
0.8351025
0.87018555
0.88950515
0.90412456
0.08650626
0.055051614
0.0527801
0.045933023
0.044302464
0.042630307
0.04050269
0.038291015
0.036484815
0.035145894
0.03562061
0.044108484
0.08952255
0.8847024
0.9432218
0.94932115
0.96751004
0.9629817

