0.83346444
0.85490847
0.85991335
0.8650345
0.87265915
0.7252312
0.6027981
0.6319418
0.7535221
0.8947566
0.8182569
0.7916797
0.087284856
0.061624944
0.047432657
0.06827361
0.050831705
0.051693596
0.06948961
0.7711181
0.084991165
0.061927363
0.12858859
0.22619906
0.914024
0.9447518
0.8758472
0.89027524
0.07075757
0.0424974
0.036683314
0.03771823
0.0429852
0.043325216
0.051127896
0.09107848
0.8553922
0.79535186
0.82505727
0.13429174
0.12577924
0.76105344
0.07519976
0.055007625
0.058955573
0.87067175
0.8876372
0.9376829
0.929393
0.94848025
0.9476058
0.93791765
0.9159683
0.11184081
0.09529782
0.1463665
0.87978625
0.86908543
0.87920296
0.1601575
0.13477264
0.0952264
0.88162434
0.9112656
0.87030977
0.87055546
0.90054953
0.94232774
0.9104434
0.92262244
0.07500078
0.05733116
0.07071139
0.71757
0.15809062
0.12311983
0.7947772
0.8297742
0.91636765
0.15125932
0.06639304
0.067942224
0.14251126
0.9014877
0.8393827
0.90085715
0.7584285
0.73041666
0.62559164
0.10659632
0.09839154
0.12237203
0.8669076
0.2135473
0.09912419
0.06926011
0.052206147
0.05218033
0.04818507
0.045687877
0.05056673
0.07410873
0.8409299
0.9070097
0.16152556
0.16025591
0.10370368
0.8352136
0.8481063
0.84642035
0.80799496
0.091760665
0.07636272
0.07909134
0.85402757
0.92904806
0.8526926
0.83019036
0.08054839
0.046435907
0.0437199
0.057289865
0.19666289
0.91620207
0.91039747
0.9390861
0.9080472
0.8828825
0.85346246
0.8520706
0.8882054
0.92699975
0.9402104

