0.81619704
0.85777175
0.88213426
0.910851
0.8862873
0.8864337
0.7364397
0.68649083
0.6385095
0.12696148
0.1093912
0.17116353
0.6137908
0.19551072
0.71854895
0.16851638
0.08069473
0.08013831
0.18076679
0.20652491
0.100595795
0.19132376
0.25548756
0.34469092
0.894628
0.22379403
0.26515183
0.7927616
0.094164014
0.06651505
0.049154244
0.059076127
0.055613726
0.09985062
0.12931018
0.8219305
0.13296276
0.11549984
0.13398546
0.80948406
0.789275
0.31351814
0.8959164
0.47698355
0.32997036
0.88301134
0.08136288
0.046136588
0.040195923
0.040201735
0.04073827
0.041218787
0.041118044
0.041176178
0.04332822
0.05274163
0.08095331
0.8866851
0.15815873
0.17251723
0.8843775
0.10768645
0.05238981
0.06439983
0.08721758
0.9178551
0.9436792
0.94663936
0.9513223
0.94355935
0.93842137
0.065918215
0.046693124
0.051905833
0.10009829
0.8995612
0.21668641
0.20878659
0.8922958
0.07912362
0.045011293
0.040949643
0.04189642
0.045048933
0.0456212
0.0456213
0.045392837
0.053630088
0.07045574
0.09963095
0.8326062
0.17135713
0.20861661
0.8870621
0.26821995
0.82245696
0.87529224
0.17755736
0.15128283
0.15516448
0.8710646
0.07798634
0.048002735
0.044426236
0.04830707
0.05029446
0.06372678
0.08663929
0.7906538
0.15641543
0.13231595
0.79949147
0.123880334
0.07967294
0.065724395
0.056521464
0.05761749
0.05865821
0.058899947
0.077062406
0.19273251
0.8818528
0.28707424
0.7048431
0.29652792
0.15111673
0.17855155
0.8835765
0.92273784
0.9329349
0.89355874
0.90770173
0.9277265
0.92446005

