0.90987885
0.8683951
0.08794978
0.07526417
0.078065634
0.08313859
0.09535896
0.78137934
0.8261891
0.10377773
0.11006779
0.05689497
0.05001376
0.045700494
0.04386892
0.042820748
0.041368
0.039748255
0.038142808
0.039944462
0.040773593
0.044285662
0.09180339
0.9231785
0.9414361
0.8932905
0.89259756
0.13013247
0.06831796
0.07128543
0.8796359
0.9250322
0.9408297
0.9357782
0.9469892
0.93858427
0.915859
0.10027602
0.08423804
0.12645341
0.8969
0.9410141
0.90110314
0.8876787
0.08432482
0.066144615
0.10265628
0.85134137
0.073174395
0.045433328
0.04267548
0.045103353
0.054797027
0.061600305
0.07094644
0.08162609
0.06895144
0.072087884
0.08717735
0.7810425
0.80539596
0.38845497
0.2292728
0.112521395
0.09722237
0.11003529
0.8810905
0.3571913
0.2931922
0.27415973
0.8212589
0.84868824
0.08898716
0.05386081
0.05035312
0.06369802
0.8262115
0.8884511
0.111084364
0.048887666
0.044085756
0.05465541
0.056385
0.8864581
0.888001
0.91045636
0.93485695
0.90011024
0.89922595
0.9299881
0.8966832
0.9123532
0.93839777
0.9280765
0.07224076
0.046561256
0.035050835
0.03965598
0.055348236
0.9027645
0.90670234
0.94519645
0.9611129
0.9490053
0.94465613
0.06386301
0.041685615
0.03942147
0.04922331
0.108521275
0.9111019
0.08580814
0.05536846
0.059854392
0.06435935
0.0968419
0.79946244
0.08884133
0.06278656
0.093463354
0.14652541
0.8349173
0.79943186
0.16133264
0.13244371
0.14611706
0.8114537
0.8640364
0.15910007
0.23543318
0.21331277
0.17544386
0.2094748
0.6966465
0.70608675
0.7554234
0.83980936
0.20668904
0.24402182
0.17367996
0.23229708
0.3329533
0.8849397

