0.88486475
0.8852543
0.89682263
0.85996574
0.9069929
0.91930306
0.9193031
0.91115016
0.87162435
0.6434689
0.59606814
0.73369133
0.5299758
0.43707797
0.21060991
0.21361582
0.828614
0.33594802
0.08675214
0.07029775
0.06622364
0.08596197
0.121087335
0.8987496
0.92704546
0.9252471
0.8063389
0.8841255
0.110504165
0.086407766
0.081023134
0.08792462
0.10899445
0.8660332
0.9319301
0.93712133
0.8378329
0.85154957
0.10504037
0.06465573
0.08764742
0.10564239
0.09731587
0.8230264
0.6900601
0.69887316
0.83627045
0.7318057
0.09925663
0.07580263
0.1243587
0.7715578
0.25748047
0.12993498
0.39897698
0.91634834
0.9420503
0.9430649
0.9300816
0.2390168
0.077490896
0.08724034
0.82321095
0.8998734
0.8310359
0.7804185
0.7918275
0.75096065
0.08527574
0.07423534
0.1463746
0.92867017
0.93597054
0.87147534
0.08644489
0.066546895
0.089835376
0.7967255
0.09383473
0.067936406
0.08529493
0.7870399
0.07764565
0.04834649
0.041837703
0.039750427
0.038235806
0.0373175
0.0366475
0.03623511
0.04036024
0.056233108
0.92498165
0.9226555
0.95519745
0.9510475
0.9629542
0.9600695
0.9033051
0.86835223
0.050557446
0.03332925
0.03120052
0.033717547
0.03381241
0.034101915
0.036779415
0.035276283
0.041597515
0.060514
0.9064725
0.8407471
0.9392946
0.9404314
0.1180745
0.04529982
0.04050139
0.038931597
0.04372844
0.059467364
0.9241633
0.94398695
0.9565942
0.95627874
0.94087553
0.7923066
0.7533917
0.77136683
0.05733365
0.037485782
0.034076113
0.03683236
0.049374856
0.09643923
0.80302876
0.8141001
0.93636024
0.954502
0.95593417
0.9432892
0.78332126
0.06445435
0.05035427
0.039898217
0.04384095
0.06282939
0.0854276
0.0914036
0.28062153
0.86621606

