0.8993134
0.9118918
0.90744954
0.8365982
0.8091721
0.82708746
0.8591622
0.7556911
0.7000458
0.6867069
0.7072455
0.8408559
0.14058606
0.12089882
0.16103756
0.123639144
0.58201915
0.13645707
0.12591222
0.6977559
0.74305063
0.77219194
0.78660405
0.894251
0.10540405
0.081577495
0.06346626
0.06775836
0.8339557
0.90866715
0.8706791
0.8736415
0.9247185
0.8512691
0.06372678
0.042310033
0.045823317
0.045537014
0.051787592
0.05667831
0.10671097
0.11670747
0.77981114
0.09409187
0.056412045
0.05152144
0.05878886
0.08097563
0.8348656
0.21795087
0.13979743
0.11382438
0.836607
0.07839889
0.045553323
0.039477754
0.041541323
0.054612998
0.88953
0.9037928
0.90064174
0.88090575
0.13932607
0.112012446
0.8947105
0.94610494
0.9361054
0.90294254
0.11941313
0.13329388
0.8852743
0.068150684
0.044525534
0.04036955
0.044847123
0.06372286
0.7437739
0.08641417
0.07859067
0.14168607
0.9226039
0.87485284
0.86700785
0.87733364
0.075387746
0.048644207
0.039776087
0.041566383
0.0447824
0.049488854
0.052317765
0.051272724
0.050577443
0.059811037
0.095523685
0.079313464
0.075088575
0.07396326
0.04087643
0.036396556
0.040575568
0.06361963
0.94089514
0.9591124
0.95901406
0.8838079
0.2160866
0.76997405
0.06660699
0.046615068
0.048852637
0.0753045
0.22238465
0.30511117
0.85155284
0.12877879
0.056456607
0.050031845
0.04930799
0.047811422
0.047513954
0.055046905
0.086777404
0.85610133
0.11998352
0.11893146
0.091198534
0.048707496
0.039180987
0.035417225
0.038169816
0.06104301
0.9347561
0.9584068
0.9633012
0.96687025
0.9361686
0.8887515
0.050923303
0.034302633
0.032724895
0.036643367
0.041178778
0.04378196
0.045621596
0.046370298
0.051890917
0.048544705
0.04916106
0.071502395
0.085622326
0.07659425
0.8659892
0.9271142
0.82652164
0.7817708
0.17100844
0.15039642
0.83797807
0.10429882
0.09126476
0.07682513
0.123380125
0.91451645
0.90278494

