0.90287054
0.9120777
0.91811466
0.8818206
0.9236914
0.93296504
0.92931676
0.9104254
0.2005791
0.1322956
0.20471969
0.12543234
0.7404092
0.092698425
0.08125438
0.050271813
0.0506382
0.05066452
0.05189204
0.107503906
0.11455392
0.059210237
0.07289691
0.8466952
0.91637635
0.85978013
0.9404115
0.15581185
0.046839193
0.037908893
0.033482257
0.03398292
0.038230043
0.051937263
0.8761676
0.8969271
0.89736134
0.8766093
0.15693787
0.14730495
0.88145095
0.8224188
0.08314813
0.07014634
0.10586534
0.71660113
0.15963946
0.2879927
0.878717
0.826218
0.90918845
0.9053264
0.09634839
0.082098745
0.12599139
0.8561997
0.097292125
0.060434327
0.07564341
0.22779255
0.9271132
0.9343613
0.13018638
0.056667503
0.05514568
0.08908579
0.9250131
0.9075369
0.120706506
0.04375437
0.03740042
0.0351935
0.034666527
0.035965208
0.040959515
0.057869643
0.83791804
0.2802777
0.9278123
0.9365143
0.15508728
0.06086685
0.0516476
0.06161302
0.90843964
0.9210408
0.9489063
0.952154
0.937993
0.9246823
0.8820801
0.8686399
0.06222061
0.04781624
0.054747846
0.14046726
0.9173562
0.072690845
0.04326282
0.040151823
0.037898745
0.03655048
0.036315583
0.037268966
0.04031602
0.05618055
0.85055554
0.8480547
0.87216973
0.8879057
0.9152773
0.9489548
0.9319374
0.07130585
0.052213438
0.059451025
0.19506104
0.92543364
0.85099196
0.08339041
0.052916016
0.04112722
0.037289623
0.03699584
0.037765987
0.0426583
0.058895703
0.85481805
0.9220441
0.24660562
0.06482526
0.055172816
0.071375646
0.92160237
0.9098936
0.9039764
0.9347675
0.089979574
0.05878529
0.07084004
0.10864157
0.83378863
0.88304836
0.097830676
0.06425332
0.06966549
0.09148589
0.86166483
0.7280518
0.73090917
0.69710064
0.6858339
0.14541689
0.096477434
0.07521009
0.101399764
0.67688495
0.14558168
0.11268399
0.13236211
0.583223
0.16884932
0.15467823
0.13657476
0.35752454
0.83512866
0.9361355
0.9184084

