0.7461224
0.706107
0.2844582
0.25740156
0.14833175
0.51806015
0.19162968
0.65445703
0.83811164
0.14056504
0.11000814
0.11422492
0.83819234
0.23431295
0.17912191
0.8738287
0.10284032
0.058477424
0.04050701
0.037842497
0.045402616
0.0870106
0.9394124
0.953
0.91914064
0.9135496
0.08508355
0.04382691
0.03446405
0.034023747
0.04113587
0.063525215
0.8957861
0.8979146
0.8098431
0.09697968
0.054816365
0.051016018
0.059557337
0.8722097
0.94349855
0.95334107
0.94299984
0.07697969
0.047551434
0.050506227
0.079687595
0.7980476
0.20785947
0.08125206
0.09536098
0.761593
0.14470185
0.081340685
0.08723913
0.85809183
0.92211074
0.86366785
0.08867953
0.06620528
0.09452764
0.7915475
0.07521515
0.052304327
0.0542271
0.06343473
0.09893037
0.10580767
0.092255615
0.8407498
0.9216959
0.84719074
0.8960685
0.09413109
0.043120362
0.035789777
0.035205394
0.03969524
0.05487584
0.8540466
0.89914334
0.85740775
0.87729686
0.06675226
0.04071903
0.035297126
0.037224647
0.047602993
0.12086362
0.9453446
0.9518331
0.9455622
0.08191746
0.0594033
0.06193198
0.07497491
0.7973164
0.10344278
0.05845619
0.04305239
0.03614379
0.034393564
0.033319373
0.035331126
0.05719617
0.105395
0.91842127
0.9361109
0.9427702
0.92204463
0.9416
0.93926156
0.91965365
0.9398131
0.9388655
0.9322303
0.8723126
0.8693697
0.9000425
0.80300033
0.77426326
0.79625046
0.83590376
0.9280224
0.12226388
0.05997276
0.039746862
0.041815337
0.05570332
0.04833344
0.057112828
0.11787085
0.19860215
0.86347556
0.92949325
0.91426677
0.75613683
0.7159182
0.8294598
0.6948069
0.656382
0.09912126
0.074379966
0.07503108
0.83546656
0.93114316
0.9396823
0.857204
0.8060252
0.76116747
0.72540414
0.7367105
0.70235485
0.10964434
0.079519115
0.10529828
0.8245517
0.2529681
0.19761318
0.8249157
0.14270853
0.08341865
0.09874472
0.6498131
0.17242995
0.61078686
0.20089014
0.24505736
0.64799285
0.92863786
0.92368776

