0.86746424
0.9048055
0.9338375
0.9356
0.9191609
0.8133392
0.69665825
0.16798587
0.22488874
0.24626142
0.18914959
0.86129445
0.11583194
0.08903303
0.0834741
0.08103251
0.07824247
0.14343011
0.8111507
0.8527962
0.2113736
0.07842332
0.045779184
0.038460832
0.037349194
0.04666497
0.063930035
0.90131414
0.8302481
0.9098297
0.34482372
0.3020648
0.88925165
0.94218534
0.9400686
0.060056534
0.037121907
0.032286905
0.033082303
0.035617735
0.04273014
0.062662624
0.84454757
0.073515505
0.044062585
0.045985416
0.056438044
0.89368594
0.88595873
0.92202944
0.9382351
0.95237416
0.9508911
0.92872375
0.92059016
0.3150103
0.8730557
0.10187034
0.070248194
0.08978455
0.91207653
0.9273081
0.085549615
0.06491522
0.08038097
0.81447464
0.07571569
0.047805913
0.04723681
0.06324511
0.86360747
0.9311325
0.38279736
0.27551788
0.85861135
0.0749987
0.04946405
0.045451727
0.05170241
0.063271716
0.085980795
0.07261928
0.071060404
0.07070221
0.07269326
0.12059775
0.11466486
0.05996429
0.055365965
0.06629638
0.06742162
0.052290134
0.052931126
0.05583817
0.07432603
0.7612966
0.39302084
0.87173676
0.34996864
0.27918366
0.88916373
0.86267155
0.9221517
0.38384226
0.15226638
0.71778035
0.7481171
0.06795787
0.04651658
0.04731449
0.058848817
0.8807687
0.9225219
0.86420643
0.80204546
0.79298264
0.78493154
0.77155805
0.84304994
0.07902519
0.059891164
0.051484697
0.06871314
0.7192118
0.11950828
0.12943359
0.8064833
0.87206537
0.7614244
0.3975586
0.55729675
0.831588
0.3900168
0.6599353
0.108230084
0.10029949
0.17643908
0.8022036
0.20267883
0.201066
0.8698006
0.8997263
0.3531773
0.16985156
0.13569883
0.74518853
0.07502458
0.055436794
0.060360797
0.8449552
0.9064542
0.94652146
0.8883161
0.86290044
0.81530905
0.07338301
0.057545494
0.06950412
0.7092845
0.12678255
0.20443474
0.29117513
0.9068688
0.89137584
0.22382276
0.19947311
0.848755
0.7976633
0.7515118
0.7201447
0.7662772
0.9088333
0.9391687
0.9443643
0.9169081
0.8934907

