0.6974556
0.6584765
0.6029542
0.6632049
0.83185136
0.8521184
0.70246166
0.6798466
0.7452447
0.8693869
0.13375297
0.08258196
0.08063599
0.071426235
0.117019214
0.11335902
0.7695415
0.88510966
0.8527161
0.90799487
0.8805509
0.660815
0.52142
0.47635272
0.4743291
0.1941876
0.14624481
0.105427794
0.11876495
0.14156055
0.8700309
0.89424765
0.8369106
0.89662814
0.84645116
0.86584425
0.74458814
0.7107802
0.784984
0.892043
0.8900255
0.7251182
0.65263414
0.72878903
0.15933177
0.15797803
0.8205272
0.07520089
0.052482996
0.04858975
0.045940537
0.04741969
0.04816115
0.04825238
0.048540927
0.04822204
0.047345992
0.045689516
0.044542793
0.042574797
0.04163663
0.04310116
0.05249688
0.121528074
0.913515
0.08470268
0.046157144
0.044936545
0.07010892
0.9314558
0.94682467
0.9508487
0.93060845
0.8906163
0.062156487
0.045078445
0.048406374
0.074603334
0.82762015
0.078373015
0.047228713
0.04174627
0.041280292
0.04606739
0.065613866
0.8049789
0.80151886
0.7861016
0.8161355
0.11713727
0.10642368
0.76907414
0.08270469
0.061304197
0.07315402
0.80377936
0.068578035
0.043579843
0.04250197
0.0529327
0.91160864
0.9492123
0.95368093
0.9550563
0.95717305
0.87333465
0.057166655
0.04356052
0.048627928
0.0809823
0.8897237
0.09080692
0.06640575
0.08856373
0.78597885
0.079350896
0.051320884
0.046882562
0.04650266
0.04662906
0.04658487
0.046261575
0.044849336
0.04364088
0.04370471
0.04677717
0.06392375
0.075320534
0.80728745
0.34678093
0.46958846
0.89882135
0.81315106
0.82946765
0.9278393
0.93873835
0.9275312
0.80420315
0.75033414
0.7396615
0.7926442
0.88650495
0.8276561
0.80608994
0.81988424
0.8682606
0.18765904
0.21042916
0.10833186
0.13809389
0.24425954
0.54794526
0.5909128
0.56971323
0.57332677
0.5848608
0.59453124
0.6210119
0.64469284
0.657414
0.6133082
0.18356597
0.17856503
0.10747502
0.10240221
0.101172045
0.123847105
0.6842069
0.86708236
0.8333156
0.905666
0.89732414
0.7972602
0.7912123
0.90632725
0.9309157
0.9386589
0.93715024
0.95636857
0.9513768

