0.19286527
0.1065192
0.11610162
0.2956597
0.73784316
0.83997184
0.67089784
0.52626795
0.22875029
0.3164922
0.2651938
0.8443996
0.90583605
0.89390934
0.76256835
0.68735373
0.6757695
0.73703575
0.84662837
0.74818224
0.7707609
0.8991152
0.19990395
0.12660363
0.1154469
0.056081157
0.054174524
0.05209187
0.059018765
0.068797715
0.074381754
0.046558373
0.04207332
0.044294372
0.039306343
0.045136917
0.054508902
0.14165822
0.9496624
0.9518462
0.9117381
0.08581726
0.044464003
0.0426293
0.05022246
0.06363866
0.88388765
0.9301903
0.07778999
0.040399425
0.032744613
0.03260628
0.039317686
0.09208641
0.9303778
0.9240898
0.9409535
0.95758134
0.9503842
0.94730365
0.95026296
0.12192584
0.040102884
0.035197213
0.034264877
0.0438542
0.074186675
0.90026355
0.93593
0.08113468
0.050066255
0.04880525
0.052808914
0.088899635
0.8286068
0.085691646
0.051579695
0.053786498
0.093946986
0.11193378
0.95178896
0.96124077
0.9339844
0.061272044
0.040683433
0.039684545
0.040401325
0.04596221
0.047742955
0.048714552
0.048420873
0.047324706
0.046644736
0.04515628
0.04429285
0.045422733
0.048995033
0.078291796
0.10217033
0.86143106
0.86965257
0.93390006
0.3317564
0.080091625
0.08765145
0.1048706
0.25523922
0.91367525
0.16811255
0.07201976
0.053179525
0.07769874
0.053262487
0.049674265
0.094339885
0.15670376
0.8880986
0.8926822
0.8964315
0.89631045
0.112218685
0.0604853
0.044028535
0.045633268
0.04811687
0.04924297
0.05963502
0.18163982
0.92966264
0.86150634
0.9373474
0.15381345
0.064754546
0.047921974
0.046419114
0.06828314
0.05752592
0.05884119
0.060524024
0.058542553
0.054812275
0.05290125
0.059617884
0.11360982
0.9076418
0.0976511
0.07023593
0.060812443
0.15365225
0.90268546
0.22498742
0.17593975
0.3619016
0.93152946
0.92971504
0.06712611
0.042675436
0.041900866
0.053886693
0.8897058
0.89380306
0.92994565
0.9436402
0.9411486
0.93993974
0.27761328
0.12895806
0.7152532
0.11662808
0.13363387
0.91167355
0.93226355
0.14174764
0.094020724
0.09195991
0.7483149
0.08536672
0.06716159
0.09186113
0.7723415
0.3084479
0.9129285
0.20859805
0.06410165
0.082073465
0.07400332
0.057071526
0.07179214
0.061528217
0.124830104
0.15276107
0.16403115
0.15798809
0.14572448
0.10279846
0.8907108
0.842666
0.83705896
0.8554242
0.9293215
0.93559414
0.89598495
0.9369081
0.9253951
0.09366723
0.067103185
0.064341724
0.064628236
0.0664842
0.074250735
0.08392793
0.75166315
0.89484775
0.8591204
0.9180981
0.9059311
0.79884267
0.7588086
0.78558236
0.8922099
0.91245455
0.90856814
0.8566934
0.9099926
0.91489476
0.904877
0.8420571
0.821527
0.83334523
0.8858462
0.8510488
0.9151861
0.93148786
0.93770653
0.9309372
0.8229941
0.14922388
0.04943562
0.04059918
0.056864694
0.037001062
0.03953103
0.08050717
0.14867061
0.88609403
0.8932792
0.9421393
0.9455707
0.9405341
0.89490664
0.9399902
0.8844305
0.8822106
0.07863967
0.04427691
0.034725826
0.034406815
0.03774715
0.040551983
0.051211625
0.08877653
0.78338623
0.82331246
0.8804363
0.93484896
0.93476987
0.8731873
0.83336127
0.79805595
0.7663377
0.7449204
0.7641113
0.8596486
0.8230715
0.87609124
0.50037295
0.3098466
0.19950902
0.22676702
0.14463219
0.13392995
0.15125237
0.059748143
0.05443253
0.09634752
0.112372786
0.88460433
0.80545855
0.78783935
0.80074334
0.8724421
0.81279856
0.817682
0.9049632
0.9207127
0.92050004
0.90235794
0.81371456
0.82917655
0.9141745
0.9216041
0.08107933
0.05014072
0.06810143
0.08743135
0.10418397
0.91854084
0.8683606
0.06570419
0.042190533
0.03832393
0.04091172
0.045081183
0.060024016
0.13584737
0.9268737
0.1087554
0.048331775
0.03745534
0.037482016
0.03813096
0.04157329
0.078069784
0.9372406
0.9530643
0.96339417
0.9653057
0.942965
0.061386924
0.03675293
0.031768315
0.03134058
0.033443544
0.049787816
0.10709482
0.9347028
0.9522382
0.15552679
0.052616265
0.04001568
0.03949623
0.04258169
0.05604308
0.09162932
0.89986944
0.08660228
0.051582024
0.044487186
0.046274945
0.0643191
0.8882446
0.837766
0.9127225
0.8104744
0.7751402
0.7277701
0.7195035
0.077006675
0.058754217
0.0686395
0.7773431
0.079083666
0.044752877
0.04863987
0.04510317
0.049148023
0.19379763
0.9371849
0.94777983
0.9485088
0.96046245
0.9604864
0.94421405
0.94453096
0.06385582
0.036578868
0.032954637
0.03586918
0.045817513
0.101146206
0.87470305
0.84540534
0.07571663
0.04792168
0.04456157
0.047709595
0.05094475
0.051137313
0.05289877
0.059711665
0.073229454
0.13568944
0.14203687
0.22627191
0.13196765
0.1034472
0.0691855
0.055389516
0.06448621
0.06301401
0.05983349
0.09167958
0.16387767
0.77448106
0.8685203
0.78903884
0.8697136
0.75348234
0.74556625
0.11901413
0.0745502
0.13032599
0.07891642
0.061005782
0.04883897
0.04344865
0.04727331
0.063753925
0.85590345
0.9179069
0.1348779
0.16045551
0.1808662
0.2517414
0.8881221
0.15000466
0.13193308
0.8656053
0.9115507
0.136526
0.0512141
0.03674166
0.038236015
0.047550067
0.900827
0.93501866
0.9550226
0.95368963
0.9458632
0.05856599
0.038103357
0.03475723
0.040112667
0.059077077
0.871091
0.86853707
0.88703316
0.86685896
0.87982446
0.1564877
0.11881016
0.7942828
0.08639149
0.0594179
0.0614839
0.08467491
0.8297484
0.836881
0.09468443
0.08754255
0.055490915
0.07612711
0.06329493
0.08468239
0.078572854
0.08779624
0.19660081
0.9071743
0.90883094
0.79658544
0.76089436
0.8595575
0.74986255
0.7160911
0.109574944
0.0729854
0.087387845
0.07911699
0.16036177
0.19525191
0.15609853
0.19129777
0.13737707
0.86006016
0.7587546
0.738564
0.7124813
0.69677246
0.7064679
0.15730737
0.14385855
0.8690507
0.09699239
0.07488213
0.07221034
0.112933576
0.8557887
0.13923538
0.05267683
0.043346524
0.041527268
0.04352655
0.053664632
0.111877725
0.9148506
0.09858827
0.08263701
0.06539671
0.043955896
0.04518035
0.093470134
0.94262505
0.95230037
0.9488682
0.9330419
0.06185267
0.039048888
0.036418717
0.04034899
0.05069348
0.084231384
0.8388112
0.10064775
0.060509853
0.061656825
0.09426177
0.809041
0.09137058
0.053251144
0.044887606
0.041721094
0.040019833
0.040255733
0.047589693
0.070361234
0.9132424
0.88280654
0.90933114
0.06816962
0.041078463
0.034894466
0.032737944
0.034606945
0.03694356
0.049727775
0.08249196
0.90169615
0.94058675
0.95485455
0.95817506
0.9298176
0.9501565
0.87810075
0.05397553
0.040980753
0.03309809
0.0308439
0.03125303
0.037300907
0.05839265
0.9416152
0.9615524
0.9450134
0.06276602
0.040103883
0.04138595
0.04798879
0.045755524
0.04304942
0.04326352
0.045502514
0.053036015
0.086812496
0.8495684
0.14994408
0.07465155
0.05957994
0.04290838
0.045249313
0.069545574
0.86057234
0.8803137
0.9512702
0.9460892
0.8239192
0.8001304
0.10099134
0.099184036
0.14327571
0.10794547
0.10720341
0.10937487
0.68506175
0.24125546
0.15978758
0.214751
0.76327693
0.8690721
0.81154156
0.86115605
0.79112166
0.85670614
0.81676805
0.9041305
0.91554594
0.777881
0.0714968
0.0499171
0.04035737
0.03522164
0.042276673
0.05776193
0.9229338
0.9514328
0.9258068
0.077956654
0.058871657
0.044327013
0.058201592
0.0695961
0.06495719
0.858753
0.9346326
0.9383361
0.37662616
0.21028486
0.12763612
0.07308883
0.0674115
0.077576645
0.9027441
0.86829585
0.8535032
0.85126966
0.8514259
0.8989435
0.94549835
0.9405382
0.8323796
0.085537605
0.10969823
0.10285767
0.08757327
0.10308986
0.1732463
0.9195591
0.9301433
0.8415389
0.8814739
0.15318097
0.1302032
0.14042746
0.6580661
0.75153285
0.87429327
0.71198636
0.19575152
0.11571896
0.11008875
0.13129291
0.88091415
0.9255772
0.94478637
0.951552
0.94394743
0.934873

