0.87928
0.8397014
0.72510064
0.17575067
0.1652677
0.77173436
0.35927236
0.3025113
0.8657315
0.90163887
0.12141995
0.075962484
0.10536329
0.73425436
0.12545192
0.16745606
0.15261278
0.74696356
0.08191528
0.064006545
0.06722478
0.84937847
0.90663594
0.8795315
0.90984946
0.95159954
0.94964164
0.8747028
0.8472406
0.06972807
0.057552822
0.07906276
0.8054518
0.11409088
0.06038979
0.048625726
0.05672107
0.059773907
0.08638378
0.80306596
0.23531303
0.07212776
0.067561105
0.08962821
0.77469486
0.07995389
0.04774369
0.04079204
0.04050911
0.05061422
0.09177582
0.93829787
0.9438061
0.20583682
0.11659915
0.09957714
0.81548554
0.06871529
0.043169174
0.038755257
0.04428019
0.06587354
0.92891955
0.93260306
0.9163273
0.06538957
0.04207763
0.038267903
0.042967893
0.06193104
0.8116611
0.83548135
0.110726714
0.10517667
0.19414131
0.9087126
0.9423112
0.07438151
0.046108823
0.03823529
0.03870529
0.03988837
0.04008755
0.040147074
0.041618556
0.049756072
0.08343356
0.8234492
0.9193561
0.34423655
0.091757774
0.06893987
0.085236214
0.8700835
0.767745
0.29637128
0.52901536
0.93208855
0.9396039
0.077338554
0.0422832
0.03769905
0.04264495
0.06016575
0.80125993
0.7879128
0.8537905
0.08600475
0.054488853
0.040196113
0.043806072
0.06563427
0.91399235
0.9348633
0.3052208
0.1460635
0.7908301
0.07253878
0.049005155
0.05291423
0.12140234
0.9268919
0.9212257
0.1300351
0.10016756
0.86635137
0.8914572
0.91178185
0.9330902
0.14041457
0.1436091
0.8775032
0.07015783
0.0473549
0.047359414
0.06343982
0.73295134
0.124195844
0.15481542
0.887277
0.074474335
0.045317177
0.042679343
0.061869144
0.21710831
0.94908756
0.954282
0.94330746
0.068109676
0.04692613
0.041845746
0.048320808
0.07625547
0.8381591
0.87546164
0.2874306
0.24110761
0.70462847
0.6675369
0.09121949
0.07397691
0.0783039
0.1746889
0.90364844
0.89822716
0.7367646
0.6188126
0.5693755
0.6130975
0.7381476
0.8857658
0.85669243
0.4187966
0.50842077
0.7219457
0.30052665
0.27039793
0.725788
0.91748804
0.9424092
0.9213191

