0.8688199
0.9283766
0.93725884
0.9322022
0.89921176
0.9168573
0.849615
0.9104619
0.17364171
0.13796516
0.056048032
0.054209657
0.08164303
0.8266857
0.83158964
0.8360951
0.8823059
0.12263148
0.051090457
0.04256097
0.045947403
0.045740284
0.042929783
0.04121867
0.04133891
0.049006436
0.062443327
0.81752026
0.84957546
0.890599
0.909161
0.9408982
0.86131024
0.064265974
0.04082833
0.03817019
0.045851212
0.06858133
0.8580495
0.79281056
0.9149911
0.9167069
0.78129584
0.68583524
0.10751623
0.0918898
0.12195106
0.9016319
0.93041444
0.15208273
0.046998575
0.035625767
0.03448779
0.039809447
0.05710116
0.8761575
0.8790385
0.95626485
0.95680696
0.91618556
0.087206215
0.040506594
0.03592928
0.039713904
0.05704669
0.16869119
0.8883411
0.121621594
0.09997405
0.120946184
0.7339689
0.71175796
0.7625085
0.8269732
0.91339034
0.31411752
0.09348743
0.107250854
0.617927
0.1381113
0.12518902
0.19598694
0.91405785
0.28166798
0.06212687
0.04413082
0.04240809
0.050178885
0.08663793
0.88004893
0.14063664
0.1267622
0.7511375
0.20879601
0.7828765
0.072096586
0.041855298
0.035671365
0.038736276
0.04908454
0.86975044
0.88895935
0.9153276
0.94753295
0.9219052
0.9189261
0.9405785
0.8482703
0.073297344
0.05991728
0.07666046
0.8638489
0.06966657
0.043808144
0.04230244
0.051115748
0.89636743
0.91701484
0.9461971
0.9477938
0.9172082
0.8709745
0.057845555
0.041072387
0.04165153
0.054017097
0.89715624
0.9479811
0.9450232
0.07891189
0.057924952
0.072706416
0.7366229
0.06479541
0.04460789
0.041819014
0.048272256
0.0745412
0.86815244
0.29564497
0.8486626
0.1306927
0.119178765
0.7724946
0.8920628
0.117083326
0.07303673
0.08798759
0.07448236
0.8063622
0.7869179
0.84907794
0.93288726
0.9167686
0.13036169
0.096777365
0.079052925
0.1549362
0.82225525
0.9182466
0.9162289
0.80836624
0.8848892
0.7481784
0.07988021
0.065545864
0.058975622
0.053034984
0.06416526
0.124285504
0.70136225
0.18137303
0.15151212
0.35651788
0.8384989
0.7788967
0.8671913
0.8199358
0.8632341
0.76820624
0.78922313
0.19368973
0.14771962
0.21708547
0.8931553
0.93662405
0.92118263

