0.1471179
0.08309414
0.08332319
0.12004176
0.20305783
0.79027146
0.92515635
0.92618257
0.79637754
0.7966965
0.07988149
0.052870452
0.06399039
0.0543884
0.051951297
0.078188665
0.12395054
0.8361686
0.16451205
0.13276172
0.113726534
0.053472824
0.05163219
0.0715492
0.8071239
0.82264143
0.15137951
0.09049235
0.1710058
0.8638506
0.8511186
0.8329017
0.8760481
0.06367386
0.038507216
0.03389312
0.033146586
0.035917174
0.036878012
0.036809005
0.045442257
0.87862056
0.89436185
0.9252524
0.95738167
0.94390005
0.93896466
0.90652734
0.90278727
0.056087997
0.03706911
0.03386251
0.035757054
0.03665547
0.03858387
0.04481597
0.06829837
0.8421915
0.8070653
0.8439482
0.12321756
0.09233998
0.1576164
0.8359841
0.83291316
0.070579365
0.044988636
0.04227865
0.050410293
0.075585835
0.10005341
0.78446496
0.7919183
0.9240855
0.92943126
0.82232845
0.06848886
0.049399804
0.052181683
0.07971773
0.8652836
0.16206667
0.14547324
0.86301786
0.096061856
0.07544941
0.1371028
0.8729653
0.868231
0.8430307
0.87218714
0.06558025
0.041917454
0.038439043
0.0412812
0.04863273
0.07400647
0.8457679
0.1010068
0.06970047
0.08865071
0.8479031
0.07789551
0.050437894
0.05677363
0.14529791
0.94784474
0.9595885
0.95232856
0.06755004
0.04476363
0.04572276
0.06350326
0.7986405
0.08065515
0.062606856
0.09192085
0.9026762
0.90157646
0.94383484
0.06722379
0.04078275
0.03632663
0.037216656
0.040859595
0.057537235
0.83495015
0.8172097
0.8368939
0.8317471
0.10771776
0.07809342
0.10387051
0.9105049
0.8555039
0.91863054
0.14273633
0.108187154
0.70711994
0.069985144
0.04902732
0.051280618
0.07959524
0.8415806
0.9159923
0.5227631
0.30974692
0.09217786
0.065168895
0.11485846
0.07371492
0.0673495
0.0761773
0.12990525
0.06640897
0.06534326
0.085268244
0.7814452
0.9154465
0.9318947
0.92156297
0.8245758
0.8071226
0.8576067
0.74074805
0.6457471
0.6648876
0.7822908
0.7366416
0.82418436
0.24410257
0.471439
0.88531065
0.077530526
0.049737442
0.046423707
0.082083605
0.16178057
0.91932225
0.909348
0.90503836
0.89272594
0.074542455
0.04686787
0.041229375
0.047391687
0.07343281
0.7560749
0.16146144
0.20013376

