0.88359135
0.8765229
0.8741363
0.9090708
0.8795607
0.22897433
0.4999217
0.1377421
0.12017968
0.6512846
0.7957763
0.67972267
0.6662621
0.7334929
0.87617993
0.87795085
0.16244504
0.12530676
0.49378642
0.19680724
0.58225584
0.438094
0.3891132
0.14952059
0.20715003
0.101909876
0.079543844
0.117126755
0.1266758
0.8855956
0.91857815
0.9184801
0.8203218
0.7528121
0.71041954
0.74147063
0.8854239
0.918739
0.90683264
0.78346485
0.67273533
0.6487988
0.66734993
0.13034755
0.117597446
0.72118074
0.7926981
0.09227162
0.0700747
0.048296608
0.052378975
0.07433978
0.8262639
0.82805175
0.8366215
0.078950845
0.05072631
0.05433419
0.08667859
0.09584477
0.7145492
0.6788796
0.2194715
0.2852789
0.8588531
0.466045
0.21569072
0.14855827
0.11907508
0.105705544
0.16768001
0.8911693
0.14841673
0.12839375
0.07271923
0.07894038
0.15533024
0.806833
0.13202259
0.10709101
0.09862394
0.08409674
0.06506524
0.051529005
0.051340025
0.0632283
0.13347688
0.9250073
0.09707572
0.053043075
0.045284048
0.04239534
0.041133624
0.040214628
0.039091047
0.037849557
0.03662882
0.036545046
0.041098904
0.06610932
0.17748596
0.95059055
0.95599973
0.93527824
0.09876088
0.05095841
0.044609375
0.060427915
0.8847127
0.8930907
0.9306512
0.9562808
0.9523372
0.92643666
0.11402655
0.055400707
0.06984785
0.090249345
0.86196077
0.84614706
0.8153428
0.8644166
0.13711938
0.08239627
0.12455074
0.8929577
0.91940653
0.07066807
0.04499704
0.04519031
0.063901134
0.92723554
0.9554241
0.9523364
0.9537822
0.1365396
0.05138636
0.049961206
0.06827191
0.8204446
0.8759254
0.07374937
0.045595195
0.043140315
0.044446692
0.04593252
0.04689367
0.047636043
0.04736516
0.048998598
0.055088986
0.07812698
0.76493937
0.1004007
0.081852265
0.1403395
0.91390294
0.09248117
0.05091165
0.04401496
0.042711675
0.04787382
0.0733544
0.82904845
0.75206745
0.79552126
0.7626853
0.41669345
0.3702656
0.3192791
0.22403434
0.07371142
0.081246726
0.059508152
0.06451827
0.111727856
0.17187554
0.7220168
0.74401677
0.2870456
0.101083435
0.12045468
0.19047153
0.14828718
0.20209505
0.6337964
0.21044973
0.26412407
0.15748462
0.16023336
0.16269408
0.15287583
0.1724744
0.21300934
0.5093965
0.5673554
0.6513811
0.7642753

