0.8222735
0.88820976
0.7944561
0.22208759
0.27784732
0.24595639
0.0916658
0.09046446
0.093849055
0.7456521
0.86072326
0.7259219
0.6550616
0.6770709
0.105767764
0.07534394
0.12472702
0.108150385
0.72485805
0.71420294
0.7884236
0.84575665
0.9266221
0.93128157
0.87379193
0.87991667
0.31405088
0.8175854
0.12715739
0.08604329
0.10000247
0.88402176
0.9012771
0.8215328
0.08043887
0.052888125
0.05927375
0.106242426
0.8180524
0.07492265
0.043513946
0.036236104
0.035212155
0.040720727
0.08399257
0.92402565
0.9310466
0.9598134
0.952965
0.12447064
0.05598134
0.060739618
0.08673629
0.86734015
0.118864484
0.10918108
0.74020374
0.086687565
0.057913363
0.068427265
0.13308255
0.88404274
0.76740104
0.22648871
0.75256526
0.08030309
0.050524887
0.04071037
0.039124794
0.053216007
0.14975403
0.94819283
0.95156795
0.89934134
0.064198464
0.041298334
0.040038396
0.04974633
0.08228066
0.10098971
0.76511276
0.27158457
0.9013831
0.9209172
0.104543746
0.07360522
0.11337915
0.19984196
0.8331141
0.085527964
0.06387262
0.059035275
0.051537592
0.07324016
0.064179935
0.04861266
0.051981445
0.06953823
0.7812415
0.10985765
0.099853165
0.8510317
0.9259177
0.17561345
0.119692855
0.09702813
0.8104975
0.065633945
0.03972195
0.034764577
0.038795516
0.055507664
0.93551105
0.96104896
0.96419984
0.95068556
0.058926314
0.037747294
0.03464842
0.039688297
0.059937406
0.86853915
0.14983334
0.15559793
0.30516595
0.92052007
0.8814117
0.9122913
0.11239951
0.091337845
0.664728
0.19259088
0.8733736
0.8835588
0.9444949
0.9431221
0.8702527
0.157235
0.07644856
0.124636635
0.8672947
0.076995835
0.04934877
0.035383053
0.035091497
0.035086576
0.043172684
0.06467588
0.9469799
0.959493
0.96505195
0.92711514
0.054492995
0.035557803
0.033598136
0.03450299
0.038527906
0.05081298
0.08646201
0.8640024
0.83326584
0.10606465
0.07132532
0.10191653
0.87419677
0.92540425
0.93801594
0.93237776
0.8700862
0.9164148
0.8500824
0.85064995
0.8764666
0.92862475
0.83453107
0.7963367
0.07513293
0.05240904
0.057206523
0.07195895
0.08481619
0.16558428
0.23822515
0.1946457
0.84585285
0.16737936
0.092714645
0.08817122
0.11740169
0.72895646
0.8790835
0.76185143
0.13123892
0.07473039
0.08602022
0.10624006
0.12359346
0.13338864
0.85021687
0.9247168

