0.52659625
0.30027875
0.52652717
0.885199
0.8180981
0.11534533
0.06421577
0.08173133
0.067379355
0.053945895
0.06808678
0.06087233
0.058444593
0.06606275
0.07601762
0.12661666
0.9084865
0.14140418
0.09747687
0.059548073
0.08374253
0.05156015
0.042823423
0.047027558
0.04204311
0.04648682
0.09785719
0.24308576
0.9439546
0.94925004
0.89994115
0.8773146
0.8949318
0.08283263
0.054318983
0.044215724
0.03967949
0.045655884
0.050623395
0.06721864
0.72565895
0.6711419
0.67791265
0.68472314
0.71835274
0.8327636
0.77164596
0.7922661
0.8992396
0.9071881
0.0953485
0.062706254
0.085718155
0.083228104
0.8522161
0.91809195
0.8531709
0.82424384
0.8188296
0.08292215
0.06768705
0.060061034
0.08261677
0.84165794
0.72016704
0.7290135
0.77967346
0.88970846
0.28306586
0.10279223
0.10010021
0.80402184
0.93034995
0.94401735
0.10062989
0.04315323
0.035188407
0.036753416
0.042915
0.059707083
0.12847309
0.92051244
0.107288666
0.04721571
0.03747153
0.037006184
0.048150644
0.07476209
0.9329153
0.91380066
0.9026944
0.09387595
0.07657207
0.10788336
0.9033316
0.90700734
0.93152684
0.90196514
0.9010552
0.9200002
0.9464351
0.94191444
0.9203857
0.10487833
0.11827414
0.13391855
0.91894037
0.9310274
0.061232887
0.040189236
0.036380254
0.032274865
0.038587872
0.0503496
0.87412155
0.9322883
0.89555556
0.89485013
0.8797081
0.8886736
0.09797832
0.05174754
0.06076517
0.06072055
0.052453876
0.07807344
0.18895727
0.893304
0.09764426
0.07169657
0.10617096
0.8338848
0.9105103
0.81108105
0.76474524
0.7336983
0.77166647
0.88245434
0.7584365
0.11774724
0.07141487
0.056940183
0.051898845
0.063394494
0.12433624
0.27850837
0.18977802
0.19189265
0.2567815
0.18001863
0.25327125
0.7771617
0.908917
0.9035645
0.72105944
0.16052298
0.13176791
0.14136565
0.5988169
0.61092854
0.26097432
0.18705815
0.29458904
0.78682
0.6612186
0.63602996
0.67211425
0.74887973
0.81716526
0.8885676
0.839267
0.8259634
0.86628336
0.7846569
0.76807046
0.8047543
0.8945151
0.915592
0.92012906
0.9196224
0.9147884
0.87821394
0.91334075
0.9004954
0.80932575
0.85741335
0.1357467
0.200258
0.15063724
0.8492485
0.122042745
0.07102399
0.08505151
0.8658285
0.86646014
0.90202355
0.9344886
0.32491928
0.11852489
0.18154849
0.80938864
0.8490076
0.90226525
0.11117887
0.10804237
0.1634993

