0.7147132
0.6862865
0.6834348
0.7193173
0.78746
0.89590275
0.80705297
0.78880596
0.06810217
0.046792112
0.043023843
0.042559396
0.047774088
0.047733307
0.050056
0.072704636
0.06805363
0.19360122
0.9350585
0.8838105
0.09521427
0.048923895
0.054213434
0.041668758
0.04414786
0.038073692
0.035663616
0.04453853
0.07279711
0.93692136
0.952037
0.9580525
0.91614693
0.85898554
0.8559274
0.05526232
0.034748834
0.02924681
0.02872263
0.03347001
0.04494418
0.91353995
0.9419572
0.9609121
0.96624213
0.9613475
0.91030055
0.04881191
0.032547228
0.029192708
0.030319035
0.03732616
0.066951945
0.94325924
0.95243603
0.9133276
0.06176424
0.038565796
0.035895612
0.038255434
0.038777035
0.039657623
0.04220167
0.05496682
0.16623855
0.95076025
0.9517617
0.8993784
0.08253726
0.04697363
0.045387357
0.045555495
0.06148156
0.084694766
0.058679823
0.05494987
0.07090827
0.10209864
0.787011
0.23905933
0.12122378
0.13115871
0.20914803
0.16457441
0.07194418
0.06263407
0.08252329
0.86930615
0.81477314
0.17799741
0.07895396
0.08103171
0.19595104
0.9180796
0.9200771
0.115036845
0.073354416
0.07880239
0.8765292
0.9442085
0.9528558
0.10477762
0.041684344
0.03254875
0.032747805
0.032875706
0.033250153
0.033816352
0.035327375
0.042968165
0.0815114
0.92796254
0.8958925
0.33869502
0.78952146
0.23835765
0.8344163
0.90119785
0.9403316
0.9459501
0.9428911
0.9031647
0.82941717
0.21787725
0.78025603
0.37070507
0.9252061
0.92145354
0.07984111
0.045705043
0.040819373
0.036591418
0.035439584
0.03602839
0.03557804
0.03630053
0.04174008
0.05636775
0.88749707
0.94291985
0.93998104
0.11429842
0.104174845
0.088669285
0.7255901
0.079567224
0.061116308
0.073947296
0.7554011
0.10621968
0.08998889
0.87730896
0.9439215
0.94498956
0.851408
0.105425015
0.10836927
0.802101
0.14442231
0.060995586
0.073246524
0.085471734
0.0839103
0.06925565
0.11454381
0.80595356
0.77400637
0.08388674
0.0621957
0.07431613
0.19715099
0.87334156
0.36698326
0.35530293
0.14948359
0.20265582
0.7210548
0.85495716
0.73707217
0.08593979
0.055538572
0.06412578
0.08822845
0.8893082
0.8466258
0.13412723
0.050821893
0.047167514
0.055909596
0.91293675
0.95366436
0.9592923
0.94700617
0.07224621
0.044783637
0.046998333
0.0660322
0.7913575
0.7339033
0.73816335
0.15296002
0.15008691
0.101052605
0.10830105
0.9009092
0.93462646
0.950269
0.94893885
0.9553084

