0.9015244
0.12226983
0.064422905
0.04750987
0.057753973
0.05608086
0.09923102
0.90308434
0.822223
0.9255142
0.09631348
0.058700666
0.08014836
0.09701349
0.04782337
0.053037193
0.06481851
0.8461067
0.8895667
0.80507576
0.8159524
0.8582355
0.92969805
0.8840741
0.06461926
0.049524955
0.039153665
0.042540748
0.04686157
0.044502016
0.059311606
0.8055482
0.9015458
0.91741884
0.8292778
0.822981
0.15713839
0.081102125
0.045039617
0.045639906
0.05966469
0.8521905
0.936635
0.94416887
0.113382295
0.044202425
0.035783153
0.03802253
0.048920292
0.896422
0.9364347
0.96085936
0.9511353
0.064320214
0.04090415
0.03906529
0.0489532
0.088320486
0.88562965
0.079125
0.04772048
0.045465022
0.06488407
0.08138761
0.8307352
0.92986614
0.9398794
0.09612875
0.05447328
0.04195552
0.04536742
0.06479001
0.73120564
0.76767486
0.7433479
0.14477985
0.16164926
0.15496893
0.7692892
0.1170539
0.14371505
0.20585126
0.8779175
0.92132
0.92418027
0.8554958
0.8752198
0.93241525
0.9297741
0.13535993
0.07472853
0.07749957
0.7266421
0.08817208
0.06947372
0.06866598
0.7499493
0.7970501
0.8585648
0.9457668
0.9478863
0.9332955
0.06823111
0.04579778
0.038340095
0.03852828
0.05370658
0.88081944
0.8678835
0.90843785
0.947019
0.94149315
0.9561905
0.95146865
0.93322444
0.069576636
0.048062854
0.06427042
0.09626108
0.1318267
0.9286883
0.93134326
0.06736121
0.041703112
0.037863027
0.038600575
0.04380527
0.05444464
0.10010887
0.101672314
0.17160924
0.16848779
0.8820335
0.72339517
0.6550335
0.73794216
0.90488356
0.92031896
0.8013902
0.764126
0.31046513
0.20795153
0.2754406
0.13158087
0.0654353
0.06148273
0.08442996
0.13934883
0.10668346
0.12953219
0.1775068
0.85459405
0.718028
0.100184225
0.07574128
0.08382638
0.12953874
0.09849731
0.7819293
0.823008
0.86402714
0.90971744
0.8139354
0.77051675
0.34275198
0.23990618
0.88169146
0.9159819
0.26735774
0.08590413
0.08266286
0.8522865
0.9236597
0.84163725
0.82327443
0.088081114
0.074203014
0.15641639
0.91064453
0.9067238
0.24350047
0.39371914
0.9012329
0.81192905
0.07725831
0.05478565
0.048693962
0.053375665
0.08807856
0.89426345
0.8383921
0.08744857
0.08323935
0.043802496
0.039666895
0.04216664
0.056725692
0.8089128
0.81565565
0.91126716
0.08310976
0.051749647
0.0552875
0.12224045
0.92519253
0.9386836
0.9145443
0.90235275
0.9026128
0.919998
0.9479559
0.8707514
0.051315613
0.03392253
0.031248499
0.033441357
0.03450447
0.035375193
0.03577445
0.03799145
0.045981802
0.061541114
0.82016337
0.90163165
0.8161671
0.86505866
0.9372692
0.93908584
0.8668454
0.8412711
0.84288234

