0.16641328
0.1130461
0.12892185
0.23219079
0.13455594
0.6100067
0.14364675
0.12390993
0.16292173
0.6187103
0.7988867
0.6946707
0.74541885
0.893158
0.9012936
0.7808727
0.09027208
0.052916534
0.056780238
0.076928526
0.10493975
0.08366329
0.11652056
0.9023488
0.91382796
0.116252795
0.08289047
0.13340029
0.8001959
0.14270437
0.08513742
0.17557053
0.16483305
0.8150581
0.07759508
0.05019023
0.045805298
0.050167546
0.06815838
0.77121866
0.10720087
0.0978594
0.8450944
0.9157565
0.4263677
0.5636202
0.9155901
0.06666254
0.0388457
0.031519733
0.031151276
0.036715202
0.054935705
0.9395612
0.96345156
0.9668805
0.954351
0.05554046
0.03506897
0.03155334
0.03229356
0.037159313
0.052472375
0.77226037
0.18951637
0.38415053
0.92277926
0.88086206
0.9164893
0.11265378
0.09976721
0.65302414
0.19640441
0.8494631
0.796429
0.8291292
0.90672666
0.79943573
0.8351612
0.06204171
0.038829796
0.034071095
0.033846468
0.03421219
0.033865456
0.03350825
0.03749468
0.05244315
0.93648535
0.9637082
0.9599003
0.95561963
0.056821503
0.034623887
0.03109706
0.030959051
0.03290476
0.035014044
0.035822935
0.05932722
0.10220239
0.923814
0.8849565
0.9495591
0.9461202
0.92762905
0.098951265
0.06812563
0.13453309
0.92033494
0.95143896
0.932587
0.9468779
0.06421759
0.037286505
0.03269274
0.0356763
0.039967027
0.050505117
0.08170729
0.7867141
0.10060251
0.073781796
0.08109369
0.15817408
0.8363022
0.09877227
0.058978844
0.052238163
0.050373655
0.052404918
0.060642418
0.060822424
0.05513922
0.061250817
0.06571138
0.050825056
0.04870711
0.055366583
0.094809815
0.10115926
0.15127192
0.9023008
0.118092954
0.07667823
0.1268483
0.9218084
0.8831236
0.06934894
0.04081912
0.034517687
0.03193491
0.031004483
0.030827418
0.034521338
0.045776594
0.91349864
0.93653107
0.9644172
0.9672166
0.9641644
0.9023158
0.8709347
0.05062697
0.034543842
0.03351045
0.037798215
0.037942167
0.03955898
0.044159584
0.043793384
0.041106794
0.04498242
0.06226928
0.8658438
0.92821157
0.8509423
0.11137148
0.110425726
0.06260481
0.04813862
0.05618283
0.09002354
0.8201687
0.9028433
0.15087716
0.090792574
0.15070333
0.7569872
0.12102903
0.096437186
0.07582325
0.10617058
0.14433077
0.82393765
0.7305156
0.810653
0.6860709
0.6735648
0.8142579
0.14493318
0.1039853
0.11291058
0.7075507
0.77896523
0.8839423
0.77477574
0.11652033
0.11283057
0.33703277
0.76937205
0.90814227
0.082273744
0.05086031
0.041288793
0.045282263
0.06898299
0.8722851
0.091125116
0.07053424
0.1009787
0.93083245
0.94073087
0.96275306
0.9456782
0.94749165
0.055615574
0.035280693
0.03153562
0.03442383
0.037615888
0.043834433
0.063881874
0.12191607

