0.8815276
0.9192466
0.110603936
0.08113544
0.124034636
0.14618047
0.7511016
0.104899645
0.097087406
0.6618283
0.19062844
0.7929539
0.8511627
0.913755
0.8191089
0.19849606
0.7288882
0.14025863
0.13966453
0.793442
0.086143576
0.05306142
0.04802955
0.062316917
0.847308
0.94313884
0.95240957
0.89172
0.07028121
0.05654368
0.038117222
0.03981137
0.041791998
0.04326169
0.044231042
0.045584917
0.048474744
0.05993743
0.06333918
0.050569773
0.050030027
0.0670196
0.83763903
0.079924166
0.056095473
0.067827776
0.93309146
0.9575353
0.96617526
0.93126297
0.05406857
0.03530031
0.03313334
0.035144564
0.036339458
0.038466245
0.040250555
0.04213364
0.049668975
0.07891003
0.9110929
0.91643864
0.12074469
0.09252679
0.09233864
0.7524195
0.14773308
0.078119785
0.08349131
0.09031803
0.61488724
0.71715146
0.9053572
0.93287337
0.9231404
0.8035103
0.73152333
0.10061321
0.07693203
0.08008659
0.15753841
0.6834038
0.11294296
0.08287859
0.13579139
0.25558725
0.91727084
0.92311865
0.8262648
0.08203577
0.067925185
0.056921992
0.06772669
0.8408768
0.9284541
0.93915933
0.87437475
0.08712839
0.04419018
0.035623778
0.039816137
0.03812594
0.048255682
0.07942695
0.9201258
0.9225083
0.95170105
0.082295924
0.04740108
0.036809176
0.03703596
0.038775425
0.046443388
0.10569888
0.8614173
0.9202501
0.85398453
0.088475324
0.08252965
0.095869005
0.074704416
0.1375148
0.089680865
0.10661117
0.1320511
0.081214264
0.061361972
0.07148978
0.7845061
0.877799
0.8222168
0.19649805
0.08775044
0.08780801
0.80849737
0.9002449
0.91714156
0.11467722
0.07943631
0.0835155
0.8723366
0.94212973
0.9517456
0.11195438
0.04822272
0.0354294
0.03419359
0.03462649
0.03503584
0.03600523
0.03823785
0.046286292
0.08334886
0.89660525
0.084264055
0.053343594
0.05749798
0.88233846
0.88995916
0.9343502
0.9552775
0.95763457
0.9533875
0.90489274
0.85685414
0.069852844
0.06414659
0.11157686
0.9272381
0.9249468
0.077503026
0.045106318
0.04047773
0.036505748
0.035283558
0.035703257
0.036064483
0.03884594
0.043776434
0.056221418
0.8894772
0.93928313
0.9357807
0.1294729
0.14683391
0.13163157
0.813448
0.12772533
0.06974241
0.07711929
0.75587195
0.10343513
0.086165994
0.88790935
0.9483486
0.9554586
0.9410203
0.13445243
0.118431434
0.8136293
0.101779364
0.047448095
0.043436192
0.040921107
0.04683378
0.077064246
0.8157864
0.7778174
0.8582238
0.13961698
0.12768814
0.34380484
0.8546219
0.33029538
0.32269534
0.14524522
0.19886063
0.6857882
0.83103085
0.10669673
0.09174444
0.09326369
0.7422277
0.7994696
0.89893174
0.7756646
0.76490504
0.7134189
0.11233258
0.07275411
0.10241786
0.22962473
0.27565563
0.14322473
0.121637695
0.6748411
0.15842068
0.11188579
0.10826813
0.15922484
0.8850896
0.8762819

