0.1927863
0.1064452
0.11602012
0.29555798
0.7380852
0.84009576
0.6711015
0.526672
0.22866128
0.3164739
0.26509225
0.8445456
0.90593195
0.8940656
0.76299876
0.6879778
0.676435
0.7376541
0.8470133
0.7487262
0.77124614
0.8992803
0.19948585
0.1263087
0.11514574
0.05598083
0.054081623
0.05202318
0.05889465
0.068569876
0.07401978
0.046502274
0.042040426
0.044214655
0.039272264
0.045056067
0.054435387
0.14155634
0.9497044
0.95191085
0.9119707
0.08570491
0.044426024
0.042549726
0.05010631
0.063593924
0.88410264
0.93023634
0.0777827
0.040396094
0.032743793
0.032603193
0.03931209
0.092033066
0.9303786
0.92409986
0.9409528
0.957576
0.9503687
0.94727
0.95024735
0.12189873
0.04010009
0.035196245
0.03426238
0.043846577
0.07415689
0.9003306
0.9359196
0.081089325
0.050041817
0.04877953
0.052805543
0.088957556
0.82918954
0.085744984
0.051581554
0.05377984
0.09389941
0.11189279
0.95178074
0.96123195
0.93392754
0.061254192
0.040667124
0.039661728
0.04039112
0.04591989
0.047691565
0.048666228
0.04838513
0.047301665
0.04661991
0.04513029
0.04424794
0.04533381
0.048861388
0.07792808
0.1018583
0.8618473
0.87000525
0.93407476
0.33100727
0.07959029
0.08705633
0.10450558
0.25623816
0.91445714
0.16520396
0.070330314
0.052228563
0.07536415
0.052116398
0.04891926
0.09218565
0.15316851
0.89089125
0.8950074
0.89863676
0.8986162
0.110918134
0.060146138
0.044413295
0.04737615
0.050624073
0.05265913
0.064274155
0.18449461
0.9041546
0.344133
0.3582485
0.21256839
0.73584485
0.753822
0.08397242
0.07937917
0.05651421
0.06404969
0.08845707
0.8339851
0.8175584
0.82865626
0.09978459
0.07811059
0.101084955
0.086395845
0.89958453
0.8954751
0.93482614
0.9339717
0.90604013
0.9140943
0.94360965
0.9470469
0.94305766
0.86779124
0.8405845
0.057956558
0.043042008
0.044831395
0.059063215
0.83258015
0.8730675
0.8881424
0.32257378
0.12746567
0.05827217
0.06322989
0.07826063
0.8117043
0.88601947
0.43824583
0.2513894
0.2955492
0.7124737
0.68262506
0.088849045
0.057681788
0.05187732
0.053526286
0.061780553
0.13947138
0.91856205
0.88407904
0.9441846
0.9404175
0.863107
0.9119278
0.09453115
0.10880446
0.10362419
0.09912633
0.09663378
0.09518714
0.07498808
0.8977375
0.8783678
0.88000435
0.8996088
0.9418351
0.94603986
0.93352944
0.94791573
0.9357044
0.06195285
0.03890254
0.035469256
0.0355132
0.036804195
0.043216083
0.054907016
0.844201
0.9189003
0.89514434
0.94506633
0.9333097
0.8206027
0.17272231
0.116119556
0.218309
0.388866
0.8085251
0.35484052
0.530519
0.86852896
0.8940509
0.8244011
0.80164164
0.8194879
0.8806749
0.8413865
0.91337764
0.9314154
0.9368775
0.9293217
0.81197196
0.15709998
0.05541793
0.046043422
0.06841405
0.041106325
0.04313018
0.088902056
0.16119899
0.8752618
0.88620967
0.94013315
0.9442013
0.93870914
0.88911754
0.9375297
0.88194966
0.8790759
0.08308167
0.047420193
0.03671146
0.036720503
0.041442305
0.04435575
0.05568294
0.09490321
0.7671433
0.80121833
0.8609428
0.9265437
0.9232202
0.8308384
0.7449286
0.65253156
0.30574352
0.2328111
0.19304457
0.7964855
0.7878926
0.90314144
0.92376834
0.91039866
0.79615164
0.47750998
0.3385897
0.36068198
0.82927406
0.14063357
0.1102487
0.1978221
0.18510008
0.8537203
0.7546473
0.109674454
0.08912858
0.15814853
0.18218094
0.7945121
0.90246654
0.44686055
0.2874389
0.1787773
0.08733619
0.10170346
0.89556414
0.9131515
0.10524383
0.0669795
0.1165594
0.14424033
0.13402173
0.8956423
0.8281296
0.071729
0.04743284
0.04242736
0.05244552
0.055385392
0.07323566
0.14956906
0.9260333
0.10873997
0.04852246
0.037577797
0.037624374
0.038455635
0.041998208
0.08033391
0.9351435
0.95050716
0.96256936
0.96502274
0.94326186
0.06411348
0.038377948
0.03315415
0.032692693
0.03469729
0.054996412
0.1145889
0.91816723
0.94815725
0.22189023
0.07328021
0.04459403
0.045145076
0.049605485
0.07953903
0.10761973
0.87759066
0.10997138
0.09046431
0.08418827
0.07940726
0.10554343
0.8321784
0.29466203
0.4334022
0.20788112
0.12726589
0.10814351
0.6821199
0.11824327
0.08362111
0.085708834
0.74485695
0.15613645
0.069740064
0.09811496
0.08290706
0.0710226
0.22505833
0.9215252
0.93575054
0.90913117
0.95240945
0.9525974
0.9036729
0.93700063
0.0765978
0.03969412
0.035532556
0.03923669
0.05158604
0.12174801
0.8212787
0.82269144
0.084861785
0.05073071
0.048324272
0.0706324
0.06798384
0.04902157
0.04314741
0.045325268
0.07791164
0.9086943
0.8847267
0.94199324
0.90127444
0.87218255
0.8553836
0.8425549
0.070847444
0.04307752
0.038525008
0.04799394
0.078915276
0.09036288
0.88459814
0.80880916
0.90358084
0.8034631
0.8058944
0.10999653
0.06115738
0.09249251
0.063310504
0.052446097
0.04484966
0.041834597
0.046428844
0.063257
0.85898
0.9195572
0.13232377
0.15470196
0.17547508
0.24461344
0.88789856
0.14931205
0.13322045
0.8725386
0.91383415
0.1384916
0.05174681
0.0368098
0.03827592
0.047577552
0.90128815
0.93523955
0.9551108
0.9537741
0.9457641
0.05845388
0.03804379
0.03468462
0.039945167
0.058686215
0.873257
0.8699236
0.88741904
0.8652588
0.8800866
0.15208843
0.11842463
0.79874194
0.08422555
0.057423774
0.059427995
0.08343067
0.83892727
0.84757555
0.08668766
0.06948314
0.048823297
0.058978252
0.05209051
0.06665321
0.06350869
0.07509089
0.18745546
0.92523307
0.91941345
0.24306229
0.15128817
0.23620878
0.7588432
0.74694586
0.7241344
0.6455565
0.18935525
0.13711649
0.36856037
0.89600086
0.85177714
0.9079045
0.16143751
0.22834396
0.13445301
0.7729282
0.8332475
0.06926497
0.04352296
0.036454853
0.034013547
0.035667688
0.038442723
0.053567164
0.8963566
0.88813835
0.925983
0.95315886
0.8683804
0.8304012
0.06312267
0.046721656
0.051008347
0.0999885
0.9035216
0.08935566
0.08046841
0.065454446
0.043396212
0.044957574
0.09292407
0.94554394
0.95660424
0.9531544
0.9325894
0.058714382
0.037838466
0.03537255
0.039057642
0.04883706
0.08067255
0.8442787
0.09429076
0.057391956
0.05821391
0.09223567
0.8595609
0.8545249
0.08139089
0.050195657
0.045519374
0.045304287
0.045606516
0.047577195
0.046509683
0.047857314
0.05536805
0.08048253
0.8171349
0.77321523
0.104388304
0.06701169
0.113971606
0.1197112
0.18078882
0.8936725
0.81284744
0.93076885
0.94459796
0.9374259
0.80640197
0.9110899
0.07168975
0.047351997
0.07458957
0.04632553
0.038951617
0.03643959
0.040359214
0.058134127
0.93193597
0.9576581
0.93652564
0.06847513
0.04476261
0.055225343
0.07709345
0.06440277
0.0451385
0.043259636
0.056969114
0.80868286
0.8163065
0.8715462
0.93818873
0.85294473
0.89653635
0.0999126
0.07050111
0.08655545
0.12633382
0.22067358
0.8667882
0.37316927
0.15478669
0.12623262
0.15126891
0.6749103
0.84046304
0.27895212
0.16412999
0.117073074
0.11821872
0.19077823
0.16627455
0.24148846
0.71292865
0.85214686
0.79050887
0.8528213
0.75586134
0.80813426
0.33383423
0.40630582
0.46060035
0.69754493
0.104254246
0.07247877
0.05696322
0.042664852
0.050912388
0.0641256
0.90530133
0.9466385
0.9033747
0.09784262
0.083710805
0.057112634
0.078225836
0.09433848
0.07696302
0.8414821
0.93032825
0.93291545
0.39413118
0.23282018
0.14755017
0.084046505
0.07647824
0.084504426
0.9006827
0.86382
0.84473085
0.8359299
0.8255088
0.8748564
0.93971497
0.93665177
0.81412715
0.096281014
0.13290839
0.124811515
0.10538351
0.12142762
0.2028352
0.91510874
0.9265706
0.8330039
0.87065303
0.16577676
0.14151034
0.15258884
0.6231995
0.7352967
0.8654669
0.69796306
0.20265187
0.12195342
0.115523644
0.13913034
0.8780031
0.9249313
0.9443967
0.9512564
0.943497
0.9343191

