0.8322134
0.851299
0.3177933
0.4422455
0.26832137
0.2977513
0.18214121
0.45319232
0.12900083
0.11457681
0.12687421
0.15774396
0.8300133
0.8391158
0.268055
0.1909172
0.5437821
0.27250606
0.28176105
0.6617162
0.18992029
0.081690125
0.06506662
0.07797787
0.10047575
0.23065783
0.8580521
0.39056975
0.26574045
0.8269434
0.70597327
0.664963
0.6508194
0.6736572
0.078268886
0.05451035
0.07169007
0.22236703
0.94516355
0.9538683
0.94587904
0.065840095
0.038303487
0.034352392
0.03527674
0.045863442
0.090733066
0.8449277
0.8179355
0.92292243
0.85714
0.06981345
0.043158602
0.042471297
0.04589212
0.050386705
0.049359467
0.044328902
0.044739094
0.048786692
0.071787275
0.20491208
0.9339904
0.10044149
0.04996344
0.039754454
0.03654258
0.03521218
0.035165023
0.03926624
0.05482846
0.85326356
0.29616827
0.9446573
0.96192783
0.9614152
0.92967117
0.05428991
0.03285018
0.027798848
0.026792197
0.027256692
0.03246787
0.045271385
0.92514676
0.9533211
0.96617615
0.9671428
0.95169
0.05368825
0.03397731
0.030165752
0.03100818
0.033153303
0.04146251
0.07256529
0.92930996
0.8577299
0.8659187
0.067415014
0.04226028
0.039266683
0.03924726
0.039743777
0.040388644
0.044013113
0.06284995
0.13461272
0.94308394
0.8837373
0.076949604
0.046376012
0.041321166
0.040977255
0.041482963
0.04298906
0.0488001
0.057565257
0.13099834
0.9049433
0.20506603
0.26857862
0.83783704
0.11833429
0.0685694
0.049759895
0.05467782
0.078320935
0.21849719
0.88382494
0.23899773
0.2880641
0.66671264
0.13783509
0.12018075
0.692106
0.8329566
0.12271902
0.09752202
0.10320484
0.81971943
0.9263554
0.94406974
0.11322821
0.049114365
0.03511974
0.034985285
0.035112288
0.035958055
0.036973607
0.039190248
0.047618482
0.088482715
0.89801365
0.08667917
0.053870115
0.05791762
0.8786506
0.8838246
0.93114895
0.95556813
0.95811576
0.9537435
0.8968475
0.8516793
0.06748227
0.060143556
0.08265138
0.9166467
0.9183017
0.08400366
0.048724473
0.04411647
0.037906926
0.03614718
0.035980944
0.036056507
0.037351303
0.04555425
0.059668478
0.86923796
0.9272028
0.9208424
0.19673587
0.27196786
0.1419001
0.78656465
0.90928715
0.90042156
0.7241422
0.68099964
0.11770272
0.09872912
0.7880043
0.9127357
0.9131744
0.7745447
0.16635881
0.15995513
0.8260203
0.1392118
0.08175911
0.11314359
0.11386544
0.6969644
0.12090469
0.1295542
0.14019212
0.5658449
0.25768155
0.75771856
0.6010933
0.5901268
0.6029109
0.6518071
0.8351639
0.16396226
0.1824514
0.79662675
0.150739
0.05132485
0.042060733
0.045273867
0.065636486
0.88520044
0.89477235
0.2652987
0.76779467
0.72668636
0.7591346
0.7420408
0.2197686
0.8612435
0.944757
0.94920343
0.18488374
0.04996238
0.041526582
0.047055062
0.073021956
0.7486866
0.119403265
0.12847124
0.8202249

