0.829059
0.8915223
0.14194901
0.06785565
0.058852088
0.08361718
0.17573318
0.9041541
0.93065923
0.9246853
0.7909306
0.79262894
0.9063629
0.14410156
0.056755777
0.04157303
0.044771723
0.058966868
0.8299061
0.8232625
0.8827277
0.9342866
0.87003124
0.0683953
0.04665925
0.04515411
0.060906474
0.08856604
0.05660298
0.0638986
0.052124936
0.046821296
0.047910087
0.048485495
0.07558531
0.069595754
0.8880922
0.94041646
0.90438974
0.9027344
0.94114995
0.07505453
0.04500019
0.037559323
0.043441962
0.041563533
0.042793177
0.045078017
0.048139513
0.05603054
0.06750489
0.10430634
0.7397202
0.11772431
0.106918424
0.8094516
0.9015677
0.9054394
0.7609303
0.18685088
0.21485378
0.8770702
0.8985506
0.33365646
0.11016466
0.10692332
0.51039404
0.528664
0.6845866
0.8880922
0.9176356
0.90808594
0.7009759
0.12810065
0.11300906
0.08482114
0.06514923
0.06579168
0.0832544
0.06794419
0.073548816
0.122734234
0.56093943
0.5164475
0.5958267
0.8182708
0.4660042
0.2598604
0.35256872
0.8425463
0.723881
0.7518573
0.10667034
0.08617894
0.05446823
0.06173479
0.062111948
0.15064818
0.15406947
0.06767595
0.057453964
0.0666279
0.7760472
0.8042471
0.9021389
0.4072317
0.22590828
0.08642984
0.119247966
0.2035018
0.9276507
0.9432828
0.9368393
0.86046803
0.07674304
0.07961039
0.08078464
0.04912407
0.04181105
0.03926807
0.04022349
0.045609612
0.063734174
0.8081534
0.7855536
0.23881538
0.8402029
0.11316001
0.07329217
0.09112585
0.8730576
0.080163516
0.052480225
0.07888447
0.08680584
0.9326548
0.9532261
0.9528506
0.9547238
0.88295335
0.057779577
0.043811604
0.047592867
0.07180671
0.90692675
0.84047323
0.07951853
0.060559493
0.076492004
0.7963418
0.068566054
0.042156216
0.036443416
0.03839892
0.054211024
0.08177482
0.943565
0.9575791
0.9352233
0.8938161
0.060153678
0.038926225
0.03565442
0.03962975
0.06436499
0.924639
0.9511098
0.94452745
0.061239246
0.03837744
0.033507735
0.03670957
0.048821684
0.87056494
0.93734646
0.9416349
0.25578564
0.11330518
0.11060565
0.11200035
0.8732751
0.10837194
0.06669951
0.07863467
0.7819663
0.7825415
0.8792278
0.78721184
0.10114537
0.10438065
0.21637958
0.7856803
0.9024051
0.09293278
0.05550197
0.07501562
0.06828931
0.122627094
0.930463
0.87186265
0.8841334
0.17379013
0.08632924
0.07047559
0.0651383
0.08168391
0.78029484
0.21069431
0.07965298
0.06964938
0.08739483
0.124669254
0.8055112
0.86953646
0.7398967
0.3895172
0.8110532
0.12198501
0.09070646
0.12425048
0.13489237
0.13334619
0.13909377
0.57811624
0.56925666
0.29407918
0.3734558
0.32338184
0.8056944
0.7949537
0.23969138
0.17575434
0.24607933
0.6090921
0.771844
0.6700024
0.30261368
0.1425767
0.11969295
0.123912804
0.12227029
0.12474617
0.1405214
0.14531675
0.13410354
0.3150002
0.18305069
0.13293931
0.114846386
0.121862076
0.6278065
0.76760095
0.90534145
0.8921093
0.89127594

