0.8775168
0.8516981
0.82756513
0.8847648
0.82949114
0.8503642
0.9274863
0.9310994
0.0717959
0.04222994
0.035268895
0.03658242
0.03884731
0.045694347
0.06470734
0.80250597
0.07342919
0.042448103
0.036090743
0.04025234
0.05513162
0.8988167
0.9108936
0.9407298
0.96044177
0.96020675
0.9406973
0.93783396
0.063775115
0.04827628
0.040788103
0.044938486
0.06868389
0.91109633
0.9177998
0.10296779
0.07601053
0.081919044
0.7653251
0.11021648
0.055214286
0.049797
0.06484013
0.78786767
0.9263983
0.9453556
0.93753004
0.8229717
0.07903929
0.051987216
0.05439237
0.08302044
0.7890147
0.14826776
0.057136033
0.048460618
0.044970907
0.044370472
0.048399236
0.06977791
0.13501908
0.8471827
0.81210124
0.78721344
0.3300641
0.8314556
0.24332432
0.68244004
0.73469937
0.11186921
0.09981308
0.8267874
0.9192843
0.19095598
0.07182987
0.075654656
0.7504257
0.108949706
0.110674225
0.8864476
0.93122303
0.92787623
0.92840713
0.9370625
0.36759835
0.17944492
0.8533488
0.07841963
0.062380962
0.07714689
0.8246634
0.8945553
0.17899789
0.18259665
0.91660315
0.9321316
0.06773098
0.040878545
0.0368265
0.036287814
0.03702767
0.042106215
0.059768546
0.7918519
0.8404555
0.916439
0.8306088
0.79902804
0.0980721
0.05046714
0.04611139
0.048026133
0.06392492
0.82480544
0.914794
0.20609908
0.17029989
0.110960945
0.7951788
0.06910211
0.040429533
0.034928855
0.038694892
0.053479888
0.9290532
0.9594113
0.9633678
0.9503434
0.059722554
0.038648803
0.036652043
0.044549983
0.10254208
0.88551354
0.22581713
0.22350068
0.39854008
0.9271681
0.89892083
0.929483
0.06908494
0.04378598
0.04297731
0.055991806
0.1269454
0.83119035
0.9149952
0.23196132
0.14676245
0.22617239
0.8021854
0.08079385
0.0633415
0.066496424
0.042484023
0.0377359
0.037266716
0.042690355
0.06708968
0.9257706
0.8830373
0.9401318
0.21509114
0.13507926
0.7847644
0.08293247
0.06331668
0.08134824
0.8173192
0.0787934
0.05165006
0.052003764
0.07519519
0.8617113
0.09253873
0.08239875
0.1189859
0.14266343
0.92880416
0.9330347
0.93051124
0.9328857
0.07627364
0.0488486
0.049785946
0.0700522
0.80636626
0.076391414
0.051999707
0.054541443
0.08117578
0.7876767
0.12828997
0.13442077
0.8630591
0.26386794
0.76014477
0.13826403
0.18238758
0.85362726
0.85953355
0.8568863
0.854377
0.064788006
0.041884504
0.039530415
0.04193389
0.045996748
0.055680837
0.0790892
0.059284706
0.05790526
0.052488796
0.076030575
0.05643364
0.059964586
0.12123811
0.92452925
0.8662073
0.08351559
0.04742373
0.038438696
0.03494438
0.033352956
0.03271518
0.035686377
0.046409387
0.89385146
0.91118383
0.95920014
0.9609031
0.9167118
0.8735209
0.8355352
0.84063864
0.058469698
0.039769847
0.041331045
0.05366357
0.044883918
0.047462564
0.07009604
0.07035961
0.051886432
0.053975277
0.07381935
0.8372154
0.89072186
0.12943503
0.12236089
0.22714199
0.7405411
0.096730016
0.07318271
0.08866453
0.2210204
0.9177929

