0.2359602
0.06864356
0.052403107
0.06787791
0.07085736
0.87166846
0.93463916
0.94399804
0.075427465
0.0431357
0.03706472
0.037659064
0.039598107
0.046513997
0.06609721
0.81740355
0.0738783
0.042143416
0.035660934
0.039968964
0.057027042
0.9069342
0.9186914
0.9451422
0.96085334
0.9607488
0.9456184
0.93889195
0.06196851
0.045875322
0.039215934
0.043666672
0.0672125
0.9134275
0.91992134
0.09860507
0.07147856
0.079314314
0.76761115
0.09532163
0.05068806
0.046963803
0.061464917
0.8029927
0.9230512
0.94489515
0.9365222
0.8347954
0.07478242
0.048747778
0.05076898
0.072331846
0.8124155
0.82769513
0.8473204
0.08392482
0.052846268
0.055207394
0.08787417
0.19658211
0.07141405
0.07795684
0.06392978
0.09528129
0.86737186
0.75900894
0.11324018
0.107342616
0.72801816
0.7383511
0.8414648
0.92292386
0.9170727
0.12061504
0.11461655
0.70144564
0.7383511
0.09129397
0.065536276
0.07943507
0.07911378
0.1473534
0.9201429
0.9281663
0.8371014
0.91309613
0.08506567
0.05854954
0.053794328
0.05286377
0.07906667
0.08734071
0.8501489
0.9403056
0.94378763
0.091924265
0.055541415
0.06245613
0.089778684
0.7990901
0.08003901
0.051779035
0.047837242
0.05170523
0.055940952
0.04719921
0.043654017
0.041947003
0.040224966
0.03824179
0.037862875
0.04157875
0.05559002
0.8978251
0.94433635
0.9195781
0.13059431
0.100940876
0.09746743
0.85816777
0.06960024
0.039778564
0.034484595
0.038477156
0.054668844
0.9352799
0.9611672
0.9642254
0.9504196
0.058084007
0.03748444
0.034458846
0.039396923
0.059473243
0.8720847
0.14208221
0.14782178
0.3246512
0.9408572
0.9291355
0.94402874
0.06061558
0.038134962
0.035420366
0.036686607
0.051720567
0.093660876
0.91969925
0.8075486
0.87445503
0.08306819
0.043055445
0.03675848
0.044262495
0.05341221
0.89277077
0.9110544
0.9183522
0.93399155
0.1445716
0.14525318
0.12179722
0.9303748
0.94445324
0.92633754
0.891938
0.053923972
0.035654318
0.03266215
0.03526853
0.03692855
0.03798314
0.038210064
0.037908137
0.03836317
0.04304892
0.084670834
0.17152426
0.93955445
0.88955116
0.8812357
0.9394106
0.106048144
0.059216082
0.053116836
0.0771566
0.78213537
0.08525814
0.0568548
0.06776209
0.10498289
0.068600595
0.07777423
0.13868357
0.90123004
0.16154733
0.07648384
0.060179763
0.057065148
0.054962408
0.06796526
0.05775286
0.06075787
0.053166766
0.05940771
0.064892545
0.07301383
0.062155705
0.07737717
0.17362142
0.9075694
0.9103202
0.8103184
0.77816796
0.86740714
0.76111394
0.09211109
0.071404785
0.10103215
0.76622015
0.8575998
0.07955601
0.04435601
0.0366029
0.033420704
0.03221783
0.031956386
0.035374656
0.04606966
0.9090094
0.93051255
0.9633248
0.9643802
0.93640363
0.8872878
0.8754878
0.053661644
0.03612033
0.03523151
0.03996662
0.038687773
0.040526308
0.048785392
0.048245233
0.041797232
0.043899555
0.05578367
0.81099313
0.9053515
0.829082
0.8551734
0.9012046
0.7493363
0.62707084
0.58819354
0.72319806
0.87213296
0.92450356

