0.099937804
0.052335422
0.041434158
0.03833736
0.041298296
0.03532514
0.0341667
0.036635924
0.04813835
0.8841791
0.90393335
0.9478973
0.950641
0.939662
0.8579881
0.8563104
0.89074045
0.8323797
0.8231417
0.85226226
0.92046976
0.9168205
0.9439337
0.92043954
0.8964312
0.87498647
0.053919908
0.035433415
0.032098528
0.03337377
0.035054263
0.035939664
0.038686972
0.04860519
0.07104151
0.8888636
0.9075087
0.861872
0.8451683
0.8380524
0.8912644
0.831075
0.769092
0.7047655
0.6448995
0.5964245
0.58326906
0.60334504
0.58688384
0.11909064
0.097341806
0.084384136
0.084086694
0.6284913
0.15546882
0.15163557
0.8238465
0.15870436
0.11056059
0.257015
0.9107409
0.91156703
0.23613197
0.76127917
0.069552176
0.052237496
0.061810907
0.08776358
0.16664268
0.33358356
0.9175686
0.8974881
0.9306454
0.8383288
0.786289
0.7251308
0.7166142
0.79084593
0.07901833
0.062320385
0.07954946
0.8150681
0.7684003
0.8206043
0.080417946
0.057262417
0.05948826
0.13817808
0.90781045
0.07989824
0.04668817
0.036843993
0.039912265
0.051739994
0.92708373
0.95149076
0.96195287
0.94932586
0.061946634
0.038562983
0.03485261
0.0412206
0.07276563
0.9285226
0.9366023
0.14459787
0.053807445
0.056158677
0.076925695
0.9191759
0.92980134
0.16969888
0.08211891
0.1263711
0.927985
0.9424096
0.1062126
0.053463638
0.043029234
0.04825166
0.053414576
0.08551795
0.7999098
0.09040307
0.056689076
0.05117561
0.050672747
0.057554502
0.08451185
0.7516519
0.1178675
0.08945419
0.18802392
0.16365807
0.8861787
0.3965493
0.12914854
0.11243203
0.70952237
0.10869163
0.0904879
0.10895386
0.8041043
0.16421199
0.067370124
0.05730772
0.086743355
0.10956838
0.8514877
0.08563351
0.047843833
0.040326353
0.042365707
0.06111207
0.14549817
0.9436583
0.9452862
0.12977915
0.054235786
0.05113033
0.07367121
0.87465334
0.13227889
0.1378079
0.9348108
0.95949614
0.95329183
0.05779552
0.03634765
0.033150177
0.036445662
0.042367995
0.047805957
0.04611223
0.058825795
0.055345155
0.04789243
0.061676327
0.8057956
0.85858524
0.92014915
0.8559674
0.7880717
0.71187085
0.60194165
0.51510197
0.5120575
0.5509225
0.6494319
0.7391767
0.8498823
0.94170815
0.94956607
0.19914484
0.050545912
0.03433331
0.031677064
0.03238732
0.034762934
0.034718722
0.040518675
0.06375013
0.94151574
0.93328756
0.9504428
0.07261189
0.038588982
0.031197092
0.031029202
0.037604496
0.0680534
0.943996
0.96373105
0.96652305
0.9547512
0.060304195
0.036430277
0.033302736
0.034174968
0.043348067
0.0687052
0.8686896
0.8639095
0.07693831
0.04537229
0.043426026
0.054205585
0.9177803
0.94847417
0.96581274
0.9557268
0.059215322
0.036620945
0.03372441
0.03719794
0.039635226
0.041950103
0.04452498
0.047941025
0.0531895
0.052336954
0.062458858
0.095617525
0.1016876
0.16625999
0.84106386
0.09979612
0.06279147
0.056698106
0.06058027
0.11126165
0.803715
0.15192688
0.23901369
0.19238678
0.7542847
0.108984575
0.08280521
0.11919348
0.74100626
0.7077531
0.7555325
0.83583117
0.86462516

