0.7993672
0.78792757
0.80250293
0.8841662
0.8220824
0.8912175
0.11628481
0.09266634
0.10542187
0.12721802
0.8544891
0.15772283
0.06385809
0.043770257
0.041830245
0.04883723
0.07272606
0.8830071
0.8652071
0.89758897
0.081145205
0.055986512
0.045745663
0.048736665
0.06671256
0.06996424
0.07509808
0.14698744
0.16942047
0.123186074
0.7144304
0.20045654
0.29340202
0.35286006
0.113782056
0.06431357
0.065773524
0.07316601
0.08638667
0.83291703
0.68792754
0.18675807
0.1432453
0.781645
0.8386022
0.92035085
0.9245577
0.86684483
0.9118056
0.84936017
0.8913737
0.7746264
0.1539777
0.14814775
0.86155796
0.89090157
0.120943435
0.102573395
0.09907786
0.70021665
0.8337328
0.14940485
0.1283023
0.5871851
0.6615776
0.74394375
0.9120969
0.20798436
0.13822427
0.0601889
0.052810993
0.056904104
0.0675011
0.8627601
0.88098574
0.8752038
0.87957305
0.085730575
0.0748117
0.067631654
0.04885861
0.06750482
0.112603314
0.8422541
0.9069646
0.8254284
0.89590406
0.13514522
0.11865099
0.7231289
0.08880296
0.05510232
0.0576926
0.061686363
0.13553016
0.7659573
0.7624642
0.7637729
0.7755839
0.1026564
0.062172096
0.05413188
0.074260294
0.15560874
0.9140152
0.91576
0.801736
0.09856813
0.060571555
0.06560427
0.08033346
0.11323852
0.085491724
0.0838914
0.14093219
0.90887964
0.91351616
0.33474648
0.18329109
0.80581427
0.9156575
0.84355855
0.07215813
0.057351768
0.05387928
0.05603174
0.0626177
0.08549912
0.09672794
0.89976805
0.092183605
0.053593233
0.0494842
0.06546037
0.86700785
0.92571735
0.1595334
0.10728059
0.095508285
0.8257374
0.066793576
0.041195575
0.039055258
0.045885008
0.10603305
0.942291
0.96061236
0.9634032
0.9546196
0.10246933
0.043959495
0.037722286
0.04163243
0.06123148
0.87073576
0.15064976
0.14952022
0.31078607
0.9291665
0.89833313
0.92907006
0.06970586
0.046310693
0.048718218
0.0641702
0.90572995
0.8727758
0.939508
0.8658765
0.8788196
0.0828144
0.041192908
0.034949377
0.035611298
0.03610896
0.037141457
0.036379788
0.039749276
0.041595254
0.042123567
0.05572892
0.93933624
0.95785254
0.9673333
0.93376577
0.05585351
0.035437293
0.033513613
0.03436897
0.034944374
0.034722984
0.033705976
0.034422573
0.033891313
0.04756916
0.07216539
0.9017723
0.9375406
0.94693285
0.9406241
0.8680722
0.8438435
0.8591539
0.921941
0.8907519
0.9384277
0.9252397
0.7891417
0.75298846
0.09281327
0.101413816
0.1679306
0.20622548
0.23471275
0.2472916
0.2135387
0.85973614
0.72675264
0.15977463
0.17712931
0.10030362
0.087873876
0.20657516
0.14040735
0.10044444
0.0756208
0.099361114
0.15761274
0.62677807
0.64898044
0.71805763
0.85616237
0.7714884
0.7670377
0.85480464
0.1643369
0.10198793
0.16226205
0.30185857
0.16775317
0.16371311
0.08234658
0.05749276
0.048986755
0.05329749
0.086285464
0.08810621
0.070608154
0.8754757
0.88304585
0.953584
0.9530329
0.8635718
0.8301545
0.8376449
0.066902995
0.05463718
0.06833213
0.09206893
0.045706492
0.04403576
0.07256415
0.08044085
0.7828113
0.74748564
0.84482306
0.9453494
0.9579161
0.9405156

