0.43204373
0.11424949
0.09649621
0.0844926
0.062479004
0.06514983
0.055038918
0.07575283
0.8922686
0.8352868
0.85533667
0.90915966
0.84069324
0.8047434
0.81862015
0.88787884
0.8444459
0.85234284
0.8751251
0.92557424
0.06806836
0.04016181
0.035291143
0.03866673
0.046066765
0.064373724
0.05656496
0.07987937
0.07816832
0.13804387
0.17023158
0.07944305
0.06403316
0.09749159
0.86107427
0.7824509
0.89108044
0.18303946
0.1783277
0.7594299
0.06653872
0.041785963
0.03935104
0.050510284
0.13250127
0.93759227
0.95507467
0.95680904
0.96266866
0.9530353
0.12174182
0.03852363
0.03186928
0.03241218
0.035376098
0.04643758
0.07138381
0.8380202
0.93529075
0.24038252
0.058909293
0.044513892
0.04227206
0.041429937
0.041005965
0.040333
0.039607614
0.039952114
0.03762362
0.03535327
0.037552968
0.04240826
0.057330396
0.9240278
0.94595104
0.9670361
0.96875226
0.96478957
0.9322502
0.055681538
0.040588893
0.03503394
0.037464343
0.048633788
0.07580742
0.80333453
0.07452691
0.04662857
0.044849325
0.059001554
0.8053963
0.87090933
0.9373358
0.8789803
0.87288207
0.15304199
0.060652502
0.05891986
0.09186059
0.7394541
0.0959992
0.07372135
0.081096485
0.7314363
0.3672748
0.2312364
0.90285116
0.8841157
0.928896
0.82309765
0.08208459
0.061673712
0.054031257
0.057945244
0.11131602
0.90160346
0.84420717
0.9366514
0.93346965
0.8047565
0.07205494
0.046051178
0.040306915
0.03716927
0.0362698
0.04444826
0.081308246
0.9230689
0.89841145
0.9521424
0.9440615
0.8564359
0.08517975
0.07782691
0.081985295
0.76860386
0.7789564
0.115473
0.10105453
0.84292793
0.917324
0.07862371
0.047230557
0.044956114
0.05569034
0.90240335
0.9201086
0.9374204
0.9404659
0.067273796
0.044303667
0.043476723
0.055222105
0.8169409
0.8866
0.14134791
0.10799107
0.85170686
0.9343872
0.93802744
0.8410034
0.079235874
0.07160305
0.0692731
0.83300626
0.9015571
0.95405275
0.95579624
0.9400889
0.07377869
0.04264351
0.04390906
0.087723516
0.12030051
0.10078077
0.09729702
0.7775053
0.7927188
0.9176356
0.10947412
0.06871591
0.06449804
0.083219685
0.8180519
0.08447826
0.05738436
0.04548871
0.041243557
0.038656775
0.03729027
0.036348544
0.03346885
0.03554687
0.043391395
0.8813828
0.9203594
0.94095844
0.9623198
0.9622905
0.9471446
0.90747255
0.87835664
0.050499957
0.032923438
0.029315343
0.029726371
0.03317697
0.037304576
0.064139724
0.88797057
0.90620536
0.95209336
0.9419471
0.094682
0.069822036
0.084921256
0.7798494
0.111693606
0.14898264
0.15299092
0.08004001
0.04958421
0.04791601
0.047535405
0.069750525
0.1243368
0.11424813
0.83749634
0.9268599
0.924897
0.81090534
0.71911496
0.12691848
0.108227536
0.63089865
0.7273561
0.85603154
0.7773957
0.7632605
0.8431013
0.28604695
0.22162408
0.8371993
0.76228106
0.087007105
0.061791908
0.07414246
0.7322114
0.07688111
0.057919327
0.06822784
0.7501719
0.11987583
0.18792138
0.33184183
0.9407483
0.9598443
0.9326769
0.9207104
0.058560133
0.036349885
0.031874046
0.03322117
0.034122165
0.035029836
0.03633748
0.04070244
0.054950904
0.812325
0.90767384
0.9306022

