0.9169842
0.925967
0.9264295
0.8413508
0.782336
0.791535
0.91609114
0.09093682
0.046597492
0.038326893
0.03972307
0.041627407
0.042281043
0.04528505
0.052706283
0.05420117
0.07402604
0.84884584
0.8412193
0.09351662
0.047301117
0.03692791
0.0328597
0.03219641
0.037339136
0.06048865
0.93682873
0.94691604
0.9599293
0.9574196
0.9546481
0.091419205
0.037589286
0.029650671
0.027635792
0.0287157
0.03533027
0.07552862
0.8791142
0.9362295
0.9529076
0.95058817
0.8714539
0.9259222
0.06489037
0.03891504
0.03619918
0.03662252
0.047753315
0.096175015
0.8866825
0.775344
0.7901755
0.77706105
0.07854771
0.04835669
0.043115474
0.04899923
0.049272977
0.089209065
0.10046105
0.07400315
0.18828902
0.9380449
0.8940134
0.07086499
0.04112118
0.035747807
0.033869844
0.0340599
0.037732676
0.05193369
0.81268454
0.27390915
0.94142574
0.9596777
0.95834595
0.892175
0.050668046
0.03271549
0.028329467
0.027281616
0.028363444
0.03351782
0.047106035
0.92610496
0.95210344
0.9655754
0.9669189
0.95215267
0.054565478
0.034248833
0.030438945
0.030940555
0.033503663
0.04156108
0.07277981
0.9282932
0.8555775
0.8669211
0.06617774
0.040812436
0.03673877
0.035326913
0.035514366
0.037369203
0.05039056
0.1560752
0.9467035
0.946874
0.889425
0.098730445
0.05768613
0.060141772
0.07395304
0.09668238
0.7270478
0.09525753
0.06755497
0.068052605
0.12537524
0.86459684
0.72993237
0.7044065
0.7125405
0.11786716
0.08621082
0.0657328
0.08191059
0.7124948
0.1921375
0.24945594
0.78019416
0.8581552
0.1835023
0.15315153
0.828272
0.77927303
0.86623216
0.1567007
0.12654167
0.7947872
0.84822017
0.9442014
0.9500017
0.0945506
0.041275356
0.03251949
0.033401545
0.034274243
0.035627577
0.037052333
0.039765194
0.04877645
0.091622315
0.90176255
0.09151833
0.05769152
0.06664864
0.8402577
0.28912255
0.9169617
0.9526183
0.955667
0.9357778
0.22490837
0.7904895
0.07342491
0.0632099
0.084848076
0.9213974
0.92333823
0.08562633
0.049135488
0.042837195
0.038904574
0.038357213
0.038461234
0.038442407
0.03961318
0.04595564
0.06285387
0.8517234
0.9149181
0.418615
0.2178051
0.847417
0.15049444
0.14628337
0.85643876
0.775647
0.24808463
0.29528183
0.7417472
0.09817088
0.09838427
0.17647456
0.23029664
0.7140481
0.7027641
0.11059628
0.11449824
0.75821793
0.776522
0.08301366
0.047062937
0.04271151
0.04234135
0.04866824
0.06820556
0.79904795
0.07649706
0.049304377
0.056957174
0.13031438
0.9204407
0.9178413
0.92938185
0.1715089
0.17787458
0.8588195
0.8900998
0.11830725
0.09438422
0.81691676
0.84859467
0.8830533
0.92884624
0.91014963
0.9372158
0.9014154
0.9073061
0.15567912
0.1755956
0.9066212
0.92983514
0.25046954
0.13648431
0.79211897
0.08275515
0.059607133
0.055077594
0.07992618
0.8013551
0.10546437
0.08262931
0.051989224
0.04851562
0.067593016
0.1964064
0.88149464
0.12945507
0.10818573
0.6891408
0.72706836
0.869848
0.7989609
0.8150987
0.89444405
0.8450133
0.92674404
0.9314801
0.90407294
0.10596337
0.0727572
0.07805397
0.101908214
0.8398026
0.78184503
0.8273593
0.90157866
0.845931
0.8307679
0.8512213
0.85618347

