0.88408613
0.9303579
0.9297576
0.8960178
0.8961507
0.82616806
0.85795254
0.738466
0.8322685
0.6634581
0.11451545
0.1091484
0.11925247
0.65544313
0.2530021
0.8901014
0.383851
0.08667725
0.050189078
0.054260515
0.06968266
0.08963177
0.11897227
0.06263028
0.040715314
0.037067212
0.042211574
0.06778871
0.92533165
0.89934933
0.9216059
0.9198964
0.9410392
0.06695578
0.041390877
0.034697816
0.03499519
0.043848716
0.08187981
0.802692
0.8259679
0.91542304
0.9243204
0.89417785
0.6810688
0.5453264
0.5430344
0.53995824
0.12724188
0.11189715
0.7587324
0.79347515
0.91304624
0.8442126
0.070953004
0.045082774
0.046639103
0.057400938
0.09938719
0.05796214
0.08016482
0.055472452
0.05607075
0.08897984
0.22304712
0.9306028
0.10692685
0.05087443
0.039037738
0.03540168
0.033821207
0.03277325
0.032362785
0.03691302
0.05695866
0.9222297
0.94967645
0.9623456
0.9612333
0.9154548
0.90035623
0.05636161
0.034242228
0.028765272
0.028670251
0.034998514
0.04911454
0.92371714
0.947541
0.96206903
0.96323895
0.94644946
0.054639965
0.034301616
0.02960887
0.030550202
0.039194826
0.114576034
0.94958764
0.95870113
0.92359895
0.8856203
0.056055125
0.03662904
0.034499746
0.036518563
0.037353616
0.03850773
0.04273651
0.06705473
0.13187052
0.9324911
0.8758642
0.15984325
0.13111475
0.076251425
0.06367225
0.05587588
0.048735946
0.050508372
0.050195605
0.08101423
0.79794884
0.8376235
0.93583626
0.9380242
0.838851
0.08468453
0.049535394
0.050508965
0.049851965
0.057567883
0.081415325
0.8270822
0.9221096
0.10032652
0.051827185
0.045707233
0.0431482
0.04397671
0.039026704
0.03882216
0.046537805
0.08281095
0.9458265
0.95473814
0.1910223
0.086961545
0.045055993
0.0404833
0.03936623
0.039237514
0.04008492
0.039403252
0.03787387
0.03627617
0.034405462
0.032636974
0.03500231
0.043784287
0.8984883
0.91494197
0.9535709
0.96485037
0.9602277
0.94566077
0.093336344
0.045830198
0.045179464
0.0670201
0.9220126
0.95170075
0.9363436
0.076269105
0.043291982
0.03884699
0.034495886
0.033122133
0.0339527
0.032835193
0.036393616
0.044249423
0.069351636
0.90387565
0.93739915
0.9460362
0.8921418
0.9136538
0.16638857
0.15010148
0.89748996
0.9223741
0.8367368
0.0868911
0.061509848
0.06771645
0.9042042
0.95329297
0.95806193
0.8831281
0.054371297
0.03676125
0.03665703
0.0383905
0.04050073
0.04566712
0.04889484
0.070038095
0.064697884
0.11483194
0.8244561
0.120690815
0.14815132
0.07047634
0.10089132
0.07831628
0.107287504
0.8432523
0.9053174
0.8122795
0.78778785
0.17469478
0.17188859
0.0700442
0.072205395
0.07240691
0.13220714
0.76393336
0.81578976
0.31008783
0.5778939
0.1669065
0.2580059
0.1794166
0.71434164
0.8901497
0.91175073
0.90129715
0.120982066
0.081457675
0.112294495
0.65320694
0.5992636
0.5684149
0.5614478
0.57342494
0.19413973
0.122506246
0.11072896
0.751389
0.8938702
0.90384567
0.79808724
0.8818351
0.08985396
0.059671633
0.07852718
0.06406324
0.073509395
0.11894701
0.8567891
0.48223454
0.8781826
0.93672556
0.8877928
0.86431897
0.8555485
0.8318991
0.29355028
0.8409779
0.09821407
0.07590715
0.048723623
0.050601006
0.057658326
0.104905225

