0.8028732
0.13736475
0.0737939
0.06372564
0.08791577
0.85616195
0.17300217
0.12916262
0.7519377
0.7802883
0.7931596
0.81012875
0.078535445
0.04884256
0.049628958
0.06486557
0.13142346
0.29895
0.8664904
0.5590442
0.54109764
0.12140454
0.10269514
0.1069124
0.18407513
0.21281238
0.14168751
0.10260426
0.13366956
0.7341422
0.7789848
0.9179046
0.92550427
0.31351647
0.0811455
0.085247725
0.12396554
0.20180014
0.78776854
0.39670897
0.2647503
0.14629489
0.15656993
0.48619887
0.8152222
0.83463925
0.48440644
0.32413766
0.76455027
0.21552671
0.23285653
0.5359143
0.10918544
0.08587264
0.07771212
0.15342548
0.26868573
0.8952909
0.9236541
0.90538055
0.7589258
0.86766934
0.11511351
0.09031446
0.06495737
0.08296554
0.76891536
0.38755736
0.90474
0.118934885
0.056472156
0.043925706
0.04596558
0.046572212
0.0458002
0.05582156
0.06378135
0.0675524
0.11423561
0.86736286
0.94128525
0.10133985
0.050941404
0.044597156
0.043112334
0.04297376
0.04065006
0.03922716
0.038076673
0.03734057
0.038947366
0.049671564
0.14666785
0.94611144
0.9432899
0.13970202
0.06751916
0.0754974
0.8493277
0.851987
0.07833951
0.057615694
0.06376741
0.8996109
0.93673456
0.9557979
0.9587671
0.93825966
0.074354626
0.06187953
0.08683282
0.8713294
0.0935192
0.08006481
0.19326429
0.9203693
0.086582236
0.04456838
0.038976926
0.037615918
0.037552178
0.037702825
0.0402593
0.05137492
0.0832713
0.9347355
0.94225883
0.19965367
0.07554693
0.09150727
0.77165276
0.07954498
0.054947723
0.07149937
0.0716605
0.059258044
0.07358989
0.751464
0.7701272
0.79735816
0.905595
0.11665801
0.069519326
0.078027636
0.05398051
0.057033226
0.115869336
0.18030384
0.9185675
0.8339588
0.9268971
0.08439038
0.04504674
0.039069187
0.03740813
0.03670319
0.03674514
0.038359668
0.04744282
0.08952963
0.94393516
0.9485367
0.08544524
0.048553627
0.041372005
0.040209737
0.038697757
0.038577065
0.0402941
0.047568996
0.07162516
0.88148457
0.081284046
0.044023767
0.041218743
0.05013134
0.8913034
0.8958291
0.9386021
0.95782036
0.96025205
0.9570425
0.9149757
0.86566347
0.05579058
0.042092774
0.045544956
0.07168694
0.9112484
0.9416133
0.097431906
0.053939223
0.03788941
0.033864792
0.034530964
0.033300422
0.032595444
0.037145637
0.047962338
0.8809882
0.9384887
0.95044386
0.9040659
0.9209396
0.11519906
0.09552068
0.73793596
0.7713885
0.8665533
0.7720973
0.10722321
0.089698605
0.8667886
0.94437176
0.9531834
0.935816
0.12263133
0.10452194
0.76631874
0.0705962
0.04967774
0.04426053
0.050217852
0.09592886
0.0696128
0.11631307
0.81326437
0.7873491
0.10557348
0.07729825
0.058108
0.06254262
0.103695735
0.1376869
0.18694316
0.7072674
0.68969184
0.731398
0.82093835
0.12797658
0.10786202
0.096720725
0.16783138
0.64075017
0.4012052
0.5813539
0.17384629
0.16937868
0.26624945
0.2116405
0.6415154
0.7756614
0.5645004
0.4263267
0.1911646
0.1409671
0.20399465
0.29307628
0.15998867
0.14580669
0.17381959
0.5409505
0.73259205
0.60538095
0.1885382
0.22743994
0.36036304
0.41720024
0.55726
0.1341288
0.11513339
0.13685684
0.807388
0.7437677
0.7897359
0.8843819
0.8489247
0.9347928
0.9430705
0.9219617
0.08431664
0.049589235
0.042377573
0.043193404
0.049170632
0.0753358
0.11566648
0.24986832
0.77393395
0.8035147
0.86140496
0.8763865

