0.66216165
0.63890207
0.70001394
0.83647126
0.8153374
0.8090787
0.8571118
0.61749333
0.17909053
0.17924082
0.18196356
0.18285988
0.16010788
0.5438019
0.19010521
0.13741751
0.13960455
0.24553171
0.123845614
0.13033614
0.63444346
0.6518975
0.20553446
0.29769748
0.15211037
0.18791468
0.16283043
0.17749241
0.15798968
0.89057916
0.90629905
0.82178587
0.117020614
0.061411053
0.04834251
0.0477763
0.083242595
0.09061742
0.18611456
0.9244813
0.3418878
0.06872292
0.056584064
0.09153415
0.072002225
0.10901631
0.13120435
0.12304798
0.79760873
0.12133134
0.13047089
0.16997416
0.9261829
0.19028181
0.051841304
0.043863945
0.04223315
0.043549728
0.042589027
0.042048827
0.041211344
0.040599555
0.041296005
0.046294745
0.06368296
0.8408468
0.07680377
0.05195487
0.085994266
0.15660657
0.9209822
0.9400981
0.9492352
0.95218027
0.9534958
0.9506914
0.9585929
0.95371205
0.897948
0.047188614
0.031359512
0.027565276
0.028523643
0.029522534
0.030147405
0.031495932
0.037312824
0.055073924
0.8969847
0.900759
0.15255556
0.12801524
0.83582085
0.8753139
0.9027897
0.9275747
0.83777255
0.12999585
0.11979739
0.8865302
0.93576455
0.94275194
0.95890486
0.95597655
0.92149365
0.07393797
0.03585341
0.031147523
0.03323853
0.03633061
0.03954596
0.04361269
0.047534227
0.06497793
0.10370669
0.74293745
0.11946767
0.11682673
0.13213053
0.13439523
0.84917617
0.7445597
0.7355563
0.13557148
0.08614738
0.10078253
0.07803018
0.11139195
0.111999065
0.8402268
0.7503682
0.77284384
0.8122311
0.9157874
0.92327076
0.8307393
0.9043623
0.13843024
0.06719075
0.06276345
0.07722321
0.8901142
0.90612453
0.10969988
0.07358753
0.11078684
0.15731302
0.84351635
0.90606683
0.08351558
0.05745439
0.08240308
0.17791788
0.93219805
0.9434258
0.9371675
0.16197945
0.08725063
0.08044821
0.86362296
0.8951532
0.8906756
0.8771095
0.08116492
0.06770214
0.07515246
0.87084657
0.927276
0.9052512
0.149734
0.07742444
0.05705831
0.06983828
0.7183603
0.7604481
0.11020469
0.079337746
0.064174816
0.081016466
0.8883442
0.90143895
0.8750492
0.8917211
0.93616545
0.9321152
0.8530288
0.9042238
0.09530577
0.0716358
0.12499423
0.15383223
0.18169545
0.87793386
0.7836229
0.76840484
0.8846062
0.10542622
0.07760808
0.07369583
0.85170555
0.9216957
0.9051315
0.93073803
0.8425009
0.095593765
0.096278094
0.08354014
0.85605675
0.9352495
0.94215745
0.25456452
0.079772115
0.058117982
0.05323267
0.06753585
0.7516068
0.81310457
0.91713595
0.8393182
0.14725089
0.123374954
0.050738674
0.04901537
0.07027384
0.92783254
0.9443708
0.8762204
0.9376779
0.06492185
0.036905985
0.03283642
0.032980032
0.030583246
0.030488383
0.032266863
0.038372573
0.06895172
0.93118924
0.94717914
0.9650954
0.9614183
0.92902446
0.12766775
0.118988015
0.8329553
0.062616326
0.039654978
0.035959154
0.035797752
0.037941262
0.04524643
0.07304104
0.84860414
0.89944535
0.08818434
0.055225413
0.057238247
0.09069749
0.24590524
0.9134857
0.9265143
0.9245855
0.84315556
0.830062
0.91090274
0.9260413
0.9158424
0.84115934
0.89349955
0.7839672
0.79359716
0.08903333
0.049519274
0.059162535
0.041446272
0.04032171
0.04646746
0.07335614
0.90010977
0.3145735
0.19604522
0.89184284
0.082159445
0.04370356
0.038716536
0.04771937
0.12255711
0.94061387
0.95280826
0.95211035
0.94252676
0.074514344
0.04650982
0.04014766
0.04832152
0.08599843
0.80400676
0.13794605
0.18164302
0.8824241
0.11663963
0.10040333
0.24901779
0.9138197
0.086567946
0.054475307
0.046986062
0.047312796
0.049945578
0.05351657
0.06920703
0.17257726
0.789794
0.5447737
0.45743984
0.12611026
0.07672592
0.0854092
0.084578864
0.11325332
0.87176114
0.7915524
0.8171458
0.83755976
0.084173486
0.04938597
0.046462327
0.06239231
0.09194311
0.05559432
0.041562743
0.03669676
0.035158835
0.035005823
0.041984707
0.10930515
0.9301664
0.938903
0.9249687
0.95226336
0.9528923
0.9499423
0.910223
0.9406658
0.8593272
0.052479368
0.035781864
0.03450624
0.04612145
0.05222631
0.054737087
0.11096806
0.13440304
0.22710307
0.73130816
0.12122445
0.087798595
0.0962669
0.16053437
0.18855715
0.17906561
0.5946944
0.45425177
0.39769265
0.16206878
0.18997352
0.17507103
0.7880909
0.17241512
0.13367149
0.14401175
0.8065671
0.15839554
0.094171084
0.098522484
0.7519897
0.7849155
0.82514864
0.91378903
0.92330384
0.88385856
0.909904
0.84741735
0.8830875
0.8060931
0.81246513
0.9030659
0.91877943
0.9177482
0.9008824
0.8313843
0.87978655
0.8320671
0.8425866
0.9066951
0.88830894
0.92269623
0.8561151
0.8012509
0.08350492
0.071037956
0.095082976
0.86423135
0.081292756
0.050923146
0.04833162
0.06652964
0.07995396
0.2607678
0.89803493
0.8261767
0.75284374
0.71770144
0.15195705
0.10130995
0.09096581
0.8183603
0.91294235
0.9313622
0.90782076
0.9397214
0.9323085
0.8609955
0.79477865
0.7401295
0.6988262
0.1368505
0.113812506
0.29201043
0.8797583
0.8020671
0.71382934
0.6483358
0.14560151
0.11115177
0.106701456
0.7385595
0.88136667
0.84184563
0.9198717
0.91551334
0.7723211
0.12167224
0.089909226
0.06487445
0.070763364
0.8138091
0.8643284
0.9308968
0.91778576
0.15188463
0.10263219
0.15485492
0.25172752
0.8112744
0.91077316
0.92011476
0.8576219
0.895356
0.7787661
0.7191283
0.10648063
0.07838307
0.09480438
0.90775955
0.9422268
0.94703174
0.9273371
0.104019985
0.074304685
0.08747873
0.71351707
0.7748666
0.09117163
0.08044887
0.08548248
0.052452274
0.06069003
0.8405306
0.9362639
0.91374713
0.955033
0.94699943
0.06437412
0.037108976
0.032909207
0.03591341
0.03644557
0.037151203
0.038818177
0.03908266
0.040718593
0.045135047
0.061699264
0.8215863
0.078206256
0.05490088
0.06639635
0.9239211
0.9352308
0.9513556
0.9592745
0.9609589
0.94250304
0.07047352
0.054673135
0.07460315
0.77683765
0.06607543
0.0464373
0.04518683
0.05210056
0.082405105
0.8197403
0.08238201
0.048807546
0.040381495
0.037369687
0.040766813
0.06382714
0.8819046
0.93775547
0.8985051
0.8864565
0.9249935
0.08404335
0.061921865
0.07548858
0.113387585
0.10534267
0.70007676
0.68154705
0.71003294
0.763491
0.90471196
0.89827794
0.15991962
0.18322392
0.10042127
0.10220412
0.10862319
0.09886777
0.22291502
0.31567758
0.7512747
0.9187391
0.9339995
0.9290469
0.1443853
0.09321796
0.0656036
0.131891
0.13060135
0.07188495
0.10705414
0.8579715
0.08833554
0.056310114
0.048169818
0.047264084
0.047280505
0.048488267
0.047953214
0.047042787
0.04693915
0.0451042
0.043149587
0.040806416
0.037838098
0.03618193
0.036838613
0.046295606
0.14542244
0.95985854
0.96184564
0.95018387
0.06752973
0.037203565
0.03427433
0.032485746
0.031901937
0.03206705
0.032426905
0.037443016
0.058982946
0.91992253
0.882517
0.9576922
0.9546287
0.8682893
0.071493246
0.057504762
0.075021416
0.7834936
0.071850695
0.0484985
0.04683378
0.06452752
0.13066743
0.90132594
0.07988871
0.044760175
0.036747105
0.03573606
0.042218186
0.07598819
0.94951874
0.96224475
0.9409547
0.061875004
0.040078234
0.038123082
0.041306164
0.0508823
0.08639136
0.8466964
0.09462764
0.055533748
0.049563214
0.05511571
0.08964672
0.86145794
0.85430616
0.0830541
0.05039052
0.04533755
0.04477825
0.04457563
0.04464486
0.04398052
0.043373045
0.046608176
0.05869854
0.09257409
0.905362
0.79189825
0.34889415
0.23469757
0.86597204
0.18059173
0.12688689
0.11264596
0.19962893
0.21028195
0.075743295
0.073620655
0.15439278
0.09233692
0.07111882
0.101813525
0.11487306
0.1142139
0.17049403
0.11882412
0.17403315
0.13470237
0.14860272
0.87766933
0.91617286
0.92933106
0.9059007
0.7188492
0.61797446
0.52838326
0.4579161
0.17678168
0.14028507
0.15141095
0.27222168
0.86572343
0.89063925
0.87740266
0.109561265
0.068919145
0.05959779
0.07813861
0.89201355
0.9110332
0.87227666
0.92870224
0.92584425
0.866168
0.9288884
0.92861825
0.8637863
0.92152053
0.8963909
0.10110598
0.06759865
0.067655206
0.107531816
0.90621036
0.9115018
0.42447317
0.10262898
0.107319646
0.09377227
0.10861141
0.109362416
0.27831668
0.69491404
0.7879046
0.894849
0.86692435
0.44008726
0.50196034
0.6121638
0.844789
0.25969025
0.13119717
0.16220558
0.18722706
0.7148445
0.10531198
0.0643835
0.04901696
0.049466178
0.047510263
0.047130432
0.041336216
0.038176075
0.03620886
0.03646651
0.043903917
0.06551454
0.94652253
0.9650383
0.96267515
0.105946526
0.057815462
0.041695464
0.037285104
0.036193397
0.036153324
0.036103513
0.035240404
0.034856834
0.03628104
0.045538563
0.12366029
0.9418389
0.95069265
0.9501393
0.28738415
0.06785084
0.06839052
0.11838495
0.89424276
0.07555751
0.04356201
0.037385736
0.041410595
0.057857063
0.91891885
0.8942199
0.9058054
0.26093426
0.14337398
0.08108206
0.05588512
0.0640637
0.9032598
0.90816957
0.9351236
0.9167693
0.9325303
0.9236541
0.8750989
0.87094694
0.88202286
0.9245148
0.92963386
0.9168719
0.9437508
0.9382246
0.94969976
0.93470913
0.059281386
0.038349453
0.037942898
0.04884647
0.08425202
0.81946784
0.079767905
0.05147728
0.047832713
0.05542565
0.05527795
0.062189195
0.049092453
0.04862466
0.048880782
0.04676092
0.04569669
0.047156792
0.041837353
0.048496444
0.10344755
0.85850626
0.9168604
0.92685145
0.8693613
0.94276416
0.94020915
0.92529243
0.06700286
0.040361423
0.03686634
0.0584954
0.07067432
0.06569626
0.8996847
0.9470935
0.96053076
0.95787835
0.8873884
0.11005487
0.06465069
0.04845378
0.039824862
0.043340925
0.06065662
0.81475836
0.88522285
0.777867
0.75638664
0.82427317
0.6843634
0.69739354
0.8619249
0.8886718
0.7246042
0.16460122
0.2005015
0.153594
0.07478219
0.04903907
0.07090299
0.076342806
0.9146289
0.90271235
0.94511026
0.94042826
0.87059605
0.8894231
0.94509304
0.9359551
0.06672433
0.048051193
0.045480177
0.071917914
0.0723643
0.08849205
0.12109424
0.07058675
0.13094912
0.16434915
0.17140767
0.15229589
0.92254615
0.92101234

