0.8264782
0.81700766
0.098284006
0.10147861
0.053093106
0.046354234
0.047229033
0.047368363
0.058360234
0.08322957
0.845299
0.789398
0.82599187
0.8480955
0.8665386
0.93359286
0.07505072
0.042953026
0.038095485
0.046359073
0.04214874
0.0455996
0.06546322
0.09188704
0.77556443
0.8933135
0.816879
0.2240341
0.07715037
0.057064913
0.058974937
0.1208941
0.11598523
0.8005271
0.8552217
0.9272256
0.86022025
0.14105918
0.08409298
0.05712329
0.059537936
0.07758196
0.15888262
0.6322412
0.61962104
0.1913865
0.22559704
0.1813571
0.2901812
0.15029633
0.1408645
0.14035086
0.33469394
0.3782138
0.23865886
0.3451499
0.24177599
0.38801384
0.4251055
0.29138094
0.14098746
0.14358227
0.13113202
0.24703756
0.3166321
0.4160815
0.37720168
0.1746615
0.12797916
0.13943344
0.48995042
0.5247793
0.40162823
0.24992098
0.31803486
0.21607533
0.2649222
0.28960928
0.5146944
0.24130099
0.3128624
0.1722979
0.16426183
0.2149759
0.22961704
0.16466221
0.1346212
0.20377931
0.16925603
0.2101404
0.18211074
0.2729247
0.1598475
0.12427545
0.1827724
0.14609814
0.17233902
0.15168914
0.21790758
0.4323107
0.4880951
0.2759922
0.59264463
0.3343812
0.1695724
0.2943353
0.13933732
0.10721858
0.21751413
0.11276714
0.17863256
0.203453
0.24183634
0.08828785
0.10995957
0.088060044
0.10151076
0.06981552
0.06820934
0.09146442
0.74994975
0.14364904
0.17682275
0.10742324
0.23642325
0.85089624
0.2501536
0.07837477
0.06436513
0.05409505
0.062721446
0.05540125
0.081048526
0.09257326
0.91271585
0.85407406
0.08885718
0.052805603
0.061454967
0.081956826
0.9318659
0.9432497
0.32746425
0.1644155
0.111884736
0.090331055
0.080562055
0.07568227
0.073683605
0.07294203
0.071420684
0.07002145
0.07134726
0.08246985
0.09765801
0.9062058
0.9292952
0.9229558
0.9256871
0.93616533
0.93233806
0.9140284
0.9279145
0.90658635
0.91243666
0.93646324
0.9104331
0.89341
0.924058
0.058570594
0.03978197
0.03772546
0.053575303
0.09506128
0.9391295
0.9483559
0.948103
0.097035445
0.045002528
0.04075831
0.05086893
0.09674073
0.9225757
0.12133455
0.0544341
0.047081906
0.04616322
0.046047956
0.045863688
0.04504822
0.043664854
0.042037513
0.041356124
0.043432992
0.057573024
0.117564484
0.940413
0.93329245
0.075814314
0.045846004
0.046296127
0.07673596
0.91761845
0.9530722
0.9081444
0.94660187
0.06450692
0.03940923
0.03517881
0.03762925
0.04012274
0.045292437
0.053983144
0.08865243
0.827972
0.10067926
0.06354185
0.066992134
0.108626455
0.9107589
0.092668004
0.052437834
0.045496166
0.04466304
0.045407534
0.048609562
0.060814958
0.1217048
0.9245086
0.104129255
0.057423085
0.0472001
0.04499363
0.04369402
0.043225445
0.044543218
0.05005362
0.07358978
0.81797796
0.2407692
0.882625
0.9455476
0.102253765
0.047684807
0.044398695
0.04330661
0.04632556
0.04760704
0.04878594
0.050346065
0.051041584
0.05316582
0.052230645
0.054342363
0.052878276
0.053201903
0.062455826
0.061689414
0.05202127
0.05301163
0.06360325
0.093168594
0.82410634
0.1917038
0.07022488
0.053943593
0.061748177
0.067033246
0.1464793
0.84157276
0.90600944
0.12408946
0.06970821
0.061182242
0.102595165
0.14892544
0.22993626
0.09747441
0.075504385
0.06726729
0.104891345
0.2226889
0.17866333
0.16709356
0.10754061
0.13412954
0.10256127
0.14332996
0.1458469
0.115380354
0.076831535
0.080860406
0.12171715
0.11782179
0.254031
0.31186026

