0.09750689
0.054254644
0.057814028
0.04951473
0.044046503
0.04433456
0.04830557
0.07425228
0.83656746
0.08250339
0.058736403
0.08015427
0.91284794
0.94383425
0.93779206
0.93363863
0.8996651
0.8850636
0.07371798
0.060698535
0.08878229
0.84334344
0.08313286
0.054013047
0.061777763
0.052724823
0.07944586
0.07004774
0.06381154
0.10332067
0.70675445
0.6937557
0.6809878
0.65750015
0.64645326
0.6610355
0.7007822
0.78371954
0.26631904
0.084011465
0.08611856
0.08626062
0.16024539
0.85661167
0.2372254
0.063147865
0.045130566
0.043463666
0.057493605
0.0678863
0.8021557
0.77609
0.8108518
0.8766028
0.93212026
0.8805527
0.06307849
0.041985948
0.038128655
0.04046482
0.04383834
0.05283281
0.07215727
0.12835911
0.106899805
0.77023333
0.13151751
0.08207406
0.09332343
0.7541855
0.098838754
0.068776324
0.08276324
0.8126119
0.8564717
0.1466016
0.07126926
0.076024
0.73052955
0.099652015
0.08712525
0.8438259
0.87684226
0.88687646
0.8980335
0.90104896
0.9090297
0.9118314
0.898018
0.85960233
0.10155156
0.105743155
0.7957243
0.83374155
0.08292149
0.06636514
0.09016074
0.8208936
0.8082292
0.08550382
0.066028535
0.08620683
0.77141094
0.7783721
0.10188878
0.087371305
0.17585403
0.7217031
0.13345057
0.12471967
0.115517385
0.7411612
0.87975055
0.8025093
0.7041413
0.60202223
0.5304825
0.51233
0.477608
0.47569722
0.5211725
0.66605103
0.8665779
0.895546
0.12346592
0.072434425
0.07874611
0.07105303
0.07121686
0.16930988
0.8076676
0.90609986
0.8088523
0.8106897
0.08815057
0.070234664
0.049634505
0.048851747
0.053634603
0.08321151
0.90426326
0.8897849
0.4045491
0.8273199
0.19278955
0.19277814
0.8775752
0.8557789
0.8557318
0.84339064
0.82461846
0.80431366
0.1053174
0.10719466
0.69496447
0.20653315
0.79959697
0.8256819
0.07545419
0.049718957
0.05851308
0.051352225
0.067222714
0.059980147
0.07066885
0.09603818
0.06229468
0.05925829
0.07292412
0.7754115
0.72565
0.12315818
0.11810888
0.14586069
0.8289691
0.8392925
0.8383957
0.82508
0.81133604
0.80983377
0.8202386
0.8248881
0.8100929
0.8058746
0.8023786
0.073943146
0.05188223
0.058157813
0.21199724
0.94749016
0.9424145
0.9252531
0.061790276
0.03823173
0.03501911
0.04216665
0.06030999
0.081958346
0.09585147
0.9293934
0.9275235
0.13837835
0.118017994
0.7696583
0.07408919
0.053802565
0.047387745
0.05314104
0.046584193
0.044191945
0.042568043
0.041401632
0.042531744
0.04773519
0.06847299
0.8186661
0.12056119
0.1416041
0.9099891
0.9229748
0.9461012
0.517076
0.28229553
0.91455185
0.15931308
0.04908955
0.036207233
0.03384788
0.033443496
0.035508968
0.04428917
0.104607105
0.93016475
0.8796591
0.9386448
0.8560198
0.117074534
0.065718606
0.053612303
0.092444174
0.0734171
0.08221101
0.7129846
0.76339036
0.88435847
0.7812061
0.2912516
0.17884313
0.08701855
0.08699442
0.10320482
0.8246305
0.8402869
0.84965837
0.8610156
0.884574
0.92775977
0.89034414
0.89361626
0.9293177
0.8842212
0.868002
0.8580433
0.8249838
0.32887927
0.16765156
0.076483615
0.09570025
0.13063094
0.83181953
0.88228685
0.93493843
0.918712
0.24532424
0.10710009
0.15537013
0.11422345
0.14828178
0.7353016
0.8044634
0.9078985
0.9275434
0.93190354
0.92896515
0.90221614
0.9216853
0.87869036
0.85621405
0.84124684
0.8309161
0.8291486
0.8692406
0.917222
0.9196488
0.89031446
0.8749868
0.87226486
0.88179266
0.90367645
0.9377114
0.9360329
0.92211205

