0.9208924
0.9363034
0.84249485
0.11072793
0.060359232
0.065725066
0.089934304
0.15812962
0.24398589
0.8065718
0.9172038
0.9048969
0.7415534
0.71744335
0.7505288
0.107296064
0.0658492
0.03976588
0.036825787
0.037048507
0.038728792
0.041473597
0.041123
0.05457104
0.9073506
0.9467883
0.96498936
0.9567166
0.06282758
0.037879452
0.035233766
0.037441015
0.03920824
0.04182873
0.04604228
0.06053908
0.06316477
0.057633843
0.0589625
0.08491542
0.077118985
0.06622452
0.16464491
0.8618948
0.88279283
0.9366377
0.93778217
0.89383817
0.92508525
0.86595684
0.8556091
0.84380025
0.83368444
0.12130684
0.09595213
0.20234841
0.8959882
0.118076555
0.06917354
0.08328983
0.75632346
0.78287935
0.11484612
0.121230975
0.11701439
0.09756578
0.8090505
0.8486761
0.07286533
0.044869818
0.03900564
0.036074203
0.034806818
0.03340286
0.03280606
0.034640484
0.058938432
0.18719137
0.9453996
0.9495065
0.958356
0.9597776
0.9612269
0.9248815
0.05819443
0.037999786
0.036216926
0.043553926
0.06909098
0.82162523
0.09447059
0.057320543
0.067318335
0.07233454
0.0785713
0.803081
0.7868482
0.0890048
0.067522265
0.07117184
0.07239521
0.8348837
0.8841964
0.9359859
0.93327296
0.84903497
0.7895669
0.76201385
0.7992521
0.89575315
0.8828692
0.93334895
0.93186873
0.8322955
0.15518942
0.09181382
0.06383989
0.05655789
0.08196993
0.21221365
0.8571668
0.7091861
0.71381015
0.83581376
0.68577206
0.1913452
0.29285556
0.74107057
0.8174874
0.1673828
0.1813602
0.08424985
0.08419523
0.04971928
0.047137532
0.053469706
0.07738854
0.79614687
0.080691785
0.049429648
0.045563854
0.048605237
0.080018885
0.11558628
0.16996878
0.9548752
0.9653058
0.9595363
0.11759375
0.045245085
0.038231775
0.040682465
0.041003086
0.042280402
0.044044502
0.044692338
0.045474168
0.04793417
0.0584097
0.071159
0.10306828
0.119326614
0.19043945
0.77887046
0.7626795
0.25563875
0.15957911
0.59985024
0.63557833
0.68167174
0.7565136
0.799345
0.8148132
0.8126536
0.79024994
0.7473922
0.7290131
0.717718
0.74411803
0.7741731
0.7965179
0.8152253
0.83784556
0.8688241
0.90519327
0.8523844
0.78848696
0.70879126
0.69868255
0.7697876
0.8681421
0.8533615
0.8463299
0.8627431
0.8939366
0.84778285
0.8183905
0.8098332
0.81892174
0.83922637
0.87076175
0.73089904
0.5557516
0.13003339
0.12592293
0.23907769
0.42179644
0.88308823
0.81301236
0.23676577
0.21470195
0.11615352
0.07578499
0.092854254
0.8517084
0.27329764
0.23164612
0.6943711
0.26004237
0.8449666
0.09680142
0.08447477
0.07956368
0.14786044
0.85560393
0.9046719
0.8443516
0.86526096
0.9353202
0.93891704
0.8467529
0.8718618
0.072570734
0.04559353
0.039877106
0.03460658
0.033275656
0.033618137
0.033631068
0.033192653
0.032995638
0.036926605
0.04587215
0.90498626
0.92503625
0.94808555
0.9615368
0.9642331
0.9638512
0.95883274
0.9230131
0.05835977
0.048596818
0.055941157
0.06141596
0.054526802
0.04571227
0.041540135
0.045007106
0.046947043
0.056673504
0.05992296
0.06715648
0.061990026
0.06581148
0.8398288
0.15730284
0.15662865
0.28644025
0.9345021
0.9521823
0.9540967
0.94120985
0.26242125
0.1366147
0.09869392
0.7370573
0.08602557
0.08161446
0.15703537
0.90726095
0.926994
0.93637216
0.9336656
0.8860594
0.93885916
0.93278074
0.84021676
0.7973651
0.79452807
0.13131611
0.10607909
0.11674322
0.06761336
0.066493645
0.15638824
0.24505216
0.7425815
0.12178143
0.10672212
0.17971605
0.19872865
0.39499336
0.718413
0.69520116
0.20921496
0.14207767
0.116473965
0.13228025
0.5673548
0.7367544
0.8156283
0.8766086
0.8862959

