0.70593756
0.67589414
0.67051125
0.72693115
0.8031787
0.8747432
0.79139155
0.86933714
0.7355558
0.14592254
0.13672675
0.12888302
0.09310059
0.15188386
0.76786506
0.110857636
0.07107279
0.058831345
0.083631694
0.07588406
0.065980524
0.12347833
0.073205486
0.098150104
0.75749016
0.10341598
0.06875673
0.093898796
0.7859513
0.7888668
0.9104526
0.20449644
0.296794
0.14822154
0.78826064
0.11883902
0.12879947
0.09844076
0.051575925
0.045626003
0.04649431
0.04858374
0.05127114
0.051809337
0.07858998
0.12307548
0.8732069
0.10847699
0.08245275
0.10009663
0.84334964
0.14154904
0.09822818
0.13255504
0.8904208
0.09301035
0.053206623
0.053311627
0.078937724
0.8569423
0.075190805
0.044829004
0.04338565
0.0541061
0.89972854
0.92972517
0.94180036
0.95166606
0.07252491
0.048206
0.051482007
0.08271755
0.8428915
0.08024681
0.05038673
0.046566628
0.04934647
0.056253705
0.05475558
0.048984528
0.04571731
0.04546167
0.04478997
0.044192135
0.046207994
0.059795912
0.1814747
0.9508756
0.9542602
0.16846111
0.049349446
0.041745238
0.041457515
0.0455601
0.04752907
0.0459607
0.051593907
0.07382552
0.11212668
0.87765884
0.79381776
0.16259573
0.08744642
0.07113921
0.0795865
0.13766257
0.12812999
0.14392743
0.08190157
0.10080804
0.09341847
0.109170154
0.16532399
0.8245342
0.8188356
0.82426375
0.840741
0.9222295
0.93158996
0.89506084
0.9061694
0.938446
0.88931406
0.11646854
0.084420756
0.0628356
0.04657091
0.046018716
0.071302526
0.8085304
0.8039051
0.91075224
0.39254922
0.14707682
0.72799927
0.12288577
0.08247799
0.111630976
0.9209158
0.9410492
0.8853123
0.83971983
0.07975399
0.06800443
0.10395949
0.8706227
0.19134812
0.25482544
0.9157248
0.14933391
0.044583447
0.03528342
0.032658707
0.031708244
0.031792562
0.033352878
0.03947263
0.07252013
0.93723696
0.96013814
0.9615622
0.9555933
0.9523066
0.057386518
0.034380175
0.03040681
0.030903338
0.031160979
0.031722218
0.032327045
0.036770217
0.05651951
0.8613268
0.9262231
0.9036563
0.9185502
0.94615644
0.86067337
0.07613352
0.052634224
0.040384218
0.041695133
0.050487775
0.09014695
0.78388214
0.7150659
0.73127925
0.7432356
0.11662828
0.08018343
0.06282913
0.054554585
0.0679569
0.12640478
0.8847621
0.9317038
0.89972174
0.9372448
0.8304094
0.77649224
0.81236523
0.06462295
0.04565653
0.046632152
0.064169995
0.79202616
0.83689594
0.089524016
0.067460425
0.089546576
0.8903922
0.9165042
0.083132125
0.046313927
0.034841653
0.03196002
0.031872217
0.03462142
0.045088053
0.089965135
0.950321
0.965995
0.9665205
0.93356144
0.060180586
0.043095514
0.045963414
0.06624601
0.7792544
0.07665082
0.053286288
0.05803558
0.10033229
0.9026963
0.12726992
0.07290907
0.08744788
0.80594885
0.79667187
0.07703839
0.052903857
0.05610199
0.09880386
0.91609186
0.83588016
0.09928867
0.05411788
0.04853667
0.061583374
0.13078257
0.1551163
0.101424314
0.08880341
0.1034665
0.80050737
0.8068871
0.09719735
0.07142646
0.06945331
0.062190752
0.055923782
0.076239064
0.1361821
0.83838
0.25109908
0.6670883
0.20849097
0.6446327
0.29341793
0.20479581
0.32052845
0.35275438
0.20959502
0.6307359
0.6519315
0.09546495
0.064945325
0.06329007
0.13200563
0.92516583
0.93547976
0.26555657
0.0552038
0.04391798
0.05307927
0.1048772
0.8797807
0.1342452
0.109939925
0.89773834
0.90731233
0.9245631
0.93804175
0.9545344
0.9244353
0.9383605
0.05850786
0.03614189
0.035285372
0.035750404
0.033516154
0.03953437
0.06275257
0.8714797
0.91628397
0.23272902
0.07535447
0.07073941
0.069648124
0.7951452
0.8635978
0.94054407
0.95346665
0.9521715
0.95693225

