0.70939773
0.12169609
0.10674746
0.11741819
0.8891183
0.91787446
0.84661674
0.90166134
0.7735014
0.077085435
0.05576811
0.07202297
0.1698168
0.14441901
0.29861814
0.48757002
0.9039767
0.91575843
0.78257823
0.16807051
0.120272174
0.07944116
0.1446367
0.11917587
0.88226634
0.8097367
0.1053318
0.053214576
0.044451896
0.044482384
0.054326206
0.8997673
0.94973356
0.9574779
0.94715565
0.075169004
0.044468705
0.05153382
0.049195085
0.07813437
0.84630686
0.7186954
0.7248575
0.8390178
0.1464993
0.11143162
0.1601237
0.9026906
0.9157732
0.817288
0.08587361
0.07055306
0.09180223
0.8930387
0.9064103
0.8139088
0.8034399
0.079790466
0.045839824
0.047343392
0.046028033
0.03901875
0.037115067
0.049035918
0.056747492
0.8976711
0.9194069
0.959209
0.95355976
0.07789035
0.04611203
0.041104216
0.051900547
0.077819906
0.07461996
0.060884915
0.077139795
0.75733465
0.8088221
0.1681858
0.1120709
0.07426102
0.04383635
0.041144215
0.035390552
0.03721856
0.043155093
0.073002696
0.9009267
0.91501415
0.95891
0.9646877
0.9640724
0.956076
0.8794255
0.051482346
0.03452335
0.034248006
0.03612449
0.042305846
0.0411324
0.05067153
0.053466156
0.09516211
0.8252444
0.8334357
0.9370438
0.93867636
0.098436244
0.05382629
0.046254814
0.05332062
0.09150757
0.8194455
0.09625645
0.06375487
0.073051915
0.1322345
0.1172288
0.05843683
0.051432293
0.046359144
0.05130749
0.073738545
0.8460033
0.8195171
0.08080493
0.05106061
0.051054657
0.08135916
0.896532
0.8315687
0.858872
0.124107204
0.11162917
0.8177369
0.06649123
0.040032852
0.033998717
0.03474556
0.04465683
0.16565654
0.9559824
0.96307814
0.95554495
0.09729193
0.03939773
0.03308612
0.033322293
0.039084587
0.058341887
0.86253375
0.10580733
0.08170332
0.83379847
0.901035
0.95558393
0.9533585
0.88662016
0.0618132
0.044211894
0.046696443
0.06875458
0.8788041
0.92210037
0.07127462
0.04559337
0.044056356
0.061306596
0.1481982
0.91113526
0.18719822
0.1322476
0.14553952
0.11056103
0.11810667
0.7614887
0.07883703
0.049039453
0.044514406
0.056508806
0.12990287
0.916637
0.93082917
0.9457782
0.9455773
0.9229112
0.7462664
0.7152212
0.6427484
0.08852777
0.074408054
0.09642489
0.80019164
0.90509385
0.83726394
0.76727474
0.086113565
0.074467346
0.09558229
0.69202095
0.13640809
0.107028045
0.0975415
0.12766255
0.13560088
0.13619575
0.3091623
0.9462588
0.95159537
0.10097584
0.041068327
0.034352515
0.033420704
0.033410337
0.033045042
0.032848656
0.033970106
0.04194
0.09497494
0.9552808
0.96412235
0.9602056
0.08379181
0.03693191
0.031319357
0.02948103
0.028850285
0.02997896
0.03846272
0.054567162
0.93589234
0.95735854
0.9678968
0.96886414
0.9567413
0.05879931
0.03942434
0.03887676
0.03848801
0.041340597
0.041979898
0.044634912
0.0486829
0.050377343
0.04855192
0.04692545
0.045019828
0.043408595
0.0419207
0.040690485
0.0410517
0.048938442
0.08371069
0.8915823
0.93909204
0.88216776
0.09240986
0.054801926
0.059534725
0.081119455
0.14075726
0.15802664
0.12546185
0.053539857
0.053870298
0.06325225
0.84680194
0.91982955
0.8430508
0.92583644
0.06715269
0.03911142
0.03376842
0.032903153
0.034960628
0.047764406
0.07499676
0.89831775
0.4978575
0.8661279
0.8784523
0.9025996
0.9390561
0.9003335
0.9301694
0.8408585
0.8286212
0.33739308
0.89768857
0.068515815
0.0428667
0.03584964
0.036719702
0.039940264
0.045902867
0.0644533
0.79546094
0.78835
0.79676634
0.8997925
0.14800744
0.12608494
0.06422726
0.060619947
0.074580744
0.10073739
0.23796092
0.44936237
0.8701056
0.2947308
0.17775781
0.12447101
0.17470136
0.81205505
0.86417484

