0.7123407
0.6964069
0.69551516
0.7435772
0.80677056
0.8552224
0.78574395
0.81858927
0.67813504
0.57507557
0.58770186
0.64531696
0.6395698
0.17900185
0.10721599
0.09032658
0.09608869
0.10455807
0.69099265
0.18705836
0.12892406
0.27661452
0.092484325
0.09345131
0.087130174
0.68457276
0.60869765
0.18861628
0.15508193
0.7879666
0.89705634
0.8489247
0.9074797
0.7991818
0.77867633
0.075937025
0.051077105
0.07138894
0.07758037
0.074064896
0.069580086
0.1156887
0.87301505
0.8915666
0.9375012
0.2854986
0.08694973
0.12678704
0.12981354
0.120078094
0.6438013
0.65126944
0.6640012
0.70680517
0.84195745
0.7697601
0.76071924
0.7820278
0.09035534
0.057617415
0.05832062
0.09605387
0.78598875
0.7505255
0.78055274
0.79150796
0.7956466
0.80881196
0.8683707
0.93981856
0.94412243
0.14229104
0.04479271
0.03570733
0.035465848
0.03896
0.046710864
0.06458178
0.7736471
0.7611069
0.20350249
0.24781968
0.31895798
0.8544483
0.8664822
0.8640813
0.84130347
0.22232838
0.19073926
0.36157623
0.9061352
0.90756786
0.092254356
0.076647066
0.101669304
0.92176145
0.94351786
0.93843716
0.08236789
0.04638465
0.04775329
0.0613883
0.07295573
0.092835054
0.7394193
0.7701673
0.13537008
0.08775924
0.08822098
0.1447151
0.09659361
0.058596283
0.06121195
0.084168054
0.0775684
0.08627729
0.10992949
0.8310453
0.8257407
0.83765066
0.85032654
0.92851526
0.93627214
0.8979234
0.8930673
0.8926163
0.8872397
0.23097198
0.115564995
0.07844866
0.051090624
0.04696689
0.0646356
0.7924725
0.82697064
0.9347355
0.26618466
0.053834666
0.042064108
0.044336792
0.047431074
0.078539945
0.9401128
0.95350695
0.91080445
0.8787313
0.06043481
0.04008508
0.03856108
0.0436293
0.058830526
0.14292072
0.9247024
0.14449021
0.06305448
0.04496711
0.037753627
0.035196386
0.039444253
0.042561177
0.04296219
0.06839331
0.92822427
0.95553976
0.95616055
0.9536301
0.9582845
0.14582412
0.03980101
0.032777064
0.032325115
0.03134812
0.031580504
0.038371254
0.04543434
0.08224673
0.8746466
0.93145525
0.94690555
0.91983587
0.9408927
0.839219
0.7989749
0.08693526
0.065281555
0.045513272
0.04680422
0.052036114
0.06714332
0.069793105
0.07896626
0.7660135
0.80224836
0.81535554
0.8053133
0.7373882
0.23571181
0.21577108
0.3506614
0.76085275
0.8924127
0.86052316
0.90344965
0.7963302
0.7104962
0.10010792
0.063814506
0.06097847
0.07165266
0.11529976
0.5751964
0.64324164
0.67441523
0.14414658
0.19287169
0.098078504
0.09847051
0.15927547
0.8510275
0.16464213
0.13711418
0.7594885
0.89965993
0.19239779
0.109882966
0.07092841
0.08453436
0.05973428
0.073124446
0.06378836
0.08437673
0.9064008
0.85225433
0.2029548
0.067508586
0.061161596
0.08402015
0.8631904
0.91256106
0.44950107
0.2901043
0.18761715
0.11900617
0.74495
0.696888
0.69152784
0.6972039
0.75176585
0.90603405
0.11724849
0.07499885
0.101807445
0.86156917
0.11653706
0.055158403
0.051711306
0.07196759
0.9141721
0.902657
0.9076009
0.06696124
0.041077945
0.036147285
0.039187007
0.0521825
0.9137479
0.9341971
0.9142854
0.8920408
0.081725076
0.06652479
0.093458064
0.86144334
0.11580707
0.09991032
0.8456587
0.8823105
0.90556294
0.10624317
0.057009414
0.06488576
0.079432204
0.81902677
0.10591495
0.06775402
0.09123884
0.89083725
0.9359529
0.94694203
0.8994011
0.8583467
0.83818674
0.073367305
0.060548503
0.07800867
0.17194134
0.93601525
0.9418675
0.18888384
0.05784689
0.056869905
0.0896342
0.81608075
0.7920884
0.09267737
0.07280373
0.07203541
0.059065614
0.08447801
0.115321256
0.19936253
0.16427705
0.8271531
0.21681397
0.23030947
0.8345002
0.30054793
0.11510583
0.098316915
0.11391295
0.16225892
0.8708606
0.88143677
0.73354155
0.63850224
0.5963575
0.654192
0.77587044
0.9124743
0.9378455
0.9388824
0.9446766

