0.9150911
0.92083603
0.9229894
0.31634915
0.097854495
0.12239292
0.15716638
0.17650008
0.80522335
0.91061056
0.83500206
0.8232849
0.9229747
0.110876694
0.04743553
0.03746757
0.038683806
0.05054359
0.08374222
0.88855624
0.1462462
0.13893318
0.8215264
0.07799541
0.051776804
0.054487552
0.08382194
0.82964796
0.23018084
0.83215994
0.10590979
0.076421365
0.17487177
0.9244698
0.9275246
0.92119765
0.11252682
0.08630691
0.20291908
0.8930401
0.27713683
0.83419085
0.12603213
0.067934565
0.05417478
0.067757435
0.72747695
0.17914307
0.16622731
0.85941595
0.8112469
0.82501376
0.83063376
0.8377651
0.8738788
0.79105794
0.738241
0.75226724
0.80886376
0.9009788
0.91369694
0.8751555
0.87918764
0.9245206
0.8798389
0.93028986
0.16602686
0.07248167
0.05504632
0.06806187
0.8129612
0.075517364
0.04617267
0.046741113
0.07232515
0.9401794
0.9528598
0.9604651
0.12266803
0.041354783
0.03438954
0.035359785
0.03701504
0.04149543
0.05736119
0.12979966
0.911002
0.102407835
0.06604838
0.046273295
0.045065675
0.05461769
0.14805074
0.8979712
0.844547
0.9229141
0.8705569
0.8349175
0.80451804
0.7805768
0.7843672
0.08028285
0.049109995
0.043231532
0.062308952
0.05168848
0.04435253
0.04470432
0.049449347
0.063579075
0.84354806
0.8534171
0.2510945
0.12602445
0.23725648
0.9143292
0.9339552
0.93731874
0.90224
0.93081635
0.8911138
0.89415777
0.9274416
0.18785293
0.076522276
0.1041532
0.79260975
0.8307456
0.124121495
0.11698576
0.1008166
0.07338961
0.12865658
0.7701211
0.82135475
0.86468476
0.91394347
0.874839
0.8717641
0.9187111
0.8793751
0.84769785
0.80127084
0.77176386
0.10882953
0.067283385
0.062389005
0.08514002
0.7432537
0.7935126
0.1667408
0.09153913
0.08354666
0.08639407
0.10198296
0.76599306
0.09213532
0.055187944
0.06421607
0.05159566
0.044502817
0.04942419
0.0517775
0.09934262
0.92429864
0.8959973
0.8911165
0.8695903
0.8567396
0.9073267
0.08912413
0.065426275
0.11273479
0.31044862
0.9183008
0.91040814
0.91162664
0.9143481
0.91158473
0.8863694
0.8854458
0.06805916
0.04586213
0.045128666
0.059117068
0.8985232
0.86195076
0.87704176
0.939361
0.87237847
0.06032379
0.04133421
0.039914105
0.04716696
0.09029511
0.84283876
0.8267215
0.07930247
0.058228202
0.062411934
0.092334874
0.1053043
0.13449019
0.18979608
0.93071365
0.91978633
0.9164057
0.07479678
0.048815154
0.04835868
0.057889815
0.07869785
0.0653469
0.051133275
0.051876273
0.057230502
0.07862081
0.7537365
0.12725712
0.18139991
0.16197589
0.10317083
0.19286807
0.76930594
0.8010762
0.8245783
0.8439446
0.8823369
0.7931246
0.7475714
0.80194986
0.90743643
0.93092006
0.93227214
0.9189162
0.18211235
0.110392004
0.084039845
0.055615317
0.06476392
0.084005445
0.07733905
0.73404914
0.81083876
0.9347363
0.9514231
0.9476221
0.87019795
0.14392246
0.04582674
0.041078735
0.03621806
0.040969238
0.03921402
0.04438644
0.06806164
0.85353744
0.8425075
0.10043247
0.084780626
0.071800165
0.060888376
0.10483942
0.91232723
0.88848484
0.9004456
0.9135194
0.93198615
0.9030757
0.89816505
0.9049418
0.9321653
0.9179841
0.9303189
0.91214025
0.11313427
0.10567362
0.07411815
0.30215666
0.9128598
0.93176615
0.9345339
0.90307516
0.8856428
0.89391357
0.2532315
0.36019197
0.87168795
0.92515194
0.9066121
0.88144135
0.8572079
0.18843405
0.12027581
0.87465245
0.8947873
0.91434145
0.9275755
0.9216008
0.9439124
0.06941954
0.038393218
0.03453157
0.03935063
0.047771476
0.046088662
0.04924035
0.057044957
0.08069459
0.84552497
0.86302435
0.13957024
0.06244394
0.05807455
0.061075613
0.06335168
0.08508485
0.06765336
0.078672275
0.09514869
0.10946752
0.13954286
0.087800294
0.12008432
0.10634037
0.23742288
0.90787697
0.85896885
0.92083603
0.79163396
0.34527463
0.14274344
0.1011854
0.10029626
0.14215341
0.8546181
0.92520356

