0.8305209
0.890989
0.85165143
0.83002216
0.908874
0.91407084
0.11093134
0.080334224
0.06431312
0.10434872
0.15363716
0.089796
0.085163094
0.67849207
0.6375434
0.6842747
0.82373875
0.66762275
0.12426044
0.09962974
0.16309755
0.73365664
0.8767563
0.8859404
0.8027689
0.840325
0.25789943
0.29541078
0.1904107
0.15032558
0.1455084
0.8341151
0.8564615
0.21261995
0.1827697
0.13825338
0.6926897
0.84363407
0.7597914
0.08736045
0.07068876
0.07614903
0.09788176
0.8976026
0.9114199
0.11837989
0.07458632
0.0872145
0.09162179
0.82185715
0.81759626
0.8276088
0.8571047
0.079473145
0.054800052
0.04293892
0.044939328
0.053213414
0.09303673
0.14708665
0.08315986
0.08928542
0.06828593
0.0818439
0.7793479
0.09702111
0.06917311
0.087758526
0.8093698
0.12659803
0.06529746
0.072386354
0.7626696
0.11716614
0.12779479
0.89321554
0.93409455
0.9314831
0.93108857
0.9408319
0.26265082
0.1259652
0.7266512
0.07967635
0.06943982
0.11344035
0.8573446
0.09184252
0.07562851
0.09342665
0.883792
0.90114915
0.8433003
0.78665197
0.725792
0.6723104
0.63041204
0.649276
0.7050747
0.77433765
0.82304895
0.8439183
0.9221765
0.07973979
0.044390887
0.036436774
0.03791718
0.043682106
0.07357932
0.9319384
0.9386638
0.18016288
0.10315241
0.09041971
0.8065386
0.06471905
0.039519507
0.034854624
0.038966723
0.055693686
0.9353443
0.9610647
0.9644207
0.95160353
0.05951603
0.0383199
0.0349497
0.03985701
0.060178507
0.87142855
0.14654037
0.15378097
0.33104002
0.9385052
0.9188805
0.9403435
0.061130285
0.03774745
0.033757836
0.03525893
0.056597177
0.12137032
0.9460989
0.951185
0.90648407
0.13871735
0.054274835
0.043422848
0.045645762
0.038088385
0.037855174
0.035747584
0.035395052
0.037180502
0.0402972
0.054325167
0.93726647
0.95513755
0.96690804
0.93156785
0.056898195
0.036553137
0.03480093
0.03612382
0.035291947
0.036508724
0.03827366
0.042070054
0.056800745
0.07415761
0.094014436
0.92581755
0.9615577
0.964052
0.9521794
0.0757327
0.048222337
0.041892093
0.039520424
0.04611275
0.054549564
0.08112509
0.7468062
0.09356106
0.061639074
0.08381127
0.12813438
0.9070766
0.8979948
0.76525617
0.19598378
0.27217928
0.26258835
0.73719484
0.8529409
0.13419029
0.07665364
0.087676086
0.10737304
0.13996527
0.5736361
0.72984576
0.71962756
0.0894141
0.0756788
0.07245669
0.10977729
0.07154978
0.06275411
0.06472955
0.046608105
0.050902784
0.09253533
0.936977
0.9106957
0.074102335
0.042586766
0.035168365
0.032511942
0.03183897
0.032263663
0.03557397
0.047787044
0.91984737
0.9416668
0.9647149
0.96569943
0.9476318
0.8924687
0.8803577
0.052359927
0.035463482
0.0345365
0.039036367
0.040578775
0.042992
0.047385734
0.047346544
0.045207053
0.044894937
0.046664093
0.058676694
0.10776185
0.8324837
0.8606979
0.16895539
0.07843043
0.059641395
0.0958279
0.10756182
0.80919415
0.92495507
0.09604122
0.049302477
0.043967493
0.047458325
0.064742975
0.7207441
0.10833439
0.10898312
0.8035078
0.36429593
0.86475235
0.92105776
0.844476
0.80186796
0.8253211
0.26742488
0.8509076
0.1017195
0.04423749
0.036330186
0.035623077
0.037540678
0.045121655
0.07305497
0.8985419
0.80860496
0.90482676
0.10208237
0.07449741
0.08586897
0.7678866
0.8866468
0.11630194
0.094686426
0.10713136
0.8988152
0.8801039
0.937321
0.8647104
0.90861845
0.0976121
0.08523307
0.121191375
0.8667123
0.75297105
0.09199891
0.07867004
0.13895065
0.8728025
0.08676336
0.06263866
0.05437997
0.0690887
0.8617977
0.9248551
0.82861507
0.8129421
0.09056224
0.07110681
0.10233883
0.10354396
0.71444803
0.6994278
0.85384285
0.7681121
0.096145235
0.114354014
0.073126085
0.086177155
0.17610824
0.907781
0.8299943
0.85682255
0.94054985
0.93814445
0.2445116
0.19666159
0.087507926
0.06216533
0.043863505
0.03827903
0.03863561
0.046320107
0.091503285
0.9306856
0.9525619
0.94254565

