0.7359138
0.15191697
0.10019286
0.09489926
0.116649136
0.122650936
0.41252735
0.54193276
0.69226485
0.87710506
0.8853618
0.6939929
0.120468944
0.07550982
0.08651911
0.12145812
0.1900619
0.19084206
0.24185276
0.17159475
0.8698132
0.8856586
0.33468038
0.19403498
0.7590345
0.89722645
0.81093353
0.0861389
0.08266662
0.074227765
0.05911477
0.06779298
0.07875194
0.04776591
0.044334374
0.04108093
0.040593073
0.04493523
0.0625208
0.8683201
0.9319731
0.19963013
0.12913947
0.10223149
0.8119819
0.068946436
0.04556376
0.046040654
0.063811995
0.1311835
0.94006866
0.9597829
0.96245086
0.9533803
0.09581171
0.04495886
0.047369335
0.057870477
0.08002911
0.8805351
0.1640482
0.15567107
0.30454713
0.92038006
0.83050054
0.06168838
0.040042102
0.035541732
0.040818606
0.059561342
0.9091911
0.87094766
0.93496513
0.84739774
0.8141724
0.06802692
0.047625218
0.048639342
0.07761499
0.9107992
0.9348923
0.08403445
0.045434557
0.036555707
0.039860383
0.052977644
0.92509764
0.9463282
0.96140194
0.91594607
0.05646099
0.038033992
0.03512765
0.040844787
0.062491197
0.8665722
0.8687946
0.1027599
0.052409705
0.056007277
0.06323296
0.8904376
0.942812
0.94855237
0.9286954
0.14057142
0.12816988
0.822286
0.8801026
0.92972106
0.06824685
0.043251473
0.04156449
0.056115434
0.10194539
0.102821484
0.1613244
0.180984
0.16918832
0.897366
0.78928524
0.14223523
0.14805031
0.09942731
0.12870437
0.23048475
0.13327987
0.091007575
0.06700814
0.0856366
0.110949814
0.091393515
0.07322087
0.102012515
0.18903333
0.10086906
0.082802296
0.09161408
0.056313332
0.05821937
0.08313557
0.842911
0.8989002
0.08161678
0.045451626
0.036769174
0.033476625
0.032139465
0.03179988
0.035989802
0.049172606
0.92012423
0.9392489
0.9641628
0.9653944
0.9479677
0.90099746
0.8955997
0.053533718
0.036670703
0.03368575
0.038134567
0.040151544
0.043031532
0.049723938
0.052430466
0.048911743
0.0524689
0.050081592
0.067133084
0.11530041
0.8157096
0.8291792
0.1973635
0.11828818
0.122788645
0.10157358
0.2026858
0.8108144
0.9258244
0.099771805
0.049040154
0.039891902
0.036363345
0.03445095
0.034732606
0.03908596
0.059207838
0.8911872
0.9328455
0.9051619
0.9381058
0.85978794
0.06764501
0.048863873
0.053909365
0.09255412
0.8998221
0.82012093
0.81149477
0.08005561
0.054467384
0.058328297
0.086469375
0.8837567
0.8004477
0.90890735
0.09703068
0.069363534
0.054055385
0.05884953
0.10033553
0.87285894
0.10263724
0.08359883
0.10191163
0.91472256
0.9098915
0.95401955
0.91697896
0.9407697
0.06283495
0.039040662
0.035770983
0.04337869
0.040481344
0.047599293
0.09818363
0.12749319
0.8850678
0.113415994
0.091969565
0.06679503
0.0808606
0.84476143
0.9176289
0.8313726
0.7990689
0.090695426
0.07040986
0.095443554
0.10101423
0.69431925
0.6761421
0.8486884
0.19667001
0.14824045
0.8133041
0.12225679
0.09420545
0.101951145
0.82512933
0.16249923
0.15567574
0.9033227
0.93723005
0.89386535
0.9366863
0.10565621
0.046586026
0.03780816
0.042318262
0.07709366
0.9322142
0.9520814
0.9494734
0.08818501
0.04057568
0.034602515
0.03916425
0.052854076
0.9281208
0.9512619
0.9642372
0.9517995
0.06139283
0.04048958
0.038653485
0.048282817
0.09284202
0.91280407
0.08898344
0.04826425
0.042796146
0.043375306
0.045354478
0.054682843
0.09386362
0.8904481
0.12589177
0.076592594
0.08680616
0.7092818
0.11530747
0.10455812
0.7627226
0.73873633
0.08301392
0.05386474
0.06849031
0.070955046
0.8524096
0.92861885
0.9305941
0.8528098
0.23457742
0.11760701
0.72741014
0.06910162
0.04526928
0.04560189
0.06029849
0.91277105
0.9470964
0.9041851
0.06943248
0.046093356
0.046298098
0.06347294
0.75837994
0.17624669
0.29671064
0.930926
0.9418437
0.9246453
0.09138585
0.078486405
0.071452014
0.07544423
0.74960536
0.79523593
0.8259196
0.85812837
0.91899467
0.8807646
0.9123111
0.83150923
0.8490813
0.7211573
0.7123102
0.8593033
0.8916516
0.84017533
0.92162067
0.93290704
0.9040705
0.17499988
0.21903588
0.10034683
0.11732355
0.28281295

