0.7157951
0.7012706
0.70132965
0.74984294
0.8122308
0.8602129
0.7932757
0.8275662
0.69248754
0.603872
0.6242333
0.6876654
0.6992179
0.16865188
0.09558528
0.0736264
0.067369066
0.053219564
0.055463456
0.083743975
0.107498124
0.87655056
0.7699689
0.78407836
0.74481905
0.101310134
0.062211197
0.07288695
0.094421215
0.20395684
0.3663031
0.17186964
0.3432712
0.16868697
0.69600356
0.18971622
0.22155432
0.11851486
0.06099872
0.065371506
0.106535606
0.13958348
0.80632037
0.8358264
0.9354562
0.93528616
0.8378515
0.07188137
0.055717375
0.039892606
0.041529864
0.04831958
0.06702084
0.12004471
0.8975758
0.27814606
0.27478835
0.33447447
0.88412404
0.9295037
0.90685046
0.8997035
0.8904642
0.8789063
0.87187696
0.8545961
0.12923756
0.13316567
0.29085952
0.91307193
0.22731005
0.09971407
0.070952415
0.054363612
0.047341477
0.057017025
0.1017998
0.92680657
0.87127644
0.94378626
0.13045572
0.060048733
0.041271582
0.043561164
0.058717113
0.82141685
0.87042755
0.08225396
0.047265977
0.045522325
0.05441643
0.9149868
0.94466543
0.96130544
0.95069516
0.06766931
0.04471384
0.04615604
0.06941724
0.79624325
0.06880312
0.043070614
0.041222535
0.05853453
0.14067686
0.9069684
0.8483738
0.8467745
0.85246503
0.85757875
0.88025314
0.91647786
0.9522115
0.9565772
0.95110047
0.86726636
0.057336614
0.038729902
0.033627965
0.04057796
0.059435755
0.052786555
0.046806913
0.054656167
0.08170357
0.1412858
0.8996868
0.18055357
0.080315046
0.059948426
0.052759208
0.053954598
0.062671594
0.12710777
0.8913239
0.19179402
0.2358327
0.16405502
0.78358555
0.07547335
0.049876813
0.043468047
0.04675636
0.06908765
0.92619365
0.9369243
0.1521531
0.07043283
0.06507787
0.054047756
0.06906333
0.17033413
0.93690217
0.9161932
0.9099657
0.09760686
0.06327343
0.075483486
0.907529
0.9350186
0.9197589
0.89733577
0.913335
0.09575013
0.07453983
0.17751594
0.9169394
0.91435987
0.9120327
0.89295065
0.88992167
0.070235774
0.048306514
0.04047855
0.04894559
0.09557388
0.21914351
0.9338626
0.8554177
0.07265897
0.05134921
0.070237264
0.09418134
0.10224403
0.82746804
0.84830385
0.25942868
0.10474743
0.06573804
0.09912243
0.06997875
0.068497606
0.11812506
0.7362237
0.12744297
0.094658844
0.1778639
0.7696174
0.7533335
0.18176761
0.22793464
0.2367604
0.86794555
0.924255
0.83710146
0.11671812
0.1083219
0.10854646
0.717156
0.71198756
0.15547098
0.111698754
0.110884525
0.59367126
0.6707466
0.71791065
0.72476524
0.714823
0.72319055
0.77882737
0.8780149
0.85516065
0.9044361
0.869068
0.9037207
0.80240965
0.7107573
0.09562971
0.061367895
0.0591223
0.069552585
0.11178403
0.57419026
0.6365723
0.6647714
0.15502523
0.2151436
0.10604982
0.10573925
0.16998972
0.8392956
0.17284302
0.1426762
0.72091764
0.8789261
0.22842622
0.14668204
0.10189637
0.15381655
0.15983313
0.091186605
0.060371835
0.059055265
0.083682835
0.76704687
0.733327
0.09960096
0.07758247
0.10594553
0.8539721
0.9211672
0.9386784
0.92930514
0.27143434
0.14662609
0.7132771
0.70095885
0.20765947
0.76841074
0.8102195
0.9327635
0.09402878
0.049748383
0.0390772
0.038099114
0.03734865
0.03782248
0.038427588
0.039617166
0.045000672
0.062766194
0.87916154
0.9007119
0.08488515
0.047588356
0.047028024
0.09117234
0.92656285
0.94285
0.9576403
0.96318144
0.9484872
0.9247082
0.066967756
0.045433953
0.051152334
0.09357524
0.8686998
0.070143476
0.044390775
0.040790875
0.03876185
0.038323876
0.036734395
0.036241278
0.037141047
0.041628346
0.0646639
0.89845604
0.9358041
0.92516273
0.28359702
0.78112626
0.7813543
0.13650513
0.15013671
0.86456305
0.90367675
0.94805866
0.9425126
0.19215538
0.07337915
0.0883993
0.8108962
0.8600349
0.139625
0.051575653
0.046408124
0.07342308
0.07243994
0.08137984
0.09607451
0.14831732
0.13531035
0.8466223
0.19384092
0.20546225
0.8542833
0.2627675
0.09713857
0.08346152
0.09902894
0.13951561
0.8839721
0.89034706
0.7490171
0.65678596
0.6118151
0.6662869
0.78296816
0.91460687
0.9388414
0.93973136
0.9453096

