0.6621025
0.6388411
0.6999328
0.836347
0.8152114
0.808934
0.8569093
0.61710614
0.17937937
0.17954628
0.18228693
0.18315394
0.16033041
0.5422922
0.19062322
0.13786651
0.14011714
0.2468691
0.12443028
0.13086222
0.6324579
0.6498663
0.20623936
0.29878074
0.15313952
0.18938771
0.16426866
0.17896596
0.15900984
0.88993543
0.9058876
0.82101274
0.117508456
0.061682086
0.048514064
0.047898732
0.08362488
0.090952285
0.18651496
0.924352
0.34225297
0.06886303
0.056718037
0.09200599
0.0723267
0.109643124
0.1319441
0.123479456
0.7965317
0.12174271
0.1315997
0.17037848
0.926051
0.1910705
0.05187667
0.04389448
0.042264134
0.043614157
0.042622387
0.042074163
0.04123177
0.040616352
0.04131161
0.04629946
0.063658535
0.8402706
0.07678736
0.051956624
0.08605159
0.15673034
0.9209512
0.9400829
0.9492313
0.9521714
0.953486
0.95068246
0.95860374
0.9537347
0.89815676
0.047200818
0.031363387
0.027570218
0.028541574
0.02954699
0.030172737
0.03152452
0.037340365
0.055126183
0.89644647
0.9003785
0.1528969
0.12834257
0.8353191
0.87503374
0.9025125
0.92750025
0.83728117
0.13015868
0.12017367
0.8863401
0.93565327
0.94247264
0.9588175
0.95584965
0.9205248
0.07448208
0.0359221
0.031200418
0.033281907
0.036357272
0.039567307
0.04361906
0.047516476
0.06486513
0.103473164
0.7436423
0.11900226
0.11573995
0.1310325
0.13422085
0.85459864
0.7568355
0.75609016
0.13397749
0.0831413
0.09761316
0.07134669
0.09059482
0.076023564
0.1563974
0.7257635
0.76794034
0.82490426
0.9316179
0.9388903
0.8514018
0.92886966
0.11541694
0.04984321
0.039093252
0.040301625
0.0655859
0.074849695
0.047428638
0.046550322
0.073879614
0.11120266
0.8765014
0.9145483
0.0902705
0.05844749
0.08592892
0.19138454
0.9339594
0.9442656
0.93817097
0.16443452
0.08940562
0.081178196
0.8651164
0.89599866
0.8921292
0.87934875
0.081261344
0.06808639
0.07559497
0.872572
0.92790926
0.90690553
0.15358786
0.0797969
0.058032516
0.07127291
0.71436596
0.74631846
0.11850534
0.087802105
0.06973509
0.08816531
0.87862563
0.893711
0.85893095
0.87328625
0.9226802
0.91582
0.8476447
0.8717425
0.77250594
0.77433753
0.8901815
0.9064299
0.8560172
0.8799836
0.7099432
0.6096505
0.1807823
0.091690995
0.080721974
0.053558152
0.056075163
0.11427613
0.122910686
0.86289155
0.7635229
0.76693213
0.84546053
0.7568651
0.7954392
0.92302155
0.9389673
0.9346443
0.12085339
0.057899762
0.039067056
0.03659126
0.04382391
0.09343859
0.9230527
0.8786496
0.11660904
0.073196836
0.04230034
0.04414058
0.06832557
0.9356411
0.9499547
0.8982692
0.94373655
0.061623327
0.035982866
0.031879283
0.03168614
0.029805617
0.029799577
0.031453792
0.03773325
0.06695647
0.93381035
0.95019853
0.96555704
0.96196723
0.93390536
0.13136223
0.12299486
0.8457692
0.061015572
0.038595892
0.034831263
0.034459043
0.036401562
0.042990353
0.06584678
0.864267
0.91109514
0.08097187
0.04696293
0.04529391
0.07005798
0.17892846
0.913272
0.92189354
0.92352086
0.85841215
0.8507811
0.91665053
0.9276311
0.9225087
0.8663921
0.91525036
0.84453183
0.81093097
0.82555556
0.059940096
0.04286033
0.035124674
0.03575622
0.043472726
0.06978094
0.90017873
0.27269274
0.18513745
0.8931748
0.083514586
0.043550562
0.038610905
0.04732648
0.121401295
0.9424816
0.95483136
0.95368546
0.94307256
0.070548125
0.044216268
0.038996924
0.045988195
0.07980765
0.8343391
0.1387564
0.1696795
0.8896533
0.107185334
0.08693549
0.2021449
0.9169111
0.077778846
0.045845784
0.040505785
0.039240282
0.038792405
0.038904622
0.0420961
0.070820734
0.10609085
0.9354343
0.9326571
0.86132544
0.07955116
0.063820824
0.059382405
0.07048777
0.1162045
0.08865269
0.15981776
0.7319378
0.13878545
0.1263725
0.7269349
0.19152652
0.21318613
0.08300841
0.048860937
0.03889978
0.03626968
0.035946645
0.042709544
0.100615025
0.9254812
0.93359816
0.91683793
0.9501204
0.9516691
0.94939667
0.90772605
0.94042
0.8525119
0.054096345
0.03707728
0.036340956
0.05419806
0.061093044
0.05976275
0.12296471
0.13937172
0.22997144
0.7514398
0.11584697
0.07684425
0.07392515
0.08329328
0.09506046
0.10958037
0.77949893
0.9278093
0.93842036
0.11569788
0.08705867
0.06428739
0.075216964
0.048829887
0.04392769
0.046185147
0.063085206
0.07188613
0.76422787
0.09580107
0.103553854
0.14406471
0.8853796
0.9247647
0.937968
0.912993
0.9315932
0.88694316
0.9185628
0.86913717
0.8784819
0.92513216
0.9109252
0.41934535
0.23521212
0.1680038
0.837464
0.824721
0.85067326
0.92576504
0.89207876
0.936618
0.8589123
0.060146447
0.037019152
0.032583058
0.0328582
0.039444853
0.05530076
0.8486772
0.84577143
0.10197031
0.07672795
0.25465187
0.9251472
0.9121591
0.8903344
0.8506108
0.82153255
0.12773915
0.0995621
0.8596134
0.9273461
0.94344795
0.9412274
0.95289767
0.946043
0.8698058
0.05069974
0.03514708
0.032957282
0.038171127
0.056433745
0.92982996
0.94558436
0.878183
0.85682356
0.060958475
0.040235355
0.034838725
0.036231965
0.05438507
0.13721393
0.9092104
0.94758725
0.9355255
0.09221642
0.07721527
0.06492845
0.044991862
0.045823652
0.067897506
0.07442932
0.21659984
0.8541469
0.3241085
0.7530106
0.8860433
0.865191
0.29640132
0.41732672
0.40407526
0.28814062
0.7889453
0.2507241
0.14707495
0.10228925
0.086562306
0.10620219
0.37814447
0.90212387
0.91669667
0.89580643
0.7247395
0.12591141
0.11879809
0.66022813
0.73213667
0.09591961
0.08375751
0.087804325
0.05405778
0.061926782
0.8483823
0.93637633
0.91734236
0.95480746
0.947576
0.06447182
0.03704546
0.032821726
0.035829313
0.036362622
0.03704364
0.038613655
0.038852006
0.040299565
0.04491144
0.061577503
0.8241138
0.078350455
0.054981798
0.06661749
0.92394793
0.9354532
0.9517645
0.95958656
0.9610103
0.9426234
0.070715845
0.054925483
0.075164236
0.78191733
0.06633722
0.0464962
0.045270566
0.05217691
0.08313353
0.81916463
0.08264585
0.049285192
0.04073913
0.037584677
0.041215207
0.06709044
0.8725299
0.93506724
0.9060084
0.89705056
0.928338
0.08269143
0.059514042
0.071202554
0.104273506
0.098576345
0.68946165
0.6564695
0.1696255
0.15985873
0.8857337
0.9045669
0.7959773
0.19637582
0.094632156
0.09758723
0.11126971
0.74616563
0.36341077
0.3722914
0.8418084
0.9305361
0.9418748
0.9244934
0.35925254
0.29788244
0.758762
0.28353998
0.18745752
0.09722324
0.14357635
0.74929583
0.09254313
0.095528245
0.06546603
0.076498896
0.7446535
0.18006268
0.11218478
0.74907583
0.16507658
0.10045181
0.18901114
0.92133856
0.94230145
0.9470132
0.8931313
0.890871
0.93422157
0.20912084
0.080729894
0.12088182
0.8013896
0.068165235
0.04642094
0.03815466
0.037881218
0.046961866
0.065072946
0.77995324
0.8122549
0.9160854
0.86678016
0.9383521
0.9368757
0.80756
0.07851024
0.0598081
0.0737905
0.7378222
0.0720712
0.04976251
0.04854176
0.0659895
0.117668614
0.8644406
0.0811278
0.045611817
0.037490908
0.03637082
0.042637166
0.075607285
0.94841135
0.9617418
0.9398029
0.062653266
0.040454015
0.03842869
0.041636836
0.05123462
0.08738715
0.8433342
0.096908174
0.05638279
0.050031334
0.055308197
0.09090265
0.8402029
0.842234
0.084022164
0.049590245
0.044252258
0.042536367
0.042946115
0.0497066
0.070361845
0.79620296
0.14368935
0.14095046
0.8177297
0.39892232
0.8580608
0.92864436
0.8933333
0.9322898
0.80921537
0.3324937
0.75906014
0.34051403
0.32242593
0.7669215
0.1001287
0.111750364
0.07707708
0.086058386
0.7211469
0.15207672
0.10165981
0.12052694
0.083716646
0.116498165
0.0961392
0.10911175
0.8968029
0.92442584
0.93798584
0.9186697
0.74277365
0.6519062
0.5696032
0.5062801
0.18265824
0.136727
0.1444126
0.26067483
0.871897
0.8946844
0.88246906
0.10650802
0.06643729
0.057991438
0.07629092
0.8935169
0.9124744
0.87490195
0.9294778
0.92622995
0.8665354
0.9290712
0.9286367
0.86365825
0.921623
0.8964173
0.10060827
0.06734432
0.067481086
0.10732529
0.90643126
0.9118239
0.42310613
0.10231435
0.10700041
0.09351803
0.10833777
0.1091683
0.2781276
0.6952028
0.7880661
0.89506257
0.8671112
0.4398588
0.50216186
0.6125229
0.84508467
0.25961015
0.13119455
0.16214341
0.1872329
0.71482813
0.10535503
0.06438879
0.049026996
0.04947694
0.047521204
0.04713902
0.04134346
0.0381818
0.03621445
0.0364731
0.043915547
0.06554173
0.9465425
0.96504873
0.96268433
0.10592675
0.05780762
0.04169562
0.037289254
0.036198787
0.03615928
0.036109757
0.035245992
0.03486225
0.03628782
0.045551796
0.1237296
0.9418721
0.9507189
0.9501609
0.2870672
0.06784041
0.06839254
0.11840364
0.8942629
0.075580254
0.043570533
0.037393827
0.04142227
0.057886057
0.9189618
0.8942688
0.90586424
0.26084
0.14335361
0.08108366
0.05589915
0.06408732
0.9033059
0.90820456
0.9351041
0.9167181
0.9324109
0.9234978
0.87487304
0.8707269
0.8819405
0.92441565
0.9295412
0.9167526
0.94369566
0.9381751
0.94964033
0.93465716
0.059262145
0.03834899
0.037947115
0.048846498
0.08426091
0.8194802
0.07979271
0.051483236
0.047842022
0.055437855
0.055291746
0.062208008
0.04910463
0.048635617
0.048890766
0.046768922
0.045704633
0.047162924
0.041843954
0.048507445
0.10350195
0.8585278
0.9169077
0.9268617
0.8692313
0.94277537
0.94022894
0.9252799
0.066977814
0.040358752
0.036869384
0.05849871
0.07068908
0.06571809
0.8997379
0.9471321
0.9605474
0.9578957
0.8874266
0.10997123
0.0646356
0.048453167
0.03983118
0.04335085
0.060680542
0.81473345
0.8852062
0.7775972
0.7560157
0.8241115
0.6841061
0.6971779
0.8619898
0.88872015
0.72459376
0.16454697
0.20043157
0.15357518
0.07478372
0.049042158
0.070906945
0.07635229
0.9146448
0.90271616
0.9451177
0.9404152
0.8704805
0.88932776
0.94508004
0.9359476
0.066715784
0.04804813
0.045478497
0.07191243
0.072365046
0.08849711
0.12110082
0.07059058
0.1309508
0.16434932
0.17138916
0.15226205
0.92253613
0.9209868

