0.7438433
0.7329101
0.77585983
0.8773909
0.82808673
0.88925534
0.15042357
0.1490413
0.09136606
0.16467476
0.76771814
0.20139202
0.7291134
0.087848574
0.05544634
0.06257595
0.08314851
0.80460507
0.17241281
0.09739032
0.09360263
0.8451004
0.84708846
0.88982445
0.9008798
0.874503
0.06453028
0.04247899
0.040263355
0.042547993
0.05343726
0.05827535
0.08375718
0.7453745
0.20141874
0.76021296
0.1588619
0.09629989
0.1024783
0.077197686
0.11001155
0.14143331
0.13669302
0.23775071
0.20801911
0.81479377
0.71631914
0.69267917
0.6872805
0.70871377
0.10344824
0.06819459
0.06620002
0.09796766
0.1984611
0.9056342
0.90254
0.22075307
0.20365694
0.64750934
0.17042615
0.7280467
0.7881869
0.84866226
0.92935413
0.9267645
0.80231625
0.26160592
0.8212627
0.11840388
0.112433665
0.76825655
0.8180453
0.18330307
0.10111659
0.05311271
0.054155424
0.07827971
0.7410505
0.28717235
0.8205807
0.1178626
0.05565996
0.051894594
0.0682918
0.108217195
0.83588696
0.16462095
0.06541306
0.06207931
0.082515165
0.8198192
0.08520978
0.06342424
0.089998215
0.84009236
0.25821444
0.9019838
0.90894884
0.9131208
0.8979207
0.8667246
0.8371786
0.27735975
0.8775413
0.09492847
0.0660798
0.08299643
0.8015087
0.12237381
0.08480075
0.06564608
0.10445395
0.8405749
0.859082
0.23994578
0.11057281
0.06282653
0.06869498
0.12585418
0.81448346
0.23462202
0.08797255
0.091563694
0.75191057
0.07285716
0.044044703
0.03934718
0.043981176
0.06291922
0.8780407
0.93356466
0.9311174
0.95860153
0.95289475
0.25689462
0.050392076
0.0422521
0.04895367
0.07580509
0.8290107
0.18758312
0.21004756
0.8742366
0.8962864
0.11998002
0.08618728
0.106036164
0.71150917
0.18717252
0.74687696
0.08287766
0.06843739
0.047121264
0.041245162
0.049778644
0.054313768
0.8845712
0.8969077
0.9427133
0.961092
0.951791
0.07650189
0.045969732
0.040453427
0.05706029
0.07160315
0.10348108
0.8953302
0.3317591
0.81375104
0.08238227
0.050770395
0.050415896
0.060871743
0.11107603
0.16203499
0.27504584
0.1716576
0.119674765
0.09200526
0.0673927
0.06409607
0.077339716
0.06433739
0.060090896
0.073320374
0.67518014
0.804641
0.9216606
0.8804915
0.93702084
0.8771763
0.19641505
0.052215222
0.04230763
0.042147536
0.03984266
0.04010953
0.05424177
0.110254906
0.10672689
0.9320606
0.9408219
0.13895184
0.05112836
0.04247849
0.046111785
0.06798506
0.81142837
0.09928077
0.08975857
0.1747212
0.90850437
0.9391136
0.0862158
0.046275996
0.033450633
0.030031735
0.029787293
0.034849394
0.0498421
0.9158221
0.9298808
0.9587628
0.95772326
0.9451212
0.22360033
0.07041643
0.070847474
0.8546687
0.8775697
0.9049592
0.9287007
0.08418025
0.06467284
0.08377628
0.8968954
0.9350664
0.09696252
0.046646744
0.042670637
0.055360895
0.15428726
0.90200204
0.14761637
0.10966226
0.75051624
0.12267056
0.12977345
0.13198324
0.92704135
0.94244164
0.15470035
0.049622174
0.042122915
0.048188526
0.087842256
0.85337585
0.8143404
0.83100224
0.09574825
0.07468038
0.10248149
0.05883637
0.0473421
0.04162449
0.042367555
0.050830968
0.08587626
0.91819966
0.8469127
0.08247065
0.045430064
0.036935437
0.035650495
0.03350932
0.036917306
0.04590271
0.87947357
0.90460026
0.9269298
0.9591601
0.95955044
0.93716186
0.899149
0.8889322
0.05536667
0.03654743
0.030347949
0.02967693
0.030343888
0.036382414
0.062953085
0.8638643
0.8812806
0.95022595
0.9447935
0.8581124
0.07996685
0.04850741
0.05226838
0.07328022
0.20434542
0.89334357
0.7697248
0.6729012
0.6144028
0.5576051
0.6518338
0.8162761
0.72108513
0.73311347
0.90043586
0.23848042
0.07353892
0.038843393
0.032635033
0.032856245
0.04229922
0.11286248
0.9271354
0.90630805
0.91303664
0.94551295
0.92701125
0.95376617
0.95157504
0.8671916
0.8753076
0.056078736
0.034447085
0.030553803
0.029826103
0.031706374
0.03889329
0.06382701
0.8883904
0.93693304
0.93180853
0.28744966
0.24301545
0.07960445
0.095676646
0.17181453
0.77714705
0.08922871
0.054351956
0.049197305
0.054247733
0.05612382
0.0581481
0.060507257
0.08958348
0.8553913
0.89945

