0.8963016
0.90555793
0.79426366
0.7434877
0.8680437
0.87463194
0.15830083
0.12383093
0.10748719
0.1768527
0.61020184
0.14974684
0.100400016
0.11870079
0.12695116
0.12536131
0.32331035
0.23464628
0.14549659
0.10372094
0.1156046
0.25854284
0.8492032
0.85123485
0.36399245
0.42869172
0.27068612
0.7587052
0.28179768
0.18275453
0.16688678
0.8087931
0.8130781
0.62012565
0.5263508
0.51518655
0.62945914
0.8334729
0.85650736
0.7072792
0.73853415
0.20624061
0.15041833
0.07026207
0.062733896
0.07764157
0.8179796
0.8158156
0.823222
0.8395197
0.07439727
0.047541935
0.0466909
0.074147806
0.15242065
0.876224
0.24723932
0.24170277
0.7897972
0.08873198
0.051481646
0.0509954
0.05680923
0.13484201
0.82247996
0.7992005
0.79975593
0.8313956
0.08410319
0.05003503
0.04643024
0.06292853
0.15700503
0.9122584
0.32705033
0.07565439
0.075489745
0.05378155
0.05925249
0.06479238
0.058094308
0.06725552
0.111916766
0.9105478
0.9256589
0.122707605
0.06857659
0.09027603
0.10647374
0.79725385
0.08148476
0.051044352
0.04478169
0.044631384
0.041503336
0.0406008
0.039058607
0.037906896
0.035896815
0.033984814
0.03938308
0.06362306
0.9347013
0.9514162
0.9524311
0.95883155
0.9452529
0.06581558
0.043610033
0.032734785
0.03407097
0.04830799
0.1089862
0.94106907
0.959708
0.96228015
0.95225286
0.09014606
0.03805473
0.031390484
0.029364735
0.033429544
0.044015247
0.8564104
0.88316876
0.95213896
0.9579306
0.92502433
0.9322585
0.06377646
0.04485321
0.04790947
0.07056208
0.89116514
0.8170312
0.075838804
0.058185343
0.046067413
0.050354462
0.087702066
0.8880604
0.8614367
0.1380042
0.09053872
0.8128352
0.82849747
0.8514933
0.897578
0.9305554
0.95425785
0.95174307
0.9344963
0.15632744
0.19766787
0.8725152
0.07434547
0.047296073
0.04376744
0.041176893
0.04222904
0.04411211
0.045165554
0.04598545
0.047267552
0.05009648
0.05209789
0.06487685
0.1259541
0.9150899
0.15039085
0.06881362
0.055240434
0.05181586
0.04993032
0.05016416
0.051104575
0.054616213
0.054663703
0.06706399
0.09736268
0.13485746
0.07043444
0.0657982
0.10021613
0.10921671
0.16069683
0.9004571
0.12727095
0.07919909
0.13628367
0.91995966
0.87812674
0.070220545
0.04066612
0.03443111
0.031856485
0.030968415
0.030845117
0.03450963
0.045614436
0.91150147
0.93347514
0.9639608
0.96712697
0.9641885
0.90893084
0.87617636
0.050685566
0.034551166
0.033598144
0.038115155
0.03803217
0.039756622
0.04512848
0.044710543
0.04152684
0.04532705
0.06259419
0.8551012
0.92484903
0.8492979
0.11501953
0.111230314
0.06624211
0.04921363
0.05572704
0.12401954
0.842862
0.9303263
0.09573865
0.044693183
0.038593784
0.035413776
0.03480573
0.03833689
0.048949238
0.8502394
0.889589
0.9333719
0.8929248
0.92609835
0.84553015
0.85020787
0.9246451
0.8447916
0.09847949
0.10040561
0.06574776
0.047644775
0.06889149
0.05811401
0.06853007
0.8093232
0.9104018
0.8141588
0.9111202
0.07811887
0.04826858
0.04045964
0.04479309
0.06909085
0.87130165
0.09117028
0.07031465
0.09968491
0.9298109
0.93704075
0.9611758
0.93373615
0.94477624
0.05651496
0.03543146
0.031364013
0.03311052
0.035328593
0.040742088
0.06367327
0.11213057
0.89914066
0.09142009
0.060265582
0.051814176
0.06782479
0.87037325
0.9291144
0.83199465
0.81495064
0.089545794
0.07067891
0.10438123
0.10771341
0.7742038
0.7489234
0.869648
0.13863225
0.08551359
0.15784605
0.094493516
0.09568862
0.10433502
0.57352716
0.16378649
0.19524398
0.85044473
0.8742931
0.7761405
0.86439973
0.7010082
0.12082227
0.07947307
0.07742439
0.14932388
0.8691387
0.93990344
0.9417034
0.09581122
0.042695384
0.03506284
0.038071178
0.050050434
0.92687386
0.95925254
0.96403116
0.95152414
0.06433446
0.03999764
0.038693395
0.049007278
0.098461285
0.90972316
0.11060765
0.051397804
0.04635802
0.060868353
0.057489607
0.07238213
0.28566447
0.92811996
0.16583169
0.062383763
0.04578924
0.04439023
0.052159898
0.07144996
0.7976786
0.7337598
0.77089196
0.26205716
0.12396158
0.122636884
0.14744765
0.84853864
0.77965087
0.8436328
0.9342664
0.9477266
0.92262614

