0.89065415
0.88729906
0.8752858
0.9088995
0.877826
0.8562068
0.8910417
0.10407575
0.07987738
0.08695095
0.081275225
0.81149805
0.9060479
0.87338454
0.9123162
0.14635436
0.12781006
0.078726016
0.10314997
0.65788734
0.8498514
0.7324358
0.7343097
0.23480326
0.14627917
0.209072
0.13220581
0.08772196
0.06615092
0.10880253
0.07734376
0.086417414
0.095587984
0.76462436
0.7786208
0.8291749
0.8876676
0.19808416
0.24736786
0.15887535
0.77636945
0.7195751
0.84267384
0.7754527
0.86979586
0.13866633
0.10313087
0.065759756
0.08981103
0.11238066
0.778504
0.7770686
0.8156528
0.8489443
0.9134695
0.8855918
0.9228269
0.8830943
0.8887968
0.9012148
0.94067335
0.19576174
0.07376534
0.042101413
0.04395758
0.04428091
0.046228103
0.050149146
0.045059986
0.04942093
0.056883465
0.077085584
0.088353835
0.11107777
0.15465137
0.92334837
0.2795567
0.09757767
0.051265985
0.043329176
0.050225828
0.90068907
0.9358489
0.9554656
0.95420045
0.94994146
0.062155623
0.03952557
0.038901713
0.048770312
0.08614736
0.8635329
0.116866186
0.07089532
0.06709502
0.073339224
0.094511956
0.111063406
0.10641715
0.8282502
0.29083616
0.22360942
0.8803422
0.9148906
0.90750366
0.7649774
0.71606696
0.77831984
0.90083086
0.27622566
0.08376732
0.06570071
0.052325543
0.0572017
0.06994709
0.093268596
0.8350029
0.86492604
0.94371235
0.951676
0.91281307
0.89681476
0.20239422
0.09392096
0.050744038
0.047112104
0.08268731
0.074311085
0.15521938
0.85705507
0.28770024
0.16568938
0.17110194
0.19787519
0.6940305
0.7843946
0.81817305
0.79844725
0.45823458
0.29256734
0.17785639
0.33934137
0.8283504
0.7311673
0.6673314
0.21674484
0.15950818
0.17912968
0.82312155
0.52368814
0.36006758
0.11341275
0.073504396
0.090976976
0.09307956
0.1669173
0.23635411
0.86619747
0.80940026
0.832827
0.9131075
0.9066605
0.25521326
0.18339176
0.11742605
0.18455766
0.89512765
0.91371536
0.15296292
0.06992303
0.10987801
0.1296406
0.15741436
0.8969423
0.94885707
0.9553308
0.9478474
0.172658
0.06022355
0.048570238
0.0499519
0.08168062
0.84038377
0.8155749
0.92358106
0.19395836
0.06610783
0.072968274
0.09621492
0.8763202
0.8178826
0.25610456
0.14721557
0.057503365
0.0474992
0.04391662
0.057918213
0.15990567
0.91537696
0.26625395
0.09612413
0.12030404
0.78673875
0.093713455
0.08654361
0.1518125
0.91008675
0.92510104
0.9396716
0.9322887
0.9226397
0.07923331
0.04529088
0.035809133
0.036750592
0.04617066
0.100170694
0.9311264
0.8789696
0.08560293
0.05123846
0.045348417
0.04771287
0.046980496
0.050827377
0.05512375
0.060288846
0.08325485
0.084533565
0.060066916
0.052207995
0.04863634
0.04677465
0.046140846
0.045053735
0.043279305
0.04224114
0.042174485
0.04539328
0.038463026
0.036200855
0.059125595
0.106843
0.9397679
0.9576161
0.95923126
0.95777583
0.9511397
0.9539254
0.0687549
0.037992403
0.032745946
0.037582878
0.04072926
0.043125942
0.042926
0.04462676
0.050484687
0.060080484
0.08970711
0.82256705
0.102269836
0.09228763
0.08837177
0.06555767
0.065523
0.074218646
0.81606644
0.8002183
0.79436696
0.78032815
0.8122441
0.18516137
0.11608588
0.11426065
0.14021997
0.07254801
0.0622783
0.095404305
0.15729652
0.80058897
0.18926385
0.11017417
0.20927966
0.13124667
0.105035655
0.098753616
0.25768635
0.31462
0.84007806
0.24973795
0.3984527
0.2701106
0.14553168
0.31282783
0.7760893
0.842634
0.21129891
0.05157464
0.039579496
0.03758999
0.03767091
0.037047323
0.03527336
0.03368838
0.03272836
0.036844388
0.054817565
0.9205167
0.9129783
0.9227501
0.92568046
0.93024915
0.95181334
0.95454854
0.9541108
0.94799685
0.85458857
0.8341512
0.050672453
0.034922592
0.032764357
0.037153278
0.04429395
0.0805876
0.82405907
0.080644436
0.047416557
0.0357268
0.03302776
0.037527233
0.056625877
0.9211707
0.9358872
0.9277919
0.9459883
0.909874
0.9165074
0.9325048
0.9520873
0.93740493
0.059823718
0.03677513
0.03400591
0.03897432
0.059092492
0.11852497
0.8689126
0.866662
0.17538732
0.05481875
0.044004645
0.043733727
0.05110287
0.062969275
0.0757581
0.16080387
0.93597287
0.9276313

