0.3118308
0.4371468
0.20331056
0.27361858
0.13906483
0.10571774
0.13556635
0.21079434
0.33865562
0.60938674
0.79842657
0.67433673
0.74460816
0.27576566
0.4241827
0.20258085
0.158125
0.14906971
0.52792853
0.23795532
0.22861034
0.8113184
0.3250163
0.15579058
0.112974554
0.08868131
0.14207488
0.12208878
0.13360798
0.08636832
0.110745
0.1690003
0.73422
0.33039343
0.15918772
0.1291803
0.7525622
0.09914702
0.07835512
0.07732854
0.06252385
0.06016835
0.047963466
0.05515579
0.08525038
0.8267964
0.86654955
0.38511106
0.872161
0.230463
0.14160366
0.75285184
0.076645054
0.04670035
0.045201153
0.05811065
0.9033957
0.93379956
0.96132946
0.96176636
0.9287836
0.8672452
0.050527677
0.0346751
0.032152593
0.034390733
0.043824162
0.108276054
0.8750434
0.23980133
0.7771158
0.8706059
0.09495265
0.06641439
0.081989735
0.8053222
0.9216773
0.9299171
0.8481061
0.06601591
0.041545648
0.03790525
0.04270152
0.053310152
0.09026269
0.9103216
0.14566547
0.06617492
0.049760897
0.05874542
0.07783541
0.82130057
0.08399476
0.04999997
0.048869643
0.071955904
0.916612
0.8788551
0.08004662
0.056874093
0.06297975
0.9045829
0.9398474
0.96255445
0.96459967
0.94468224
0.8948622
0.048907574
0.03350626
0.030937769
0.032953404
0.036338717
0.04486585
0.08005423
0.8446633
0.8252785
0.076108806
0.048651632
0.042994082
0.049516954
0.09642013
0.8944104
0.78140837
0.79297006
0.9040341
0.13373876
0.12181306
0.78810537
0.065330446
0.040821485
0.039098382
0.042988822
0.053037856
0.9205486
0.95304316
0.9589881
0.9640007
0.95174307
0.06417903
0.039541226
0.03144083
0.029924512
0.03108618
0.038311955
0.056643013
0.88756305
0.94314396
0.94611955
0.083477244
0.046184205
0.039806657
0.041610032
0.052377813
0.0970802
0.88381
0.1039773
0.06310361
0.05472331
0.07162459
0.066856146
0.82760864
0.8197304
0.8839245
0.9439705
0.9341723
0.1212092
0.08393549
0.07051558
0.1424093
0.17172158
0.80590385
0.8960267
0.7545301
0.78621316
0.06738072
0.04103287
0.036003888
0.041084766
0.066871986
0.90575665
0.9385372
0.8991416
0.8888925
0.862055
0.85726255
0.873724
0.11181929
0.04755813
0.039702512
0.043430027
0.059057735
0.86219794
0.92346853
0.8600833
0.3314873
0.09691157
0.14090605
0.075549684
0.10450612
0.6804472
0.11495744
0.08052185
0.12351549
0.2814593
0.22595376
0.9016402
0.9130066
0.80717784
0.07751709
0.044698063
0.034547508
0.03223491
0.0332001
0.038838875
0.05458325
0.9178833
0.898121
0.95497227
0.948331
0.85230625
0.06611605
0.047999997
0.052347016
0.11424789
0.88377756
0.13240309
0.109144926
0.8546984
0.91956717
0.08113053
0.049717054
0.04825293
0.05735739
0.8982282
0.9050868
0.9250633
0.9412947
0.07234013
0.047009118
0.048249386
0.06099584
0.8451235
0.897013
0.12736234
0.1019558
0.798938
0.8383789
0.9217035
0.09212158
0.04750701
0.043820295
0.052758962
0.8367903
0.8974122
0.9594771
0.9609011
0.9457077
0.06878385
0.037908833
0.033540975
0.03660386
0.04218334
0.055466857
0.079872586
0.8240308
0.8210732
0.17050253
0.060150497
0.046829373
0.04000092
0.0358853
0.034869153
0.035806857
0.049960233
0.07206182
0.92876756
0.94735557
0.9635828
0.9556096
0.07642991
0.044346087
0.039554253
0.048627354
0.07602162
0.8209185
0.25310433
0.1594862
0.078039356
0.10460756
0.7319079
0.7575869
0.87007403
0.74843365
0.7258399
0.75114083
0.09842715
0.11896677
0.07283567
0.07177464
0.17346095
0.9094102
0.07696345
0.041671082
0.03659814
0.041815497
0.06920493
0.93926346
0.9560149
0.94559383
0.89559335
0.88693285
0.059984412
0.043809205
0.047115244
0.05305665
0.13368326
0.94318277
0.9446936
0.09066824
0.043847356
0.039804846
0.04290635
0.04909664
0.06819844
0.17911012
0.8118161
0.12395403
0.14838205
0.06994747
0.05839156
0.075120576
0.2663531
0.8886588
0.19155875
0.13682184
0.67758846
0.105277486
0.07337334
0.0984582
0.6496256
0.2785743
0.7688921
0.8916924
0.8847907
0.3976926
0.33993804
0.11171899
0.116425134
0.14217609
0.16452056
0.15371558
0.53401226
0.19698413
0.48750004
0.43320152
0.4398511
0.4999489
0.7016534
0.8392773
0.8772232

