0.85005563
0.89241904
0.93055004
0.92386353
0.81102073
0.69186336
0.11903318
0.10384318
0.6223496
0.7093993
0.083444946
0.05862415
0.06656979
0.14405535
0.9099685
0.8843295
0.904502
0.93642545
0.8643664
0.8451754
0.9021491
0.07635831
0.048947494
0.050623138
0.07509261
0.87393475
0.85573626
0.23067719
0.1612081
0.71381867
0.81510544
0.9136052
0.9310707
0.9303028
0.9042926
0.7330395
0.642019
0.7011568
0.85500133
0.868819
0.4180893
0.19473784
0.20378591
0.74359435
0.63421834
0.6294456
0.2543029
0.17420863
0.2551731
0.1143676
0.1257302
0.14874747
0.6019494
0.21387224
0.22103226
0.119262315
0.10984415
0.12504569
0.29024857
0.5879152
0.60061044
0.32981116
0.7860228
0.21589813
0.16691938
0.23625478
0.28220454
0.16911447
0.20708562
0.1448249
0.16577038
0.75339675
0.28876367
0.54576814
0.5145944
0.49631235
0.49007088
0.50020456
0.5433262
0.60536504
0.72167057
0.8650569
0.79154426
0.31774563
0.18846905
0.10885809
0.07339436
0.10274961
0.88770443
0.8363436
0.83768165
0.832075
0.828923
0.8325002
0.8372543
0.8366479
0.068973646
0.050896086
0.06691898
0.0760412
0.10172781
0.1143382
0.84553885
0.11498392
0.08814815
0.13482463
0.13942999
0.79712933
0.6796136
0.65648484
0.20072058
0.16040586
0.22766767
0.2390581
0.1640125
0.25039896
0.33511284
0.15255925
0.10109456
0.10601229
0.20219253
0.31059298
0.29920033
0.57177496
0.78364104
0.582019
0.43759474
0.18116224
0.22792071
0.506753
0.63843954
0.8348701
0.3703076
0.30860814
0.116215244
0.11686863
0.66600454
0.66469985
0.6634043
0.7295882
0.11883064
0.06742368
0.08227142
0.17711224
0.92086965
0.9311048
0.09027465
0.047083545
0.04978475
0.056200787
0.06255362
0.04876321
0.0723486
0.93264
0.8992379
0.9517061
0.11238458
0.047206804
0.045469206
0.04090548
0.03645761
0.03691263
0.039029725
0.04208169
0.05468933
0.115988985
0.90892804
0.08425609
0.04715346
0.046669517
0.0731733
0.9011861
0.89248174
0.9233615
0.9421737
0.94047964
0.93604785
0.9300615
0.90596795
0.93522125
0.9255263
0.9369415
0.9371144
0.9440336
0.075696535
0.037121173
0.035586588
0.03860987
0.05091192
0.058545567
0.071435556
0.10146172
0.88919634
0.08334952
0.059743043
0.072132096
0.87086254
0.93133616
0.8438271
0.8539488
0.09667342
0.07998681
0.1819119
0.90689117
0.08049065
0.05216144
0.05425091
0.079385445
0.80050355
0.116432354
0.07104421
0.08312866
0.79519445
0.8100733
0.1733385
0.07157819
0.08361693
0.19203731
0.9040865
0.7918747
0.7309406
0.09598907
0.07656733
0.09864972
0.19286095
0.24548726
0.25492042
0.90395737
0.90802103
0.4407099
0.13899112
0.08249101
0.06654827
0.06710255
0.070144616
0.13470672
0.32291254
0.755457
0.90482205
0.9044894
0.7606842
0.13603744
0.09700505
0.06638869
0.09416346
0.2114542
0.8923961
0.9419968
0.93160504
0.3294471
0.23945689
0.13278414
0.19689566
0.2968522
0.8022636
0.8994146
0.87581605
0.92081684
0.90060705
0.7770262
0.7780631
0.88884413
0.90995246
0.8880001
0.16891086
0.17298548
0.09152587
0.15720001
0.8888798
0.86964214
0.91446173
0.8224983
0.8008162
0.8138552
0.91507024
0.9281553
0.8921626
0.935024
0.9210392
0.26687476
0.106090486
0.1233746
0.13093175
0.8529879
0.72907
0.19748175
0.24893726
0.20423387
0.11165913
0.12233851
0.62650913
0.08459762
0.06556834
0.093634345
0.076992586
0.08984883
0.12815863
0.90602
0.8382534
0.12704204
0.11300068
0.08169015
0.14927617
0.91815364
0.938026
0.9468814
0.9453253
0.93392646
0.8480169
0.8426924
0.9186513
0.1845421
0.068777345
0.091953255
0.15215926
0.84314686
0.89790565
0.11136613
0.1010456
0.061134208
0.062068846
0.059120018
0.082538165
0.8760652
0.7594247
0.75161934
0.7645177
0.8182976
0.92097545
0.9122372
0.6944112
0.2549712
0.23308332
0.13528667
0.14970282
0.51613677
0.23881489
0.6102766
0.18124428
0.1306469
0.11857881
0.13895395
0.26157305
0.096954145
0.07764841
0.06649797
0.10061774
0.7406216
0.8847937
0.8254006
0.9032688
0.827499
0.8978118
0.76393676
0.09359755
0.076704115
0.05191636
0.05318502
0.0608449
0.09307407
0.12582552
0.12428056
0.36194423
0.6606363
0.16157606
0.13702023
0.24267967
0.8260174
0.94327873
0.9475754

