0.8766864
0.847528
0.8553061
0.22537106
0.24556139
0.15724716
0.109799
0.11218024
0.18994337
0.20098877
0.23570997
0.63156253
0.22849281
0.68804055
0.118654005
0.06600632
0.08135231
0.058765735
0.085801974
0.21208356
0.909784
0.9055774
0.25332096
0.28839883
0.8184829
0.12621957
0.055425934
0.0418671
0.045858353
0.11557282
0.20801781
0.929089
0.9383226
0.8702006
0.922604
0.099735245
0.10510524
0.10088651
0.8393617
0.81344503
0.8690329
0.08791178
0.07085744
0.0963079
0.84121615
0.11852329
0.058796186
0.04781141
0.04845995
0.05563581
0.094537005
0.75894797
0.16091755
0.12569986
0.69269747
0.24534424
0.19545224
0.83453107
0.2005434
0.107095644
0.12861612
0.07393809
0.08565087
0.12546906
0.6866645
0.6438645
0.61480963
0.603596
0.592893
0.6832879
0.82656956
0.7641757
0.87293184
0.2146309
0.12950593
0.7075502
0.080168374
0.04721453
0.045277648
0.05709984
0.8961748
0.9337647
0.9630171
0.9627199
0.91435784
0.8500954
0.05151522
0.035282396
0.033859856
0.0378172
0.04205036
0.051126186
0.05425791
0.048471253
0.050340887
0.055374183
0.05080717
0.05196731
0.0745314
0.121281505
0.9133284
0.41323557
0.07647833
0.05453801
0.054123726
0.07374976
0.11727599
0.8439003
0.12118863
0.06324705
0.07697316
0.064238235
0.062213656
0.06944116
0.08166676
0.81436455
0.08468363
0.05113751
0.049679834
0.09217862
0.8847892
0.16636442
0.290364
0.9102068
0.9307221
0.94790334
0.9589882
0.9263791
0.8924939
0.054650757
0.035959993
0.033349555
0.035721183
0.04426377
0.08449969
0.84759927
0.8304342
0.09373395
0.08353083
0.093162626
0.077969484
0.06116982
0.0618733
0.10855925
0.7997136
0.8832896
0.18251865
0.19461252
0.74503386
0.7196784
0.07145823
0.04865446
0.049442396
0.069428734
0.88014185
0.92801654
0.9244596
0.9517884
0.9422182
0.20190077
0.057254005
0.054951366
0.08057843
0.8869671
0.8801637
0.21655132
0.21977787
0.89671993
0.9162076
0.8299233
0.06186136
0.038866222
0.033581395
0.032022398
0.0322219
0.03423521
0.048577357
0.06735083
0.9054487
0.92402655
0.8747983
0.88532
0.9029593
0.935915
0.9578627
0.9469764
0.064716145
0.037100628
0.03128154
0.03437212
0.03821596
0.04041912
0.048269324
0.04408557
0.040182304
0.03724608
0.034980193
0.03442886
0.038947403
0.06537271
0.90509677
0.94645
0.92583895
0.9505509
0.84611934
0.81584287
0.78683364
0.0647638
0.04214822
0.038377322
0.041689508
0.05199999
0.12470892
0.9020328
0.77722836
0.400649
0.21118905
0.8578037
0.7728764
0.08083448
0.057244916
0.050570287
0.10326403
0.17558554
0.9426734
0.9341402
0.953065
0.23927757
0.06656127
0.045609258
0.046034224
0.06016695
0.7268042
0.7240382
0.18686917
0.26479015
0.8967103
0.8102382
0.89728856
0.46129808
0.2277729
0.08739495
0.0704429
0.07724023
0.11307912
0.59043896
0.21687667
0.23202167
0.8844222
0.91063774
0.90311635
0.10194772
0.073432244
0.088720255
0.74351907
0.7151538
0.7702492
0.8547062
0.14115866
0.10072304
0.12156194
0.6872213
0.15872623
0.20903294
0.11203339
0.0827819
0.102081165
0.33241746
0.4143529
0.20384546
0.1089151
0.10630389
0.2394091
0.22267692
0.2482037
0.88172686
0.8957508
0.54698217
0.7795666
0.084149055
0.058039565
0.06306784
0.08707537
0.7228242
0.08594933
0.06621173
0.07804692
0.13348699
0.8647707
0.09001567
0.04930694
0.04308694
0.049605485
0.08436572
0.92603976
0.87584555
0.069880344
0.04153126
0.034038395
0.03237192
0.031530295
0.035453305
0.045058902
0.8944251
0.91563374
0.93792665
0.95954686
0.9604772
0.94884247
0.9269966
0.90188605
0.052232843
0.033865623
0.029021844
0.02856392
0.028975092
0.03290809
0.044316106
0.8010097
0.8815428
0.95064753
0.9497657
0.88392544
0.06454094
0.041603625
0.039750285
0.050020263
0.13731338
0.91133004
0.10210843
0.04669815
0.039963193
0.04424461
0.07793709
0.883669
0.20055425
0.30595058
0.9351815
0.94427186
0.87858045
0.06138575
0.041665643
0.04190071
0.052787323
0.89998084
0.939654
0.9432591
0.946934
0.9531801
0.8927493
0.059293568
0.047494754
0.05078368
0.07116206
0.8537345
0.88200337
0.07826968
0.04362419
0.03918532
0.03968418
0.044858072
0.063355535
0.19797273
0.9191059
0.21404669
0.15652908
0.077452265
0.10471577
0.8006432
0.80410814
0.81101495
0.08127988
0.05284443
0.056270428
0.07658989
0.6933251
0.26370788
0.81035364
0.8941786
0.9122418

