0.60240066
0.5027751
0.49843043
0.6416222
0.88308024
0.9255719
0.8946526
0.91881716
0.8122018
0.11509619
0.067339756
0.059899796
0.072483085
0.80135256
0.92155933
0.93531257
0.15414682
0.053154476
0.039712794
0.04126964
0.0520486
0.89936256
0.9517833
0.95960456
0.94826907
0.07170351
0.042630315
0.042049415
0.060889304
0.112159364
0.8631995
0.10702733
0.072585985
0.079657845
0.15495645
0.14561684
0.15013559
0.6717176
0.8584816
0.1946427
0.13775562
0.085874304
0.07954521
0.097245924
0.10278203
0.58660674
0.55714816
0.5863141
0.537891
0.12907553
0.111641124
0.12937202
0.30575246
0.85812765
0.77699226
0.8986247
0.43269223
0.123943545
0.10216818
0.05184796
0.046009187
0.045850325
0.057853624
0.043803815
0.044649344
0.05086114
0.078057975
0.88116604
0.7790744
0.8195376
0.8663559
0.94844615
0.9499098
0.93141234
0.064587146
0.04205309
0.042507965
0.06792594
0.11948626
0.842501
0.11196642
0.05235356
0.048256427
0.05087731
0.053837202
0.041173283
0.043737583
0.0592609
0.85698766
0.89734346
0.18326074
0.23009276
0.89889747
0.8872102
0.3651665
0.8454238
0.92389804
0.92492855
0.8207639
0.30285898
0.79791635
0.88125926
0.113327116
0.11064119
0.8258033
0.86708796
0.9337696
0.06878641
0.041563086
0.03768523
0.042292964
0.046591848
0.04481132
0.053223483
0.09100575
0.7654219
0.19034934
0.33602512
0.90822965
0.11786323
0.049229022
0.039718136
0.041065603
0.05290415
0.7562279
0.7610949
0.8317688
0.9507513
0.9587035
0.9503212
0.06769321
0.04448885
0.037629154
0.033254422
0.03303309
0.03400479
0.036010236
0.042414818
0.06353549
0.88397926
0.13860436
0.124804586
0.9305543
0.9350264
0.9060496
0.8836153
0.05883581
0.039031845
0.03614251
0.044117067
0.11241891
0.94761497
0.95570916
0.92806256
0.10399843
0.042403027
0.037826303
0.042304996
0.04618109
0.043707266
0.043701913
0.044246145
0.046138447
0.05308561
0.07673974
0.81623524
0.912695
0.12238074
0.058074355
0.053189874
0.051788133
0.047817566
0.041647516
0.03760972
0.034227297
0.03351409
0.039197057
0.06539088
0.9388855
0.95668757
0.95469165
0.94521254
0.948783
0.06051273
0.036195375
0.030079504
0.02881546
0.029406669
0.034429014
0.052458875
0.86492264
0.9475759
0.9538326
0.9432722
0.101125784
0.056462012
0.06696028
0.098154664
0.8536253
0.10582906
0.087817095
0.10714193
0.17608044
0.76195633
0.7589274
0.19269912
0.77277076
0.07602306
0.04767513
0.043101497
0.043849234
0.04598472
0.054690395
0.086150214
0.22146112
0.9334611
0.09555922
0.047672413
0.03771895
0.034292378
0.032769572
0.03227618
0.03561847
0.0471274
0.910163
0.9570895
0.9681026
0.9638532
0.16944467
0.040178273
0.031453576
0.02976421
0.029420836
0.028914463
0.02941517
0.034227125
0.048143093
0.9311336
0.95756507
0.9685224
0.9690149
0.9548984
0.05388725
0.03443614
0.031186834
0.03401472
0.035923086
0.038343865
0.042264715
0.051966567
0.08704791
0.8816883
0.8294663
0.077648655
0.048627842
0.043160837
0.041447368
0.041350204
0.045000866
0.065672725
0.13732919
0.9402436
0.87002224
0.0819492
0.04845642
0.04361653
0.04391653
0.050517015
0.049457584
0.055550117
0.07139068
0.7518664
0.1878731
0.7966622
0.87410796
0.77395904
0.20379518
0.21672414
0.13355863
0.13157985
0.63830006
0.6783073
0.80880743
0.18496145
0.185244
0.10208851
0.100107834
0.13148446
0.33662608
0.7893713
0.2524571
0.26951048
0.5360808
0.6455754
0.85222954
0.8668353
0.70820147
0.1737813
0.108832106
0.11423984
0.15298268
0.78105116
0.6743716
0.6514344
0.67897683
0.7168203
0.8443613
0.14771776
0.07570524
0.0808671
0.0913313
0.13661419
0.23907474
0.8780609
0.8945008
0.18712863
0.114839904
0.060725607
0.047406044
0.05233134
0.06567463
0.13261624
0.14303288
0.9144714
0.16917539
0.11899101
0.054338954
0.05149453
0.07101955
0.82883424
0.8758563
0.08357609
0.047198806
0.042148534
0.051039252
0.076718375
0.08429551
0.8823625
0.13162862
0.113391116
0.90942806
0.89149314
0.8303131
0.84344727
0.120362185
0.10552676
0.9132317
0.9563373
0.9599885
0.8933737
0.04954669
0.03364489
0.031259604
0.03399513
0.035721198
0.037363794
0.038047306
0.03886878
0.043814193
0.063446954
0.85733473
0.8526264
0.92950594
0.08357133
0.053450692
0.06394822
0.071620636
0.112198524
0.87938887
0.11689983
0.11272484
0.14976582
0.8617241
0.09471408
0.07480175
0.08009861
0.713291
0.83144176
0.9201896
0.8768325
0.8694814

