0.7594045
0.707584
0.62084424
0.13892011
0.15414533
0.8930379
0.9310918
0.14401744
0.047969338
0.042354748
0.03710419
0.035115726
0.040828343
0.08360946
0.92875284
0.9518153
0.9504082
0.09193107
0.040795173
0.034155283
0.037091587
0.049129393
0.9190452
0.9492134
0.96389294
0.952277
0.061930895
0.040134218
0.038862742
0.049110435
0.094645135
0.90351313
0.10286494
0.05408076
0.050353248
0.06800436
0.08789154
0.71599776
0.16328134
0.26421493
0.73012733
0.75078315
0.09688466
0.070755124
0.09058259
0.09972937
0.6710019
0.26287878
0.74132687
0.2426102
0.09995795
0.076073356
0.10290096
0.8562537
0.7797434
0.8327059
0.924413
0.93135095
0.09884439
0.051170897
0.05077405
0.068374395
0.81649005
0.8285537
0.8268358
0.83951133
0.06821568
0.041960236
0.03657926
0.038454697
0.057804324
0.14529751
0.93047357
0.9378946
0.29194838
0.07324282
0.059417468
0.08420478
0.8051186
0.10186182
0.06140415
0.057099126
0.069060676
0.86322623
0.9192736
0.08089513
0.048685193
0.048850387
0.06988211
0.882244
0.34203967
0.1434269
0.8709222
0.9208827
0.92099
0.9391464
0.9356511
0.9047585
0.90616035
0.93276876
0.845694
0.83490574
0.12444374
0.16491176
0.87983745
0.06768756
0.046151847
0.046596743
0.063098975
0.82230693
0.90385485
0.12758851
0.13236453
0.14257893
0.15177847
0.8980845
0.18887259
0.06633531
0.060170308
0.08854681
0.7464901
0.6637472
0.6767446
0.13666353
0.12079393
0.78598845
0.92480314
0.9316379
0.11962673
0.11461926
0.14383118
0.048550785
0.044439863
0.043731302
0.044430062
0.051329266
0.08261341
0.886671
0.17472827
0.16222745
0.892903
0.10738337
0.07071178
0.09149032
0.8208509
0.076563746
0.04774255
0.04268073
0.045177042
0.06526472
0.09910422
0.14143348
0.90158874
0.13785996
0.12664093
0.89601356
0.93643886
0.06917098
0.039221875
0.032310493
0.032914683
0.03957995
0.06656763
0.9492494
0.96378565
0.9543239
0.9174246
0.05532387
0.03648986
0.033941362
0.034637216
0.03614172
0.038626943
0.045267485
0.06961824
0.87284976
0.94006246
0.09486367
0.054680448
0.049167007
0.04662942
0.04192986
0.040942922
0.039149474
0.037265833
0.03594175
0.036258686
0.04489005
0.100092985
0.9386482
0.9493036
0.94156605
0.44489232
0.90302163
0.08637296
0.052375156
0.043565325
0.044226885
0.0563608
0.088687666
0.1638238
0.14572373
0.7769752
0.09406675
0.06784673
0.06512851
0.072408035
0.07895043
0.07615162
0.06580579
0.054103687
0.08479555
0.18529098
0.93518776
0.89287376
0.08349763
0.04457161
0.03563489
0.032925993
0.032058954
0.032521483
0.037605863
0.058670674
0.9331719
0.9619481
0.96609145
0.9587247
0.07858627
0.035320032
0.029270308
0.027700813
0.027258877
0.02772096
0.03268915
0.045867257
0.9276403
0.95726514
0.9683756
0.96891594
0.9556067
0.055771414
0.03537362
0.031249795
0.033863243
0.035946764
0.03999225
0.04811008
0.077363946
0.8533724
0.8312376
0.07888026
0.048110347
0.0422106
0.039868962
0.039496336
0.04228144
0.061856933
0.106538065
0.89737993
0.93970025
0.88383967
0.086352006
0.048506726
0.046101805
0.054711364
0.09919386
0.11163301
0.065249294
0.05827614
0.07722835
0.109424874
0.7977157
0.23011406
0.09215424
0.071966276
0.056084916
0.049526624
0.04761486
0.05963695
0.84127027
0.9417486
0.9531468
0.9500111
0.08762728
0.04285052
0.035228197
0.038311817
0.03670028
0.04129635
0.05788198
0.8052734
0.2880448
0.93474495
0.9506723
0.13361563
0.04588816
0.03617052
0.035471346
0.03564477
0.036086813
0.036816716
0.03886837
0.047047134
0.086615205
0.8976054
0.08512212
0.05352282
0.05778242
0.88341105
0.89087385
0.9347724
0.95557654
0.9581019
0.9540095
0.906674
0.8595384
0.06916202
0.06360413
0.11134787
0.92793125
0.9253838
0.07915267
0.046737053
0.04300748
0.0386808
0.037968602
0.039057847
0.038794905
0.03984106
0.045941886
0.0659632
0.87532794
0.9419994
0.21954317
0.055427715
0.049117956
0.04752797
0.06651624
0.85861295
0.85230136
0.8341977
0.07041532
0.04427559
0.040746223
0.04858569
0.097949885
0.9251779
0.8570504
0.91325444
0.23763515
0.786468
0.07196906
0.04676729
0.051728323
0.05994499
0.057316512
0.061011214
0.13135207
0.9043407
0.798282
0.8584601
0.1287031
0.11378059
0.25129578
0.24407187
0.43342108
0.8062197
0.24944516
0.3078639
0.6810361
0.8035978
0.1341493
0.11467076
0.10404054
0.18629633
0.6515442
0.42358118
0.62820554
0.14621018
0.1066518
0.14962062
0.10081711
0.16011557
0.8977394
0.9252442
0.9160259
0.7535003
0.12445713
0.13818671
0.2088727
0.8157547

