0.9178538
0.9285128
0.10942086
0.058673035
0.059272308
0.09845544
0.84469527
0.88815707
0.80059403
0.7910139
0.82785285
0.922907
0.25026745
0.09119411
0.077514365
0.09053405
0.8891409
0.074537195
0.043354407
0.037346013
0.038186044
0.043850698
0.0685907
0.88353574
0.1018303
0.08372987
0.07556685
0.89485806
0.9261277
0.94055754
0.9420734
0.94111985
0.9417606
0.9440664
0.9467037
0.93508977
0.9258882
0.93780565
0.05398059
0.033214305
0.028366063
0.02960811
0.030719845
0.032657344
0.035803102
0.04150425
0.065304674
0.9097635
0.908054
0.1576314
0.17192426
0.17137109
0.18139364
0.84612566
0.9234301
0.9221167
0.16806556
0.07053223
0.06798464
0.08516461
0.8959492
0.92946875
0.9403843
0.9194461
0.7215089
0.71916825
0.09026704
0.052890535
0.05344758
0.058241528
0.08555939
0.05387369
0.04259001
0.044328153
0.05593548
0.043590955
0.04912895
0.068957016
0.9245845
0.94338006
0.9558307
0.9510692
0.87029743
0.81844467
0.81105256
0.06401403
0.04403704
0.050041772
0.07002868
0.10294475
0.8161221
0.91566974
0.93667966
0.930746
0.83242935
0.82819515
0.89972675
0.80235445
0.072992615
0.053126466
0.04930326
0.048385963
0.072131045
0.8075112
0.0750092
0.04388977
0.03862012
0.039934088
0.044902835
0.11598498
0.9140525
0.9346628
0.92446667
0.9485756
0.9463049
0.91747713
0.9433865
0.8831075
0.8810323
0.066708356
0.04395225
0.051625714
0.06036041
0.063121244
0.08680579
0.8759748
0.092478484
0.06527193
0.09498452
0.12839794
0.12072353
0.8936683
0.8860436
0.25125694
0.69216025
0.09997102
0.082731985
0.1601265
0.90072685
0.17926468
0.09487828
0.077228144
0.045421425
0.04541072
0.06678759
0.90115136
0.9404189
0.8904876
0.87199694
0.83845425
0.064675935
0.042877667
0.043631926
0.05202343
0.061292775
0.050837133
0.055410314
0.055823505
0.07587118
0.7651326
0.2582318
0.8896056
0.08955456
0.046839878
0.037830655
0.036690637
0.048431046
0.07921545
0.9299118
0.9132579
0.9568893
0.949631
0.07412228
0.04264587
0.039538823
0.048264846
0.087303065
0.9092384
0.08066626
0.045673717
0.037962284
0.035138804
0.03356867
0.032512337
0.032179307
0.035534073
0.046522997
0.90419054
0.92618936
0.94618976
0.9562188
0.96267956
0.9296276
0.88250566
0.053807814
0.0377364
0.037267048
0.04420744
0.08186687
0.9271935
0.85534334
0.06536425
0.042738806
0.03921903
0.038807537
0.03881686
0.03931402
0.039749634
0.044613846
0.06566674
0.8541309
0.83446974
0.92416424
0.11122352
0.08940841
0.060439497
0.06941543
0.6445807
0.1286622
0.14256081
0.88251454
0.8929598
0.84569085
0.9142503
0.91999274
0.90915394
0.8391404
0.9085645
0.9223652
0.9262214
0.91929144
0.86388546
0.91599977
0.90518826
0.10627115
0.05695141
0.06685874
0.052977383
0.059505768
0.10481164
0.3118927
0.8914085
0.7910063
0.124089316
0.16257216
0.07652092
0.067227624
0.1269249
0.76334214
0.1024426
0.09732
0.16722356
0.9169903
0.11078093
0.044656463
0.03726734
0.03601162
0.037785023
0.040006533
0.07666755
0.9372843
0.960307
0.9642478
0.96614754
0.94759387
0.090124235
0.039532844
0.035892054
0.044939317
0.043746572
0.038561974
0.041406512
0.042778037
0.06552285
0.10476552
0.9345587
0.94111365
0.13433743
0.053928986
0.044480875
0.049230304
0.050709885
0.05164841
0.04806136
0.05803548
0.05593322
0.094351515
0.18795298
0.893093
0.16009474
0.1334006
0.19202861
0.85230815
0.9148454
0.8629424
0.9056011
0.8201162
0.12197252
0.09874901
0.7205612
0.217194
0.15091528
0.8737477
0.84497285
0.875601
0.938501
0.93269163
0.8281625
0.10735697
0.118331484
0.7014219
0.18694578
0.3817282
0.91809124
0.9428056
0.93811923
0.81763273
0.10785457
0.084950686
0.10299818
0.8665828
0.239323
0.20116225
0.08675193
0.10103453
0.0634623
0.052099477
0.0629718
0.09396945
0.050244972
0.043304905
0.052429825
0.07855678
0.9217187
0.93851894
0.94990486
0.9409249
0.91631126
0.12757103
0.07254284
0.093592934
0.88440573
0.91884315
0.9327488
0.93493074
0.9325579
0.92320955
0.84536195
0.91460234
0.90753156
0.09005705
0.068652816
0.04813712
0.054725062
0.8648477
0.89531505
0.9473304
0.9364669
0.08353098
0.052645393
0.05921252
0.07720623
0.87510246
0.20930462
0.06818635
0.061457217
0.13094558
0.9232007
0.9408598
0.926033
0.9507588
0.9309249
0.7910689
0.06804119
0.053949878
0.060334105
0.1574595
0.9228698
0.916397
0.756674
0.10685386
0.09426515
0.12690307
0.6963793
0.7134427
0.83156854
0.35595316
0.32629004
0.114022434
0.104966216
0.14978293
0.25012276
0.57477933
0.61983526
0.7796415
0.9187705
0.90392756

