0.6679579
0.29668224
0.5332567
0.1640376
0.25835478
0.67150205
0.16627155
0.2683668
0.7798139
0.12658153
0.055409938
0.05016994
0.05244071
0.09925385
0.91859907
0.93646663
0.93828243
0.83187705
0.77622575
0.75293976
0.7357816
0.08164401
0.06801852
0.08416911
0.8858906
0.9057088
0.29456457
0.21751724
0.078493334
0.10889647
0.08772874
0.87372905
0.9333182
0.9389166
0.08025121
0.05050133
0.045638476
0.05880899
0.09997566
0.87434614
0.089851394
0.057878304
0.056853045
0.07701422
0.81494135
0.85389197
0.9327357
0.8702261
0.0740095
0.05021774
0.05338295
0.08746261
0.8810288
0.80709964
0.82066387
0.09012601
0.046842393
0.040744703
0.04194542
0.043507393
0.04484239
0.05933511
0.8345883
0.8219052
0.8701652
0.89690375
0.938788
0.08112503
0.045920193
0.042346504
0.04067948
0.04467115
0.053998582
0.0801354
0.7867038
0.17725067
0.1168473
0.067332745
0.04310043
0.03753835
0.0357029
0.0390359
0.041043904
0.05787954
0.88645715
0.8841488
0.9504274
0.9442469
0.96214616
0.9391664
0.9447486
0.060456187
0.034911554
0.030630711
0.03162757
0.03230212
0.034390114
0.041434243
0.08558146
0.15409277
0.8924086
0.941905
0.94090307
0.10275985
0.059736975
0.06898261
0.049020015
0.05835824
0.063657336
0.7846792
0.7641268
0.82187945
0.9410238
0.9452444
0.8465592
0.8045753
0.055436045
0.0374027
0.033365365
0.033105727
0.035345946
0.04306296
0.07184921
0.92289954
0.9387764
0.08201175
0.047720995
0.047329888
0.065079644
0.90349126
0.90747786
0.90534145
0.07311216
0.05139769
0.05669628
0.12942497
0.9299426
0.19262278
0.06416265
0.050397407
0.044877864
0.04626622
0.049444158
0.049708556
0.04997746
0.051347643
0.050523464
0.051711027
0.050266862
0.052997336
0.06647306
0.13222739
0.7751949
0.17248465
0.14720687
0.6693431
0.16051437
0.1437083
0.55228937
0.20690154
0.6347143
0.81484026
0.14085527
0.11294458
0.09907615
0.15380488
0.22359616
0.84574175
0.32094485
0.22973235
0.6407773
0.10685424
0.0847654
0.082342036
0.7061943
0.80795896
0.932708
0.9454373
0.93200624
0.80997866
0.093270004
0.1264677
0.081738904
0.059028935
0.075974196
0.77338237
0.3647961
0.90881413
0.11450888
0.049326286
0.041645527
0.04255236
0.0457675
0.056399114
0.13377574
0.90954006
0.1139398
0.06597141
0.06989639
0.23403162
0.9294392
0.1008467
0.049119283
0.038984135
0.03563117
0.034143124
0.032798193
0.03274568
0.037983738
0.062748425
0.9387579
0.96496093
0.967968
0.96067166
0.079313196
0.036674853
0.03210367
0.0335544
0.032933775
0.03124603
0.03277749
0.044247027
0.08872306
0.95318496
0.9625286
0.9646596
0.14895706
0.043066297
0.03546322
0.03666857
0.03839004
0.040382996
0.043416645
0.051322784
0.07994647
0.8415701
0.844865
0.084261656
0.050588798
0.044500813
0.04287166
0.042274337
0.042821288
0.046893045
0.07270551
0.1377686
0.92360914
0.84948844
0.103057444
0.059425358
0.06386638
0.07895635
0.75840825
0.1397463
0.0785391
0.08839072
0.7792779
0.8188718
0.91335815
0.8433113
0.08114529
0.04860116
0.04224672
0.04536404
0.06440604
0.7458399
0.25353968
0.8956155
0.8491362
0.9330844
0.08140017
0.043894082
0.038056582
0.039534617
0.04220151
0.04475117
0.044348296
0.04777829
0.06044368
0.13187778
0.9342965
0.13327454
0.057473786
0.04667039
0.044647876
0.044203997
0.044237003
0.04380829
0.042796224
0.04128045
0.03957153
0.0377461
0.035541423
0.035062533
0.04076085
0.06840275
0.9492716
0.9650644
0.96382284
0.24389277
0.045714233
0.03369434
0.031696312
0.035173632
0.06240415
0.15829705
0.95602
0.9599392
0.887541
0.055703253
0.037038434
0.035299245
0.035938244
0.037243653
0.040049393
0.04755938
0.06753135
0.81214404
0.09317507
0.060252886
0.0724012
0.8963977
0.8413011
0.86905515
0.92888784
0.8278028
0.79085135
0.075026445
0.05790985
0.065799564
0.9149945
0.95639384
0.9605654
0.8919925
0.051911924
0.034452602
0.032230098
0.033617627
0.034316864
0.034353573
0.034825373
0.036140744
0.042996842
0.083129115
0.92275417
0.8610878
0.93904495
0.9159925
0.2482051
0.76904064
0.07165743
0.051393025
0.04530973
0.052214608
0.08186137
0.81850785
0.85962665
0.116823725
0.09128671
0.0982704
0.14526306
0.69443107
0.36031318
0.61266875
0.14074408
0.12977803
0.20560256
0.19569792
0.25630367
0.8718417
0.9153904
0.9143243
0.8712184
0.1832564
0.12457166
0.18920334
0.56493247
0.15381639
0.16244642
0.52503836
0.17117025
0.2181958
0.13863729
0.12366671
0.2280253
0.84639233
0.8726854
0.103172205
0.06646998
0.07409096
0.09681145
0.866476
0.8135314
0.83968043
0.904166
0.8577214
0.9201939
0.8825032
0.92129
0.7948272
0.074241474
0.053385142
0.0601735
0.07628044
0.73029584
0.81885767
0.92860264
0.9141027
0.9090382

