0.6616102
0.6383412
0.6986949
0.8334566
0.81240654
0.8056205
0.85177714
0.6072264
0.18730067
0.18779877
0.19105662
0.19125149
0.16645205
0.5063635
0.20230114
0.15083067
0.15463305
0.26990104
0.1434316
0.15007092
0.5722558
0.58736795
0.23574018
0.32815477
0.18903889
0.24195932
0.21513134
0.22486979
0.19416068
0.86193204
0.88620806
0.77933836
0.14393198
0.07478894
0.056505624
0.050825495
0.09281262
0.08985766
0.17099765
0.8971778
0.89205927
0.75532514
0.7313496
0.85897624
0.15632373
0.17832148
0.1745422
0.13995504
0.7531744
0.10986839
0.13042256
0.16593912
0.92284507
0.19120339
0.050912965
0.04291179
0.04173339
0.04327941
0.042414702
0.042171486
0.041946962
0.043150395
0.04854833
0.06778742
0.82475126
0.073188536
0.04336849
0.039366085
0.06716765
0.1297026
0.9243916
0.9414772
0.9504234
0.95336324
0.95468163
0.9516006
0.9590611
0.95406556
0.89830774
0.047216248
0.031377655
0.027603932
0.028583547
0.02958161
0.03020425
0.031551998
0.037367743
0.05517304
0.8963496
0.90033376
0.15303221
0.12841702
0.83503294
0.8748452
0.90234727
0.9274493
0.83694017
0.13027751
0.12033911
0.886008
0.93537945
0.9421519
0.95873106
0.9558445
0.92071646
0.07586568
0.03606882
0.031306025
0.033365298
0.03646327
0.03989857
0.044558946
0.04853472
0.06784064
0.10625086
0.74504566
0.122420765
0.118617296
0.13426484
0.1368517
0.8488798
0.73839605
0.71804875
0.13610792
0.093577266
0.118547186
0.11593268
0.64752626
0.25083742
0.83683723
0.15014777
0.14045839
0.107238
0.26526403
0.89737684
0.84511787
0.9135068
0.8023069
0.8177778
0.07643816
0.05135514
0.08142571
0.08255524
0.04825278
0.046893056
0.075976804
0.115069434
0.8733213
0.9139064
0.08870023
0.05804635
0.08429237
0.18700612
0.9338014
0.9443318
0.93810403
0.16417971
0.088517144
0.08088552
0.86505306
0.89625114
0.8921596
0.8788988
0.08117185
0.06792299
0.07541734
0.87177765
0.9276127
0.9060878
0.1532896
0.07973688
0.057984184
0.071069084
0.7134306
0.7454093
0.119150765
0.08815238
0.07010568
0.088525146
0.88113457
0.89656466
0.86466885
0.8785537
0.92475766
0.91778266
0.851267
0.8758316
0.7790578
0.78028476
0.89221174
0.90782315
0.85883015
0.8823446
0.7154708
0.61145556
0.17698663
0.08984036
0.078496814
0.052932903
0.055329714
0.111247
0.12032142
0.8643465
0.76720566
0.7711864
0.8489641
0.7619322
0.7996109
0.92465246
0.93990415
0.9353333
0.120133564
0.05685887
0.03870615
0.036361165
0.04358522
0.092386335
0.9234234
0.88068444
0.11572048
0.071845904
0.042049747
0.043971963
0.06799744
0.9357345
0.9501757
0.8990033
0.9438698
0.06152059
0.035953294
0.03184785
0.03167013
0.029787801
0.029782496
0.031434253
0.037718754
0.06692164
0.9338686
0.9502573
0.9655567
0.96194977
0.93381846
0.1311925
0.12285778
0.8453928
0.06094731
0.038558625
0.034789786
0.03440334
0.036334835
0.042894505
0.0655738
0.8652307
0.91187024
0.08080601
0.046757996
0.044956114
0.06927489
0.17827083
0.9138779
0.92258424
0.92431897
0.8598097
0.8520507
0.91740257
0.9280373
0.92290354
0.86643535
0.9151683
0.84246725
0.8085175
0.8232584
0.059820957
0.042713452
0.03504234
0.03570546
0.043431617
0.06976024
0.900898
0.28146133
0.18819347
0.8936412
0.083797164
0.043569744
0.03860866
0.04728721
0.1210963
0.9425314
0.95486313
0.9536146
0.9428626
0.07039624
0.044204358
0.039006077
0.04598634
0.07963409
0.8341279
0.13855232
0.16838348
0.8896776
0.10686778
0.08623497
0.19589391
0.91644645
0.07745758
0.04567864
0.040371694
0.03895928
0.038436934
0.038479704
0.0412621
0.06666651
0.106822506
0.93892443
0.9341754
0.86097556
0.07380181
0.055340074
0.053130712
0.062328614
0.110549286
0.08095835
0.16119896
0.8130182
0.08721975
0.052832607
0.046013832
0.048540078
0.06312222
0.043882534
0.038163356
0.035136715
0.03326368
0.033225752
0.0397699
0.094451405
0.9337667
0.9441153
0.9408902
0.9562966
0.9578511
0.95670503
0.93656355
0.9503517
0.86123836
0.04956852
0.033993
0.032203164
0.038777355
0.042636935
0.046033766
0.07544128
0.09925295
0.1918878
0.8333112
0.090326525
0.053100135
0.047248792
0.050997704
0.058230337
0.06742666
0.09304457
0.9282154
0.930411
0.8446655
0.17617442
0.105734006
0.12839858
0.07943488
0.07731723
0.093620166
0.15392487
0.10801127
0.08574994
0.082403205
0.10749504
0.11105489
0.10917476
0.18194255
0.227258
0.25768432
0.87149435
0.8334659
0.88289744
0.8021584
0.80310065
0.9036522
0.92328316
0.9241311
0.9070626
0.8331315
0.87032634
0.8057855
0.8054496
0.8877653
0.83364385
0.90519845
0.14965658
0.08408444
0.056628842
0.048947003
0.05269956
0.104446135
0.7968738
0.7276799
0.70547307
0.7344394
0.78645426
0.9144084
0.92866963
0.14771579
0.054299533
0.049417775
0.06816472
0.8437024
0.82882243
0.870547
0.9334273
0.93711925
0.89762837
0.9304239
0.9156018
0.18326594
0.12636453
0.7477198
0.78315353
0.09187871
0.07602874
0.24857692
0.9300609
0.927892
0.89163554
0.87541455
0.07738381
0.059497144
0.06805921
0.8223582
0.8813732
0.22246447
0.40131977
0.88793886
0.8579436
0.85077256
0.8433585
0.8344348
0.83691347
0.8547275
0.8694785
0.91152006
0.2266281
0.07868501
0.079436004
0.17527117
0.8895992
0.8660348
0.9324798
0.9361125
0.88666713
0.92591995
0.82969576
0.112741895
0.061858367
0.05111081
0.062002752
0.17016219
0.42621148
0.912418
0.90131724
0.76165456
0.12202157
0.113899015
0.6900801
0.7590301
0.09102105
0.07725005
0.08014887
0.051163383
0.05928506
0.85319126
0.93899155
0.9213549
0.95614654
0.9477971
0.06282644
0.036626015
0.03254896
0.035370987
0.03607853
0.03686557
0.038431507
0.038823094
0.040447444
0.044997256
0.061691385
0.8250187
0.07840877
0.054963056
0.066494666
0.924125
0.93595135
0.9519761
0.9596331
0.9610212
0.94247127
0.07039299
0.054686856
0.07467151
0.7786494
0.066000246
0.046279714
0.044976786
0.051810518
0.08134723
0.81927675
0.08156755
0.048112582
0.03973888
0.036912944
0.040147282
0.061219588
0.88455415
0.93948025
0.90156716
0.8904536
0.92769736
0.07874
0.056311343
0.06772821
0.10572722
0.0978186
0.722797
0.68292165
0.18070617
0.16630998
0.8926532
0.91422254
0.8398307
0.877682
0.15816452
0.12096415
0.112807624
0.10090593
0.20289807
0.2426924
0.24236299
0.86216795
0.8781147
0.38576356
0.19644235
0.16840348
0.16017766
0.8858405
0.9082563
0.792035
0.7566656
0.76237786
0.08754657
0.08549358
0.06083011
0.07294468
0.7554214
0.1677449
0.110529006
0.7662705
0.16036223
0.099267654
0.20236053
0.92249596
0.94352454
0.9489658
0.91439843
0.907996
0.9377432
0.16115291
0.070476584
0.100717194
0.80062735
0.06606518
0.04366699
0.03915842
0.03982138
0.047747776
0.0706027
0.8126544
0.8337263
0.9232036
0.20941052
0.22367851
0.17784011
0.09425913
0.063034736
0.062677845
0.082747325
0.7614665
0.09089357
0.058149457
0.055635873
0.08887392
0.14488254
0.85255045
0.08250659
0.046377923
0.038018413
0.036764342
0.042844493
0.074925624
0.94500667
0.9597927
0.9346347
0.06457255
0.04126609
0.03908978
0.042273313
0.051716138
0.088778205
0.8280596
0.10409611
0.060067136
0.05147487
0.05589954
0.09716325
0.8238137
0.80841845
0.104426876
0.07428783
0.10666145
0.80678254
0.7908263
0.092960864
0.056459285
0.05513074
0.08044004
0.78443617
0.091041885
0.065106556
0.05415195
0.08632139
0.89387536
0.9193094
0.1639238
0.10772574
0.1396937
0.91671604
0.92165923
0.088681296
0.06824169
0.10251694
0.89412934
0.8595867
0.86517066
0.15726042
0.13754813
0.84148943
0.29861775
0.87115467
0.815078
0.11755183
0.17853816
0.3682416
0.9313608
0.93700546
0.096324764
0.051965788
0.05164254
0.062435776
0.71137524
0.0828539
0.06648505
0.10023992
0.284918
0.92152864
0.91270196
0.0883832
0.05108394
0.048900574
0.06767227
0.9022525
0.91842496
0.8844254
0.9340493
0.9295084
0.86848897
0.93028295
0.92878205
0.8601318
0.91978484
0.89251214
0.103734
0.07000448
0.06980993
0.11083052
0.9039043
0.90851146
0.43021792
0.1065148
0.111136094
0.097125225
0.11271853
0.11320928
0.28546628
0.68821156
0.7849938
0.89306396
0.86532843
0.44124436
0.50258917
0.61295915
0.8443424
0.26052016
0.13187963
0.1628933
0.18790673
0.71451646
0.105494626
0.0645096
0.049066607
0.049523033
0.0475545
0.047177207
0.04134726
0.038180165
0.03621126
0.036469214
0.04390713
0.065525144
0.94653815
0.965045
0.96268123
0.10593501
0.057811085
0.041695274
0.037286405
0.0361954
0.0361558
0.03610611
0.035242815
0.034859013
0.036283404
0.045543578
0.123682186
0.941859
0.9507105
0.9501547
0.28719643
0.06784154
0.06838506
0.11838512
0.8942548
0.07556992
0.043565568
0.037389394
0.04141658
0.05787335
0.91895205
0.8942733
0.9058602
0.26086238
0.14335786
0.08108146
0.055893764
0.06407966
0.9032917
0.90819937
0.93511176
0.9167414
0.9324551
0.9235561
0.87497383
0.8708273
0.881994
0.92445743
0.9295788
0.9168094
0.94371957
0.9382024
0.9496629
0.9346748
0.05926616
0.03834835
0.037944455
0.04884354
0.0842527
0.8194844
0.07978386
0.051480208
0.047837567
0.055426873
0.055280745
0.062189292
0.04909802
0.04862902
0.048883677
0.046762723
0.04569848
0.04715663
0.041839324
0.04850214
0.10348087
0.85853744
0.9169064
0.926871
0.86928415
0.9427815
0.9402303
0.9252861
0.06698295
0.04035874
0.036867857
0.058495384
0.070684
0.06571334
0.8997303
0.94712603
0.9605446
0.9578928
0.8874199
0.10999197
0.064639576
0.048454016
0.039830066
0.04334887
0.060675796
0.8147447
0.88521564
0.7776667
0.75610995
0.8241575
0.68418735
0.6972544
0.86198837
0.88871795
0.724608
0.16455927
0.20044638
0.15358056
0.074784294
0.04904208
0.0709072
0.07635236
0.9146439
0.9027199
0.94511795
0.9404177
0.8704982
0.8893398
0.94508046
0.9359453
0.066716015
0.048048284
0.045478772
0.07191407
0.07236554
0.088497095
0.121100746
0.070590295
0.13095109
0.16434988
0.171392
0.15226662
0.9225373
0.9209897

