0.91972625
0.94123256
0.91577953
0.91748273
0.803807
0.125638
0.08114144
0.08195176
0.15258323
0.8295252
0.92588586
0.93464
0.13965808
0.054048806
0.042761486
0.04674756
0.072182156
0.8869524
0.93132025
0.88328046
0.9316975
0.074930996
0.04520144
0.043655444
0.06433515
0.11275979
0.8717576
0.19088805
0.081208274
0.08009146
0.14715427
0.13983975
0.15341811
0.68637186
0.891768
0.38386047
0.11327886
0.074041605
0.06279758
0.073535465
0.05790346
0.070246525
0.08286795
0.06915141
0.05712516
0.104225986
0.094918
0.8013813
0.8982571
0.9096854
0.8387198
0.9180058
0.9136214
0.79416674
0.07728055
0.04980483
0.053129524
0.11951107
0.90025264
0.9346503
0.8679408
0.06864412
0.045843776
0.046594884
0.069372796
0.7792244
0.7822796
0.85600126
0.94629234
0.9494644
0.93448925
0.07372092
0.05346817
0.05115517
0.06621382
0.7307634
0.16629873
0.12313867
0.10256896
0.10975962
0.078539066
0.07619255
0.042535026
0.053126905
0.056848038
0.86719507
0.91518235
0.93894124
0.9227976
0.9549167
0.9556553
0.9472713
0.8748169
0.05018925
0.034859166
0.029227005
0.029175894
0.032039627
0.04260833
0.075183146
0.92972463
0.935189
0.92442095
0.9390352
0.075801045
0.052057385
0.038097084
0.032718234
0.032802403
0.03758349
0.05161097
0.80208915
0.8089957
0.86134005
0.9300348
0.9297807
0.85224766
0.84871334
0.86477417
0.9269748
0.06924412
0.04513101
0.039957915
0.048717283
0.06564797
0.05778698
0.05840479
0.10501554
0.1804309
0.8775181
0.9334266
0.92854136
0.14762416
0.09458176
0.18216166
0.72432905
0.08158645
0.06348269
0.06969706
0.8153881
0.88067293
0.9523401
0.9553306
0.8907967
0.8539762
0.058587346
0.039159227
0.037232105
0.041444294
0.04858217
0.06523451
0.7986536
0.9001739
0.8162873
0.79897654
0.19017988
0.07233572
0.05824817
0.077638306
0.7749571
0.07534842
0.049174186
0.045087323
0.053989414
0.115686014
0.18342221
0.90974265
0.9361547
0.08194585
0.05022561
0.049894415
0.07291604
0.8551553
0.07668837
0.052175846
0.0534261
0.07546063
0.93412036
0.958862
0.9602716
0.91190183
0.06079977
0.046764158
0.05458779
0.12273063
0.9038825
0.08518503
0.04761469
0.046172656
0.06112397
0.85552776
0.93034464
0.8880633
0.15047784
0.09845652
0.09176429
0.06048965
0.05010164
0.04236088
0.04125979
0.04485942
0.0662527
0.10287774
0.85250044
0.9363382
0.9450037
0.9249014
0.7403082
0.6965446
0.08556674
0.069250114
0.050611887
0.053000014
0.08148834
0.15517429
0.9138804
0.13154387
0.060319256
0.047070447
0.047200117
0.04728208
0.048017714
0.04969878
0.08287641
0.09056837
0.12915683
0.14060749
0.24026869
0.9303175
0.8762541
0.081642866
0.044159595
0.045393936
0.036338557
0.035261985
0.032882087
0.037144337
0.05711248
0.917664
0.9466053
0.9603548
0.9578056
0.88520145
0.8734227
0.054689985
0.035278548
0.031089194
0.029792624
0.038222015
0.05190433
0.9242406
0.94679594
0.96179724
0.96331173
0.94705075
0.055092707
0.034502063
0.029715708
0.030018622
0.03622108
0.061159827
0.93909407
0.9532262
0.91123027
0.8830143
0.058032006
0.03702002
0.0338426
0.0346155
0.037253153
0.041423865
0.054515477
0.15589117
0.9429266
0.9428164
0.8857955
0.10244786
0.06157881
0.074196465
0.099006034
0.079749
0.070463605
0.08947261
0.101218455
0.7181736
0.34297332
0.7891029
0.28487298
0.109521225
0.09479204
0.082690254
0.10476725
0.07811798
0.1035153
0.10139616
0.12718166
0.8467566
0.9332299
0.2855885
0.068930864
0.04522111
0.05667495
0.042445343
0.042548943
0.061146636
0.83142775
0.81678426
0.92413205
0.9348751
0.17525497
0.08507575
0.10162216
0.8239191
0.08794151
0.06255361
0.05289052
0.06764957
0.89377517
0.889634
0.9452599
0.8782069
0.0599896
0.03868728
0.03508168
0.042512473
0.08031405
0.93775535
0.9494684
0.9443373
0.13456874
0.0534227
0.051394515
0.121663034
0.90610707
0.93151695
0.9290504
0.9481492
0.9398837
0.94295025
0.8946437
0.0686378
0.042562544
0.042287488
0.06375356
0.8973485
0.9393903
0.9395425
0.9542421
0.937773
0.059299618
0.03992725
0.034843657
0.039696883
0.060134564
0.92177105
0.8862649
0.9299552
0.12725246
0.11552552
0.756773
0.15122697
0.19287068
0.8102693
0.07737801
0.051022794
0.059171323
0.052600514
0.05371533
0.0613361
0.06894203
0.067310356
0.07318404
0.17118073
0.9055484
0.33949664
0.11958632
0.10114596
0.08107725
0.13223168
0.19702987
0.7133813
0.40109423
0.1592741
0.2199133
0.68775886
0.2952156
0.10018512
0.10420709
0.09699072
0.1714687
0.66188705
0.36249992
0.19641002
0.15037322
0.14925157
0.24149902
0.19923796
0.66934705
0.87658334
0.8971701
0.8664734
0.16290924
0.088657744
0.09523626
0.09751714
0.09200931
0.09038908
0.105884366
0.16092922
0.7538224
0.33523563
0.32084772
0.8630892
0.9191322
0.9320055
0.91494995
0.94416004
0.91876

