0.86256105
0.91943324
0.9180588
0.8615686
0.83363533
0.26943806
0.23132792
0.7006842
0.41403088
0.37894666
0.31040093
0.32689434
0.4225331
0.5589729
0.81447834
0.8535808
0.7816512
0.8523114
0.72952956
0.6905576
0.12253033
0.07173255
0.08927786
0.070079744
0.055234555
0.09469846
0.077423476
0.12081668
0.20750871
0.9137137
0.9383459
0.9345008
0.9066355
0.1310807
0.12498109
0.67836076
0.68797946
0.08770856
0.07834151
0.12705149
0.8629175
0.12653875
0.12308163
0.12004789
0.899485
0.9257574
0.93542206
0.933885
0.90978354
0.92772603
0.95117444
0.94966745
0.936258
0.0670458
0.044849075
0.037369892
0.045120876
0.058994524
0.72258914
0.20355567
0.80508214
0.9146062
0.07330946
0.043470237
0.037201975
0.040017188
0.05064003
0.10740868
0.8852726
0.15522279
0.15714894
0.9241904
0.9450535
0.90401924
0.85610867
0.124761164
0.14128315
0.88319945
0.15022457
0.06469847
0.083339825
0.12614612
0.9168075
0.25127378
0.10448732
0.050116844
0.051348355
0.05450882
0.06730625
0.094064265
0.07166954
0.075820096
0.06614909
0.095148586
0.1632342
0.07752887
0.054941744
0.0474545
0.04519229
0.044990573
0.048523434
0.06023294
0.09768324
0.91173595
0.1003621
0.055043705
0.047242317
0.05644697
0.0936692
0.9045492
0.07980053
0.043679852
0.03654895
0.04035952
0.06254913
0.94240224
0.95584023
0.9515593
0.9181607
0.05785296
0.038698494
0.03612206
0.044270787
0.0789656
0.92996436
0.8741319
0.8910043
0.069381215
0.045913197
0.04335931
0.052487053
0.06918159
0.7715713
0.09508831
0.09026892
0.076497324
0.06381582
0.08483034
0.89902925
0.9169279
0.92018783
0.8484581
0.89494073
0.8042966
0.8269917
0.9267851
0.939471
0.23466708
0.053039186
0.044435065
0.03911578
0.040398043
0.054433364
0.06164696
0.047498282
0.050375436
0.09434997
0.9406192
0.95565265
0.93121237
0.0872911
0.046297234
0.03912143
0.041115217
0.04289913
0.042934466
0.05024166
0.0645389
0.07237527
0.13670103
0.898222
0.1026881
0.063977525
0.06252164
0.092117175
0.8698232
0.10475554
0.07210992
0.082853794
0.073477715
0.84896433
0.8810822
0.9339351
0.9588726
0.9538915
0.16296811
0.07339211
0.057264965
0.035450183
0.033860803
0.04053866
0.053563114
0.07035282
0.86764395
0.76448023
0.8377389
0.9380774
0.9487067
0.94012547
0.81944823
0.088994816
0.10705862
0.06333799
0.07539146
0.07090332
0.7354163
0.09780924
0.06684711
0.106024586
0.8989097
0.94524574
0.9596644
0.96198374
0.9572367
0.90785646
0.094469704
0.04431467
0.04603539
0.045634855
0.049528904
0.050708644
0.0497763
0.04754919
0.048597813
0.050088465
0.06777923
0.052571278
0.048021436
0.08470492
0.8686921
0.8597286
0.90659213
0.9528175
0.9460461
0.16199134
0.07879933
0.097733736
0.08607871
0.08374404
0.2633057
0.90673274
0.14436598
0.08055025
0.15162341
0.10023417
0.07761629
0.07257223
0.07471699
0.11976455
0.10755886
0.16115972
0.12645155
0.8127583
0.9028991
0.80044013
0.77095926
0.20046309
0.1840113
0.25671005
0.12584803
0.068905756
0.06087086
0.05760309
0.05121438
0.06750837
0.7802269
0.86578345
0.93491113
0.9295973
0.1245552
0.10802139
0.17748177
0.12971488
0.7466824
0.14349794
0.083820775
0.07445431
0.06699834
0.051591735
0.051936567
0.04782301
0.051515467
0.06789677
0.09102156
0.83739734
0.8325303
0.089571245
0.05940085
0.061141394
0.07942751
0.8167453
0.083291106
0.054663725
0.055244416
0.056441616
0.080424674
0.889328
0.872906
0.08037484
0.05628029
0.06312042
0.88339615
0.9083386
0.9415705
0.93311256
0.9375554
0.95059925
0.93090755
0.9049194
0.85868907
0.06551746
0.056494847
0.07238577
0.8571227
0.9175814
0.13394256
0.07161874
0.046481553
0.04377731
0.04215397
0.04399157
0.0491115
0.059811417
0.106412865
0.90958375
0.1070275
0.059621975
0.050106145
0.050502148
0.054036584
0.05094733
0.05042108
0.051279992
0.054388355
0.0887459
0.09199537
0.101101354
0.12528494
0.09702725
0.15844333
0.9178973
0.14698528
0.06374365
0.056722995
0.073548324
0.777593
0.79040563
0.120739296
0.10475707
0.7743527
0.073559605
0.047892764
0.03884416
0.04440574
0.052744355
0.89412194
0.8856418
0.9380792
0.96053326
0.957958
0.94648176
0.101573
0.046324745
0.038324513
0.046716873
0.08599722
0.92347515
0.8895955
0.9345502
0.82293606
0.10303449
0.107191935
0.76906705
0.7993818
0.086570166
0.06898568
0.13176112
0.19231904
0.8364099
0.18467847
0.08223312
0.12070011
0.22626325
0.30072254
0.7609517
0.27181038
0.3196205
0.189071
0.22341232
0.08989313
0.06254557
0.07325238
0.15581582
0.22905293
0.17368254
0.05687281
0.042306572
0.047750533
0.03917208
0.03923209
0.053733297
0.90678
0.9003504
0.9449984
0.9634675
0.9545224
0.069850296
0.040825438
0.041944586
0.040863097
0.039581317
0.044708733
0.052961573
0.061781503
0.07291476
0.08136793
0.9097403
0.8832215
0.9128789
0.94149315
0.95140797

