0.67239225
0.24193375
0.44025737
0.13401303
0.14033677
0.11842852
0.15122144
0.21443914
0.707893
0.78931546
0.872136
0.8107968
0.900704
0.9165122
0.91882664
0.91430545
0.89330363
0.81000996
0.88933766
0.81661206
0.90637964
0.08817308
0.043096907
0.03809677
0.04205094
0.09307425
0.13146791
0.14981201
0.13637951
0.90737975
0.8734412
0.89866143
0.91038126
0.94225013
0.124455646
0.061398737
0.046783563
0.041077822
0.037519075
0.040326633
0.055716276
0.119676
0.88591814
0.90218633
0.9013893
0.7998418
0.7286096
0.6501461
0.64467007
0.62340033
0.11719562
0.090895526
0.09919761
0.21545164
0.16156857
0.58326936
0.17462431
0.20186248
0.28178722
0.28210548
0.18160954
0.14891385
0.1380354
0.15804742
0.15692957
0.20302027
0.8797371
0.14701901
0.11486828
0.73311794
0.08544858
0.06365904
0.07756307
0.79742265
0.7860312
0.16345498
0.07622991
0.080081925
0.10236229
0.08077007
0.8579971
0.86359894
0.8893751
0.9163177
0.9460572
0.8873054
0.8673315
0.060167015
0.041491643
0.038568065
0.04633296
0.113320254
0.911842
0.89803743
0.11549798
0.09419998
0.14968766
0.7911066
0.1848422
0.16744685
0.8090989
0.7881308
0.8938539
0.89656
0.75926715
0.19057035
0.2844916
0.21731712
0.13430552
0.111660235
0.10495705
0.67665035
0.6896032
0.7601271
0.8073291
0.8282671
0.20464577
0.16815001
0.12729515
0.09208503
0.08809611
0.08180621
0.14417735
0.19697006
0.10418888
0.10079234
0.06972648
0.104535796
0.6848817
0.7447163
0.8840287
0.8964663
0.8186241
0.8326593
0.9261232
0.93474746
0.9168981
0.087292224
0.06221912
0.08741543
0.07041424
0.13486311
0.2924314
0.87427217
0.4814965
0.4431207
0.1133122
0.075872
0.06875205
0.07651618
0.10708618
0.14352351
0.174016
0.78041476
0.09641565
0.08173235
0.059800353
0.06139088
0.054270137
0.09669304
0.84236765
0.85414904
0.923275
0.88815576
0.92034954
0.84392875
0.85346025
0.9181615
0.85913724
0.0849734
0.051540527
0.041894387
0.039257355
0.045292817
0.062132113
0.9141341
0.94028556
0.9393741
0.14267726
0.08134081
0.086931795
0.13219886
0.9031456
0.924404
0.94284713
0.9530422
0.9217558
0.09196561
0.0735507
0.046702128
0.03565779
0.0420542
0.073845685
0.9463708
0.9634999
0.96694815
0.95915496
0.09603193
0.043403268
0.031644534
0.033226077
0.03563833
0.04143283
0.04361163
0.061249856
0.096109085
0.19037506
0.9497083
0.94811624
0.08905967
0.07062694
0.077138126
0.08091685
0.07784856
0.06793311
0.054836728
0.047794018
0.054533914
0.07307772
0.815571
0.20426486
0.21110418
0.9162526
0.20301577
0.06593415
0.065241575
0.041788314
0.038724463
0.040700257
0.058068067
0.08274773
0.14632653
0.8458794
0.92005885
0.9250576
0.8736244
0.8522794
0.84494984
0.86226785
0.91290945
0.91552866
0.8868413
0.91827196
0.92067116
0.92018074
0.91369915
0.8705344
0.900495
0.8388141
0.8380252
0.87112963
0.9316188
0.93101984
0.20097299
0.17731793
0.11910901
0.05699097
0.044796545
0.042012017
0.043126777
0.05082029
0.07940393
0.89046425
0.90254974
0.078645766
0.045548037
0.040570967
0.04482158
0.06548663
0.8957314
0.8829111
0.894646
0.07008555
0.04451491
0.0417955
0.047614522
0.089900285
0.88278
0.8690007
0.099703155
0.093830615
0.10650227
0.12665753
0.8428937
0.13469855
0.08505999
0.06765503
0.084875405
0.20858999
0.93419117
0.93394834
0.07161357
0.044231918
0.03727094
0.036336087
0.040959604
0.08411491
0.91396266
0.92099285
0.9534536
0.94818306
0.89894617
0.22591145
0.14350761
0.09630841
0.082394816
0.88800675
0.9145969
0.89651704
0.9279223
0.9073427
0.9394872
0.9272501
0.9344705
0.93064296
0.9419687
0.0628595
0.041425005
0.03457118
0.03741588
0.041840978
0.046381105
0.06579229
0.08316083
0.07298393
0.05640819
0.061750192
0.0586908
0.076810315
0.14600597
0.17670226
0.15999506
0.110355906
0.109360605
0.122089714
0.05974612
0.06084074
0.120032325
0.8340525
0.88594645
0.15303046
0.11284727
0.15738095
0.85858226
0.757311
0.54853004
0.3550683
0.1440289
0.19812527
0.13835323
0.1419426
0.82897985
0.7976499
0.90706855
0.90701056
0.19851036
0.1411763
0.18326269
0.17172894
0.137802
0.19574758
0.91945803
0.12441197
0.0561721
0.04639465
0.044207804
0.039761636
0.041215092
0.048208486
0.07258111
0.862929
0.13660422
0.13083886
0.8624538
0.11714684
0.089120656
0.85874
0.8866579
0.91548145
0.94403946
0.9137409
0.8954898
0.8588341
0.8335573
0.12572683
0.13437219
0.8985547
0.88496333
0.1585495
0.1766803
0.8680526
0.07203384
0.04984625
0.044720657
0.04116324
0.045176875
0.053525116
0.0646613
0.16382462
0.91757715
0.11579728
0.09126884
0.07624042
0.08964956
0.14981312
0.16965552
0.7878531
0.07226783
0.045703523
0.04357163
0.050017808
0.13127862
0.94164944
0.9562083
0.9587261
0.90933645
0.24520366
0.08629396
0.09900465
0.087833606
0.09826493
0.70036393
0.7271495
0.7595034
0.7760138
0.821453
0.8467976

