0.93735033
0.9498035
0.8742727
0.07579125
0.044490658
0.045196604
0.046435308
0.046287593
0.046343077
0.04868514
0.048779022
0.046659395
0.04597787
0.043484226
0.043288708
0.044097666
0.054260917
0.13564421
0.9113655
0.45297542
0.22480685
0.8681067
0.13010964
0.15350512
0.13696165
0.81733567
0.8126849
0.90065414
0.4361678
0.79411834
0.12789008
0.108476765
0.84809226
0.9292861
0.13045791
0.045249227
0.03671641
0.04019985
0.051107924
0.18505876
0.93361104
0.9247747
0.1713742
0.12512206
0.8962752
0.8950941
0.88575935
0.921927
0.16324319
0.15932412
0.9220788
0.9416163
0.07493736
0.038203698
0.032820825
0.03260379
0.032962956
0.03514019
0.040786278
0.06517215
0.824386
0.38131237
0.9329656
0.94486886
0.93634605
0.08956394
0.06857806
0.08109451
0.7200454
0.673527
0.16464503
0.26340222
0.8969701
0.8066081
0.07427294
0.049501933
0.04849849
0.064372204
0.08441857
0.8417105
0.7312606
0.8104243
0.92488885
0.93002594
0.82304955
0.9046275
0.086201474
0.060306653
0.053862996
0.048218943
0.052662246
0.09134554
0.113477305
0.81921583
0.91244423
0.24229592
0.12271173
0.23416482
0.9197646
0.8460601
0.06729533
0.043103818
0.04314757
0.042083174
0.04480406
0.044262204
0.041486796
0.039739497
0.0390418
0.041944087
0.054030634
0.83938897
0.84982353
0.9319239
0.42752078
0.569317
0.91802865
0.06855306
0.039540805
0.031680446
0.031113299
0.036476236
0.05331267
0.93760806
0.96251035
0.9656174
0.95263636
0.056940936
0.035604224
0.03143932
0.03184796
0.037315167
0.053033702
0.79814124
0.193524
0.37608898
0.9313738
0.9010555
0.9286958
0.0690039
0.044119388
0.044593543
0.059101317
0.9094341
0.91204107
0.94962454
0.93995166
0.8729812
0.07827961
0.056163516
0.061653193
0.87134045
0.92818505
0.89506906
0.9171092
0.09294283
0.06751512
0.10486652
0.8815821
0.92762434
0.9344105
0.9086445
0.16267675
0.120287076
0.84237826
0.81470066
0.8455445
0.94306475
0.9464624
0.8328772
0.8430019
0.057893462
0.04030275
0.03855093
0.055294834
0.05091263
0.056531068
0.084568016
0.084866285
0.13526422
0.88274693
0.14923514
0.106810406
0.16029096
0.105953276
0.0990486
0.06605378
0.0634145
0.07531553
0.06644643
0.0784475
0.06380403
0.055063363
0.054891083
0.06528543
0.112912185
0.07598686
0.06756007
0.07254439
0.049106114
0.05256241
0.09489548
0.93445
0.90293145
0.076955974
0.043412685
0.035374682
0.032511212
0.03172443
0.032179482
0.03538144
0.04771152
0.9180005
0.93894225
0.96392584
0.9680987
0.9676169
0.96154225
0.90558016
0.04789634
0.033049453
0.03167635
0.035961725
0.038230892
0.041024752
0.04594522
0.046374124
0.044231784
0.04442725
0.046789978
0.062786035
0.12234596
0.8335186
0.86349964
0.18288873
0.07242822
0.05117238
0.054110274
0.073618636
0.15758653
0.9134675
0.11667014
0.051879674
0.042165436
0.039258923
0.037174266
0.036302526
0.04047368
0.060927913
0.89603126
0.93695366
0.89627874
0.9315317
0.09027721
0.053838406
0.056851923
0.08185992
0.9010243
0.8396948
0.90962934
0.09137758
0.06170257
0.06257384
0.07534474
0.7733845
0.89659363
0.8120182
0.90551287
0.090647385
0.061952356
0.04763465
0.04933232
0.0657098
0.8557456
0.10351699
0.09652516
0.13638693
0.9314228
0.9544053
0.96124035
0.9310897
0.9408498
0.056777358
0.03564034
0.031562846
0.03374149
0.036144234
0.042693865
0.07767868
0.11915855
0.88993716
0.10340944
0.076331586
0.059264984
0.07489884
0.85678756
0.92666805
0.84500426
0.82940835
0.08084186
0.05657975
0.07395104
0.05932443
0.06253722
0.08833795
0.8739506
0.12097858
0.07671174
0.124535084
0.8171729
0.7483627
0.07236571
0.04775188
0.04881759
0.073166355
0.9306417
0.9416594
0.8806046
0.083195485
0.06991227
0.085928485
0.8286055
0.1485974
0.2699246
0.9241939
0.94778544
0.93935347
0.15061803
0.10564406
0.70919037
0.07262288
0.057382684
0.06736399
0.87394655
0.94097406
0.9374698
0.07145031
0.04746847
0.049343407
0.0749196
0.84952265
0.9039693
0.169137
0.10451806
0.11568532
0.8359994
0.1796082
0.1459364
0.79187566
0.8893846
0.09438859
0.062269434
0.048575222
0.052079346
0.06883463
0.087469496
0.75214374
0.6939884
0.13530621
0.13344266
0.08199642
0.08094834
0.7617068
0.87182087
0.79615325
0.8277824
0.91613805
0.9223021
0.08701021
0.049085353
0.048161194
0.06261416
0.8318094
0.8595137
0.8424723
0.8406037
0.07315629
0.04701422
0.04728902
0.06652424
0.8507585
0.85922545
0.95318776
0.955995
0.9429548
0.08113665
0.042906776
0.04399113
0.04176445
0.050258286
0.056508247
0.058831725
0.07092745
0.7981019
0.07432964
0.043085326
0.038496185
0.040315636
0.05300143
0.8911414
0.92859644
0.94121796
0.91944623
0.94091994
0.904784
0.9086645
0.93307394
0.87550396
0.8729549
0.90408534
0.80106646
0.76711094
0.7801169
0.80753684
0.90676236
0.077734455
0.048812617
0.052069526
0.062156998
0.093824655
0.8783521
0.19872977
0.27652773
0.20117559
0.08622029
0.06859441
0.12181669
0.08795711
0.09130239
0.6699223
0.7523426
0.7637342
0.83255386

