0.67845136
0.63209474
0.29045478
0.13100961
0.1299727
0.6376801
0.19743192
0.2558255
0.09155505
0.107246764
0.09338242
0.09697392
0.79115427
0.92606235
0.24170318
0.06575251
0.057752643
0.062206205
0.103876926
0.1126573
0.12895176
0.16786057
0.14263894
0.06602516
0.08823708
0.072942674
0.163002
0.93007123
0.20979442
0.056786515
0.042234086
0.038836736
0.04194381
0.039687116
0.041082084
0.052208327
0.8780255
0.92716265
0.8844453
0.8663812
0.89824116
0.07712517
0.043918453
0.035182703
0.033903155
0.044227533
0.091833636
0.9441053
0.95918673
0.9678354
0.96162426
0.1275587
0.056393914
0.03488016
0.0379124
0.038178038
0.037369475
0.038845964
0.042701792
0.06468712
0.1296121
0.91834724
0.82015866
0.080027275
0.053761292
0.05561864
0.09431421
0.74206775
0.19890879
0.13198431
0.2128854
0.86445206
0.87058413
0.77078277
0.86455643
0.12820587
0.100334145
0.104938544
0.1256171
0.097053625
0.14325027
0.796576
0.91995937
0.9287903
0.10408134
0.07328074
0.12337484
0.1985083
0.82162607
0.07831933
0.054045722
0.06824525
0.09247314
0.0655613
0.062548265
0.0951664
0.8897091
0.08481913
0.052779727
0.056343578
0.069420025
0.8730807
0.92139137
0.59261733
0.9294874
0.2063656
0.04897288
0.033803355
0.030002981
0.030056642
0.035453983
0.050910678
0.9344144
0.9616957
0.96545047
0.9542825
0.06098044
0.039512742
0.036218736
0.041938405
0.058306057
0.8037778
0.22425926
0.2960674
0.8946474
0.6121968
0.8550171
0.9167555
0.074647374
0.050325356
0.05015796
0.07281306
0.91078514
0.85305053
0.9398372
0.083905324
0.054019902
0.03943312
0.03674271
0.041685425
0.046794105
0.07371533
0.0983025
0.86954343
0.07720707
0.051677223
0.054122265
0.87550014
0.92979926
0.95448
0.96690893
0.96352303
0.9133381
0.050783973
0.03399024
0.032068193
0.036164153
0.0398308
0.04187953
0.03975524
0.038506776
0.037364274
0.036870442
0.037518933
0.043486904
0.09212239
0.18296091
0.92649233
0.88929534
0.9103345
0.9475776
0.9036039
0.8796193
0.8438993
0.862765
0.08785238
0.06754508
0.08270328
0.79050285
0.0740383
0.054040737
0.0753553
0.08022681
0.10384156
0.08457259
0.13513415
0.9051691
0.15486348
0.07190174
0.06214331
0.07316072
0.13004296
0.07221845
0.08946712
0.07750487
0.061025452
0.06540588
0.05744369
0.05193193
0.053868745
0.07176633
0.14079851
0.103798345
0.11408729
0.8952218
0.109416395
0.07063947
0.091659136
0.814615
0.8849493
0.08074427
0.04607437
0.039132435
0.03870158
0.045723572
0.074354626
0.88882476
0.10092555
0.07546098
0.2210942
0.9528082
0.9645519
0.9551037
0.91441447
0.05185258
0.034670655
0.032921106
0.036615092
0.040381957
0.042204756
0.04434087
0.048845846
0.047915317
0.0441282
0.04224263
0.04136919
0.044714138
0.072419226
0.10098885
0.8817445
0.93260586
0.867959
0.20690885
0.08479625
0.09135149
0.17125198
0.90315145
0.08748198
0.051255044
0.042648733
0.038587842
0.03628077
0.03796432
0.04099125
0.06111872
0.8859898
0.92426443
0.8976578
0.9336667
0.84610474
0.83460605
0.19216932
0.13200684
0.30270717
0.90453386
0.08780598
0.046027817
0.040053874
0.044664823
0.0654606
0.79358613
0.8797435
0.80562586
0.90269625
0.11138887
0.056900855
0.046778116
0.053060215
0.092004456
0.8658787
0.14168158
0.14637725
0.8509263
0.90824133
0.886259
0.93864125
0.8910508
0.93074745
0.36877045
0.17132351
0.8051669
0.1173225
0.051221028
0.04577339
0.05529846
0.13537066
0.81794983
0.08381027
0.049879555
0.04893589
0.06607388
0.8662911
0.93722385
0.86113596
0.8591057
0.07305429
0.04429996
0.04005857
0.040081635
0.04236013
0.04545898
0.071517706
0.08131427
0.7965828
0.18949187
0.10968545
0.7588583
0.70068336
0.7956608
0.8912893
0.8567984
0.93878055
0.9487142
0.94531244
0.9168539
0.09266885
0.08665578
0.08102665
0.080776915
0.085875615
0.099856
0.8885824
0.89304537
0.7549904
0.0912423
0.06194935
0.053762916
0.058361158
0.8706987
0.9388793
0.94848543
0.92997575
0.14053844
0.081914194
0.15486945
0.10556008
0.7707533
0.87714255
0.8174479
0.9148037
0.90524477
0.7280421
0.12339732
0.12662134
0.15854174
0.2596641
0.12611887
0.10901355
0.07166459
0.07305413
0.11311379
0.23256084
0.7380154
0.68842375
0.13295314
0.15729919
0.08668035
0.06900482
0.053257912
0.0460136
0.060885377
0.87613964
0.8660417
0.9241746
0.95942724
0.95440954
0.268983
0.06975467
0.07325918
0.05481922
0.075345285
0.07476277
0.07897252
0.80634254
0.8270086
0.82268065
0.78924304
0.7583721
0.77611107
0.89172834
0.8908178
0.7646805
0.69525284
0.6965696
0.72948307
0.80453116
0.91774184
0.9381192
0.9332699
0.9125873
0.07563983
0.051922157
0.08227808
0.056795646
0.08882589
0.8980975
0.8479865
0.82367885
0.8671461
0.93246853
0.94122505
0.9185864
0.9481069
0.9378908
0.8001468
0.79867774
0.05604231
0.038767796
0.03750582
0.03965037
0.042287078
0.048855983
0.06466044
0.23530212
0.8963791
0.19047035
0.17743455
0.20708057
0.7195055
0.67233443
0.13488434
0.1135642
0.14637259
0.8153453
0.8648468

