0.1339968
0.11481516
0.14243916
0.7705852
0.09885568
0.07025598
0.06430339
0.060187083
0.058638044
0.06563656
0.8244269
0.8283579
0.92843276
0.889416
0.07915037
0.04799485
0.039433498
0.03455581
0.032037854
0.031372502
0.035988458
0.05263864
0.90801334
0.91072965
0.94382626
0.9275859
0.91501904
0.90026975
0.89598197
0.90100956
0.91108316
0.9210285
0.9304327
0.9271604
0.9362398
0.056911882
0.034320913
0.03208315
0.038585547
0.039366607
0.03883048
0.069687985
0.13441817
0.9154059
0.87664306
0.94633234
0.9482238
0.8886836
0.9245943
0.07833773
0.056112453
0.08218206
0.110843726
0.1288078
0.09868059
0.70935756
0.6815277
0.16205285
0.19123428
0.18134856
0.89334273
0.9211347
0.91841984
0.1390847
0.1323205
0.113091044
0.08880286
0.17409444
0.15677838
0.7259806
0.101597294
0.08486787
0.1482921
0.8734066
0.7707604
0.16599108
0.15833908
0.8669086
0.13860333
0.16457665
0.086394906
0.09824425
0.716596
0.13465439
0.13400428
0.8040144
0.0927131
0.05262163
0.046527375
0.045621783
0.04552191
0.047833953
0.05467762
0.082344756
0.8449856
0.8371618
0.08687
0.051257715
0.04551118
0.04894475
0.07018255
0.8320493
0.77893263
0.12113693
0.105503514
0.7819271
0.82142
0.086852625
0.066606306
0.08491509
0.9285869
0.9334609
0.94108427
0.08820365
0.060500287
0.06994292
0.8040453
0.07841776
0.062004242
0.10117076
0.93371075
0.95787
0.95096284
0.93041193
0.059101027
0.035210665
0.0308791
0.030717257
0.03541498
0.048384998
0.82713866
0.86895406
0.937358
0.852403
0.07639038
0.059773453
0.071907215
0.8323699
0.9104464
0.15550552
0.160624
0.9155398
0.8491172
0.062585786
0.040925268
0.038554654
0.040407006
0.042568225
0.04384469
0.045020595
0.047458485
0.053216897
0.07499845
0.74041253
0.13956761
0.1703889
0.88342
0.27925342
0.826738
0.10635266
0.050624676
0.04410647
0.04409424
0.05120853
0.052865494
0.065085426
0.09566387
0.9136864
0.9163441
0.3797608
0.1261655
0.11243445
0.13419165
0.14834842
0.8785953
0.113107614
0.06928844
0.074332446
0.05025715
0.04486206
0.046396166
0.049306132
0.05286934
0.08776383
0.89826524
0.80542797
0.09313973
0.066652216
0.09195591
0.8552079
0.8583055
0.9104529
0.94659054
0.9359018
0.21574432
0.07896916
0.085218504
0.82514906
0.92617536
0.9345593
0.13482913
0.069905326
0.088213794
0.08772278
0.74043417
0.7731082
0.19853939
0.13317288
0.78032714
0.077523075
0.057234406
0.042422466
0.03987095
0.045190517
0.07158389
0.8798993
0.93618417
0.124796145
0.054836635
0.052605513
0.0758698
0.8701361
0.8939273
0.07131162
0.040335488
0.03314358
0.031652898
0.035305362
0.04582559
0.8922779
0.9297536
0.9410445
0.9482213
0.931882
0.91552204
0.057792373
0.036418255
0.032812938
0.03422877
0.04181359
0.07184362
0.8693133
0.8691173
0.0922886
0.056142185
0.06263186
0.22039324
0.94537634
0.9504441
0.15295209
0.047048654
0.038720865
0.041396756
0.049592625
0.06820623
0.77159256
0.73055327
0.21140257
0.34284055
0.8619284
0.92722577
0.86522657
0.90628886
0.11122176
0.07693321
0.0984526
0.081033826
0.10708561
0.6426052
0.18299745
0.29781216
0.2200505
0.08273305
0.061175026
0.059104178
0.07102439
0.7801423
0.86334
0.92421675
0.85538846
0.10887646
0.061511915
0.057747465
0.06984906
0.12124324
0.64570576
0.6084248
0.5953412
0.55523664
0.48793867
0.5570432
0.38708723
0.23802695
0.8414589
0.12831102
0.09111759
0.119216576
0.13083181
0.1603739
0.07233967
0.0592621
0.06722612
0.14288223
0.8304408
0.9105137
0.8221675
0.09077981
0.05851606
0.056878045
0.10425912
0.8388965
0.9133808
0.37064812
0.21494997
0.8856586
0.098731525
0.051361132
0.048158545
0.07717285
0.16103323
0.9271682
0.91433376
0.9231909
0.079785384
0.04622332
0.039394464
0.044553883
0.074522756
0.7622837
0.13774148
0.214248
0.7695016
0.85284203
0.76356363
0.792709
0.8983094
0.9009341
0.81424975
0.34210768
0.2565837
0.8083292
0.068169236
0.044710726
0.034076665
0.03194254
0.033142608
0.042569086
0.110562555
0.92068887
0.87489694
0.8815602
0.9274516
0.8968924
0.9217885
0.95425904
0.9577484
0.9508193
0.8907848
0.051417917
0.03344843
0.030265478
0.032409452
0.035607647
0.043921903
0.069213755
0.7928361
0.18571553
0.26295546
0.9159245
0.08780021
0.057216037
0.05832327
0.040438857
0.040150765
0.036622148
0.035729844
0.033858795
0.037307035
0.05433538
0.9031676
0.89391077
0.9136195
0.91865265
0.92104673
0.9414679
0.9216202
0.9417608
0.93484277
0.87593174
0.84611726
0.82726485
0.83971184
0.8544734
0.8738971
0.86207414
0.84893787
0.06681938
0.04771692
0.050835814
0.08256662
0.8174241
0.08481378
0.059355658
0.057674892
0.06931943
0.09591493
0.0573949
0.050223276
0.048594616
0.051024362
0.070465274
0.8103665
0.8062475
0.8225795
0.9077838
0.18231273
0.06331688
0.05067438
0.05527431
0.0873276
0.10186657
0.1528036
0.08542533
0.07965314
0.0974379
0.16578689
0.8647478
0.775453
0.87358963
0.74184924
0.6803384
0.57536614
0.17359143
0.15879142
0.1726004
0.29898784
0.3509429
0.39652327

