0.6985231
0.5926706
0.47941935
0.47857395
0.6200554
0.8794678
0.92435056
0.8931274
0.9202164
0.8174735
0.11474185
0.06648763
0.054119013
0.07060563
0.8162035
0.92421013
0.9365563
0.14946142
0.051542256
0.038978063
0.040711757
0.051566593
0.90141875
0.9526119
0.9601952
0.9486927
0.07018127
0.041978657
0.0410179
0.056395214
0.10534393
0.8672331
0.10129775
0.0749563
0.07330385
0.13737859
0.12936792
0.1345986
0.6863824
0.85471123
0.30173928
0.752166
0.1058095
0.071117766
0.077381395
0.061416
0.0759346
0.09088854
0.08368575
0.10678231
0.066978015
0.0647897
0.09138731
0.8781151
0.8068273
0.842717
0.9259079
0.9179369
0.79818225
0.7912504
0.08448242
0.05265104
0.063901395
0.07397182
0.07835786
0.66485
0.65581876
0.8436264
0.23184739
0.10691624
0.11845644
0.244134
0.927651
0.94346905
0.9423745
0.0816055
0.047216326
0.050775286
0.04271038
0.051444624
0.050338116
0.052728333
0.046686523
0.056894235
0.04452798
0.039248195
0.04154439
0.041877877
0.05359444
0.86708295
0.92250943
0.92770207
0.54904413
0.9315946
0.94766057
0.15344153
0.04412831
0.035253644
0.035258036
0.035152886
0.03189884
0.030620355
0.030236946
0.03412812
0.046728365
0.90928954
0.9163307
0.94612426
0.96127
0.9630409
0.95825607
0.9489601
0.94380015
0.051924452
0.03290638
0.029093785
0.031806033
0.03433233
0.038924053
0.049941383
0.05445906
0.05782666
0.08111401
0.8388347
0.85921353
0.2422314
0.7594305
0.7871312
0.8260692
0.91380876
0.07548345
0.045836598
0.045396663
0.05123978
0.06994471
0.89983547
0.91828984
0.9146492
0.7672113
0.7409356
0.8657788
0.2989017
0.13498116
0.12994796
0.84327483
0.74014384
0.7026759
0.70600706
0.10302119
0.08746215
0.21460654
0.92756945
0.93717664
0.087989524
0.059634745
0.038872868
0.037625983
0.038594384
0.039697323
0.041145228
0.046927754
0.070950426
0.87853897
0.15349613
0.13812101
0.91568834
0.892183
0.8618498
0.8531717
0.063575156
0.041083336
0.037922423
0.047184315
0.1226453
0.9427741
0.9490273
0.9171032
0.15382107
0.04825315
0.041793365
0.04681451
0.07138453
0.08979297
0.7781361
0.8028287
0.11151441
0.0632214
0.04825617
0.04991054
0.060609512
0.04374362
0.03875331
0.04157261
0.063864976
0.13633692
0.9335723
0.93338615
0.84852785
0.12958688
0.11411998
0.843806
0.9137719
0.9312796
0.9047989
0.90727663
0.928592
0.8639114
0.81831884
0.7689852
0.7331745
0.7153437
0.10401225
0.10411175
0.87866724
0.9502493
0.9542736
0.17928554
0.04512464
0.034973305
0.0363547
0.039152056
0.044207875
0.045771245
0.054375887
0.07634107
0.1271998
0.7346455
0.69214946
0.6845064
0.2440426
0.1442503
0.19224606
0.8784703
0.22484304
0.20645644
0.10339067
0.081493355
0.18477927
0.9216554
0.87366784
0.08161104
0.045635108
0.05408953
0.044472653
0.033499505
0.031937215
0.03649587
0.0539619
0.91840106
0.94927925
0.9620622
0.958868
0.8797618
0.8594836
0.052923907
0.033774804
0.028542941
0.028204551
0.03277868
0.044164646
0.9157428
0.9464454
0.96197826
0.9637034
0.9471309
0.05440313
0.034114357
0.029620895
0.02984411
0.03625643
0.06040709
0.93874264
0.95321757
0.9123796
0.8816817
0.05783698
0.036922902
0.03372207
0.034627877
0.038049478
0.043607548
0.058890115
0.17478968
0.94531935
0.9439381
0.87388927
0.09442609
0.05732777
0.057412446
0.08440987
0.16158466
0.797718
0.23046488
0.11526605
0.16718948
0.7029744
0.75785685
0.8854925
0.113827236
0.07631081
0.060797602
0.059168577
0.061969187
0.08393267
0.8090444
0.16842112
0.09242379
0.11777396
0.79837525
0.803668
0.9063434
0.84483975
0.91262996
0.1078993
0.07277024
0.07888074
0.87541395
0.94442815
0.95202714
0.09727133
0.04112029
0.032615297
0.03335148
0.034004983
0.034667127
0.035697892
0.03785834
0.04580436
0.08285319
0.89613706
0.09207614
0.05978458
0.08814605
0.9063976
0.90721405
0.9422471
0.95759153
0.9522465
0.9340286
0.10426559
0.05856596
0.06313466
0.8708795
0.9218117
0.95718277
0.9317107
0.07375611
0.042415146
0.036924686
0.034319885
0.03341807
0.033998866
0.034272257
0.03522161
0.040515237
0.05430223
0.882313
0.9360163
0.93213993
0.14373872
0.18609282
0.15457663
0.8043477
0.14320625
0.07474607
0.0827389
0.7412008
0.102563985
0.087886065
0.8699023
0.9399953
0.93947226
0.83133096
0.10221723
0.10075679
0.73919827
0.19672121
0.11222805
0.21737714
0.8793149
0.19115154
0.097860225
0.14768209
0.72334826
0.108229585
0.08185707
0.16607651
0.11168371
0.24124289
0.2980663
0.8889548
0.8778811
0.6456728
0.2125206
0.17873427
0.25747126
0.18446273
0.3510834
0.5720138
0.54254174
0.22713925
0.25531116
0.17026155
0.1859203
0.5652729
0.73879355
0.20923455
0.15160587
0.22679386
0.5087481
0.8186038
0.20583381
0.10621749
0.11802431
0.122038245
0.11785495
0.13368738
0.48386687
0.22292505
0.569277
0.6405449
0.74893457
0.3805399
0.34454942
0.84157115
0.90956914
0.92531013
0.91873807
0.8469757
0.8642177
0.748215
0.73876095
0.84063244
0.82341754
0.84095573
0.8965897
0.87358403
0.9182008
0.9167627
0.9400616
0.925308
0.9040026

