0.8753294
0.8611323
0.7896779
0.7466501
0.84857476
0.4749168
0.13899137
0.11908875
0.09696918
0.14965212
0.13323788
0.1474878
0.4768077
0.18958609
0.18776068
0.20045705
0.7687374
0.38467592
0.21422236
0.16644591
0.24195091
0.27708668
0.30728808
0.3687835
0.52058226
0.37770852
0.20502163
0.297799
0.22733285
0.17993458
0.17794496
0.8038489
0.44075277
0.19333613
0.17797859
0.09397052
0.10445149
0.11196502
0.17176591
0.08317902
0.09084807
0.097306594
0.1105942
0.8347426
0.25376576
0.21432553
0.85617185
0.16635247
0.2246251
0.10711929
0.1260658
0.098584525
0.15262185
0.1960873
0.77305764
0.7672806
0.1386546
0.09585579
0.063621126
0.061480183
0.10800248
0.81557
0.08635855
0.06256387
0.058103625
0.070853405
0.84064406
0.8275003
0.8453799
0.8735087
0.87688863
0.07397946
0.05191466
0.05923619
0.08225164
0.77666616
0.07767569
0.050242413
0.046316486
0.057861406
0.13377963
0.8813436
0.74992764
0.77647686
0.08624331
0.057729226
0.06433393
0.08780685
0.85678786
0.22402863
0.35329416
0.89991325
0.89619154
0.4741685
0.89644885
0.90228075
0.9279873
0.85833436
0.7829702
0.23222746
0.78427786
0.9043044
0.24413837
0.12766427
0.77657247
0.08442985
0.058338255
0.04893094
0.059634343
0.79819596
0.8804455
0.8244641
0.8347635
0.9249681
0.2466765
0.08901272
0.08503545
0.6781899
0.0960352
0.08982923
0.81782335
0.9088194
0.3578754
0.5270394
0.9106792
0.0751302
0.052540384
0.06188431
0.053765196
0.047470797
0.056348346
0.93343544
0.9604177
0.96465
0.95435447
0.06606616
0.0430204
0.035707265
0.03563847
0.041921973
0.055587076
0.79912084
0.18872729
0.36929733
0.93533707
0.9159828
0.9331595
0.10748399
0.10168841
0.72521335
0.0981193
0.1239398
0.20843622
0.9180946
0.12769635
0.056361232
0.041508485
0.0419382
0.042311024
0.055525605
0.0872628
0.8782415
0.75642294
0.10956681
0.107750505
0.089483924
0.8331274
0.9383761
0.9492269
0.94128084
0.070585415
0.03913581
0.03731839
0.0335472
0.038256314
0.053404182
0.8621375
0.90654224
0.14447732
0.12123418
0.89867944
0.93323916
0.92631096
0.90277725
0.057844248
0.03704311
0.03321971
0.034409106
0.036298588
0.038701303
0.04306201
0.057152055
0.8254901
0.8028921
0.8494049
0.9181693
0.24987349
0.15789127
0.12557456
0.7722991
0.86259556
0.15532923
0.11778323
0.69874495
0.08933166
0.059154417
0.065775245
0.12844199
0.88803655
0.8273057
0.89006877
0.25115374
0.10549722
0.11809304
0.12419938
0.21837033
0.21803804
0.28679898
0.8384729
0.14589071
0.104578435
0.17838201
0.88862437
0.83505106
0.0811283
0.047200985
0.036922704
0.033101894
0.03177256
0.03152089
0.034823786
0.044977777
0.90113705
0.92183876
0.96226627
0.9663076
0.96304554
0.90663093
0.8784574
0.052239716
0.035897754
0.036540072
0.044848558
0.040637568
0.044078074
0.06577993
0.067652546
0.049912993
0.050237462
0.06194212
0.7637627
0.8716553
0.75285697
0.7754021
0.87067384
0.7690363
0.75074434
0.86429226
0.25998643
0.27299747
0.8888838
0.08523226
0.042677145
0.035777394
0.0338038
0.034490075
0.03965457
0.05040875
0.85038185
0.87423104
0.9259851
0.8920974
0.92821085
0.87180054
0.88595283
0.9402079
0.8885331
0.068863615
0.052523587
0.03816544
0.0361021
0.03852866
0.04617264
0.06716944
0.7687027
0.2969425
0.19813687
0.886882
0.09399063
0.058434978
0.047415193
0.050720166
0.077659175
0.8662879
0.096416764
0.0765386
0.1022852
0.92213
0.91919506
0.9574599
0.92047185
0.9418949
0.060880136
0.03721862
0.03270779
0.03439446
0.03709728
0.044107676
0.08305628
0.12570716
0.89248675
0.10154027
0.0729603
0.05816625
0.0734609
0.85902625
0.92267156
0.83689374
0.8095719
0.09115886
0.070670396
0.098125264
0.09965302
0.7068644
0.7005963
0.85271037
0.75851756
0.7361198
0.88973975
0.08577467
0.04683015
0.035705324
0.034235574
0.040197168
0.06264285
0.9334419
0.94837636
0.8867763
0.892366
0.080840446
0.044640485
0.03742848
0.043089494
0.08833757
0.93935645
0.9560346
0.9519878
0.08178209
0.038734116
0.033140205
0.036466688
0.04840805
0.9268073
0.95481473
0.96519345
0.9527241
0.061388213
0.03962558
0.03855319
0.048444904
0.093629085
0.9153029
0.08980631
0.050138127
0.044819806
0.045813076
0.046525188
0.047177684
0.048244983
0.050555475
0.05402018
0.061348088
0.09077132
0.79853296
0.09451062
0.05802329
0.05395726
0.05948075
0.07303885
0.12922634
0.81142944
0.16584446
0.12231378
0.18086945
0.16731602
0.10779693
0.13726917
0.24895906
0.7724156
0.119728856
0.08233918
0.115759976
0.7662324
0.22025171
0.0801758
0.07707683
0.06816428
0.058970604
0.07773909
0.08940604
0.079227716
0.10343685
0.24072783
0.33526477
0.8845141
0.19604792
0.17093338
0.8650682
0.07994426
0.055092257
0.050898705
0.05642469
0.075648464
0.84006447
0.25916737
0.8597597
0.91992736
0.84132946
0.81361544
0.85231286
0.91510576
0.526152
0.8449373
0.17893735
0.13457777
0.111702986
0.09386543
0.086761326
0.72053176
0.10678003
0.11279961
0.7645751
0.11582416
0.08180592
0.07107145
0.07475255
0.8218158
0.9142102
0.9037919
0.91931796
0.945403
0.9351041
0.94714224
0.95280546

