0.77717197
0.75995946
0.7802507
0.879438
0.8569423
0.922344
0.92799723
0.14593704
0.065957375
0.074658506
0.073604055
0.073675565
0.7199678
0.099634685
0.08568074
0.25849584
0.9061896
0.7807467
0.8077015
0.07581424
0.047717277
0.04637479
0.06311083
0.876854
0.92421275
0.91988695
0.18145226
0.11601711
0.8045949
0.84078485
0.8754955
0.91987926
0.8653851
0.8473629
0.8514474
0.899616
0.12430297
0.11538715
0.8114363
0.9068953
0.07436445
0.04976675
0.049901124
0.069163784
0.7716356
0.7613131
0.81503874
0.11406376
0.07464132
0.084877506
0.67887133
0.10916499
0.10382978
0.18074217
0.6620862
0.25377095
0.4120926
0.8559113
0.74436694
0.1280502
0.08415075
0.08514957
0.10959342
0.66517615
0.19923773
0.12607056
0.12183845
0.6464449
0.15560678
0.12910403
0.110338986
0.16182692
0.33634028
0.91516274
0.4306784
0.1001184
0.10179326
0.7599317
0.084255464
0.07193189
0.06553557
0.08663202
0.105274834
0.8857976
0.12891425
0.096292004
0.061773628
0.070473604
0.74475247
0.7328276
0.8659176
0.3706825
0.3334218
0.92726946
0.95247215
0.9514831
0.8654059
0.050324805
0.032861263
0.02968187
0.029647233
0.0298772
0.030981848
0.032087747
0.04111426
0.06293957
0.9451583
0.9628034
0.96858037
0.9444507
0.05520788
0.035927016
0.03287036
0.03454451
0.034976766
0.03587417
0.03796044
0.043700732
0.06786362
0.80573875
0.7969294
0.8346525
0.8911014
0.19917943
0.27742827
0.82020175
0.8927605
0.8086672
0.06998001
0.049974807
0.061817467
0.07677931
0.90931004
0.9292616
0.92338467
0.7972901
0.12879963
0.17327408
0.20197028
0.79191256
0.8079431
0.12770492
0.0679475
0.07874819
0.7229021
0.10788921
0.105233036
0.8517834
0.94493216
0.2630614
0.05338587
0.040633667
0.039166894
0.03713939
0.03703487
0.037203506
0.038314573
0.044124294
0.06519443
0.887187
0.13995631
0.12245997
0.93247616
0.9410636
0.9147862
0.8876444
0.057870626
0.03824085
0.035290837
0.042696103
0.10599829
0.94883645
0.958004
0.93974084
0.08479657
0.039988052
0.03571826
0.03886878
0.043715075
0.046632152
0.072250016
0.8009311
0.7170621
0.119056955
0.10071003
0.8123198
0.9102592
0.91002965
0.12525107
0.11308837
0.16173546
0.79467684
0.8815356
0.23413427
0.14677335
0.11934492
0.53546405
0.65244347
0.8768706
0.9059553
0.20209715
0.1147307
0.17672613
0.09272561
0.121018305
0.7713692
0.08736176
0.055696983
0.049504217
0.0739649
0.11573843
0.26783642
0.91849947
0.9151238
0.7573459
0.6505473
0.63494515
0.6684324
0.7548073
0.7704239
0.86212075
0.09938049
0.068482675
0.04360522
0.042935554
0.044154745
0.04648658
0.046339482
0.04438152
0.043540478
0.04585054
0.059931114
0.06701537
0.10180656
0.20710947
0.9420988
0.9129208
0.081577435
0.04576369
0.03516647
0.03203721
0.031125922
0.031619288
0.03714061
0.05996119
0.93857247
0.9613292
0.96432185
0.95549047
0.09406883
0.04107382
0.034840137
0.038191784
0.053153083
0.8294676
0.104445554
0.087949544
0.894021
0.9370846
0.9559002
0.9591499
0.93904066
0.11345932
0.12144028
0.85250175
0.0677038
0.0438407
0.040312324
0.047057804
0.078368075
0.8482095
0.84087545
0.07281378
0.044976898
0.039095942
0.03691379
0.03692889
0.03911094
0.059372153
0.17911439
0.95426786
0.95475
0.89036846
0.08064339
0.050461102
0.058977548
0.04753875
0.043515675
0.044869844
0.046881717
0.050753996
0.07339564
0.1376087
0.85834175
0.22187507
0.0917516
0.08583334
0.08940018
0.13527803
0.11314789
0.18928836
0.16916788
0.23850322
0.16477332
0.6663795
0.122721404
0.11137625
0.15039642
0.67391664
0.15641142
0.11587872
0.11054111
0.6311094
0.7303179
0.88621056
0.9144927
0.095690474
0.07487314
0.05615537
0.042210367
0.040654846
0.04580138
0.044111498
0.04985465
0.071798354
0.84997416
0.08387422
0.044933993
0.0416781
0.05036245
0.87536263
0.8752949
0.9244603
0.95506966
0.9588588
0.9550554
0.90167415
0.8848169
0.06221367
0.04434542
0.048496142
0.07591155
0.89793074
0.9368984
0.14317612
0.08979043
0.049105722
0.04135362
0.037675276
0.039386153
0.053554818
0.06702142
0.067757145
0.8489106
0.9343685
0.9451353
0.84784925
0.92824227
0.06500008
0.03713571
0.031863052
0.030250398
0.030032033
0.030366559
0.03444041
0.045527183
0.90228486
0.94424677
0.95865357
0.95582765
0.8767357
0.8072252
0.826118
0.1194314
0.13651028
0.8914147
0.08039417
0.058726497
0.041588273
0.042811535
0.042927958
0.04289632
0.042567674
0.042173464
0.040613145
0.046578642
0.053702757
0.15910356
0.9277848
0.8700969
0.8543982
0.87038404
0.91234934
0.78733665
0.7592733
0.71603966
0.11649457
0.08661361
0.11490384
0.09682838
0.16629323
0.1380981
0.84274364
0.70385385
0.7376521
0.8471862
0.6086369
0.54500866
0.7252658
0.10798699
0.08804022
0.16536789
0.099210314
0.093963824
0.11445404
0.19177851
0.81797343
0.18817858
0.13856323
0.73707724
0.8762992
0.26855436
0.060926113
0.04654212
0.04841594
0.06724604
0.9017183
0.86769336
0.8862166
0.93345934
0.8982217
0.9412884
0.9135468
0.94298077
0.8501577
0.8271408
0.057340544
0.04007205
0.03935221
0.05209193
0.11601842
0.8747245
0.20510264
0.22794852
0.8299885
0.87589073

