0.8927871
0.8974402
0.91609305
0.90043885
0.7766101
0.7816883
0.90795875
0.92410874
0.7947411
0.085397206
0.052459765
0.059595298
0.05393548
0.048324358
0.042909537
0.04483482
0.04531737
0.04529137
0.07969803
0.080408245
0.079709835
0.83230525
0.8420334
0.89312196
0.9503221
0.9523966
0.9097893
0.9251892
0.09161121
0.09397491
0.07153802
0.06765371
0.085811436
0.85158217
0.84187615
0.6905058
0.6201565
0.54827476
0.6130356
0.80477256
0.8114871
0.6413561
0.633412
0.80526716
0.82282525
0.6624759
0.6013588
0.5667672
0.6112336
0.6058143
0.14988221
0.12558907
0.13206391
0.23383456
0.17546518
0.2227731
0.25353682
0.30999765
0.17478192
0.19054249
0.37246534
0.37982693
0.4272977
0.49804953
0.2745362
0.78057283
0.17577313
0.13532475
0.11774767
0.13166487
0.5742434
0.14231986
0.09818869
0.13289271
0.27243227
0.89704734
0.90972394
0.82002854
0.0998924
0.053453032
0.053613573
0.059071463
0.052057512
0.059317775
0.09590296
0.9027545
0.9051177
0.34211504
0.1860654
0.73757493
0.78310734
0.8012488
0.06925189
0.04306484
0.040658206
0.044231728
0.04396741
0.04042255
0.038257066
0.03688493
0.03498715
0.03341126
0.038450684
0.06107415
0.93618596
0.9534185
0.95582956
0.9604026
0.9463489
0.06403183
0.041502856
0.030971423
0.030327665
0.036371376
0.054302573
0.9350136
0.9594383
0.96284664
0.94889396
0.05846627
0.035408843
0.029871024
0.028585317
0.03290017
0.0433557
0.8686622
0.8996515
0.95575523
0.9610726
0.9400552
0.9378696
0.05630071
0.03641003
0.033426516
0.0376401
0.056846455
0.82738197
0.8480236
0.92475826
0.84999526
0.8542905
0.92795765
0.06520926
0.041342728
0.044907186
0.05504755
0.04260127
0.03396894
0.038767677
0.054146074
0.9389304
0.96342975
0.9662732
0.95563
0.07273439
0.048504133
0.045322042
0.059620254
0.13708737
0.9243221
0.08605178
0.04679981
0.041793074
0.041752864
0.04277944
0.046748005
0.047227964
0.045919754
0.053837407
0.09304137
0.90609473
0.8098643
0.19126648
0.2618175
0.83141583
0.076860845
0.04930456
0.04587728
0.04885524
0.05045444
0.061974112
0.0909041
0.13027303
0.070376165
0.0659379
0.09957606
0.10797833
0.15680766
0.89940363
0.12464013
0.0782015
0.13409504
0.91987675
0.88013405
0.06991775
0.040616013
0.03430111
0.031836342
0.031236304
0.03160741
0.038113862
0.051078748
0.9186706
0.93334943
0.9632793
0.9663699
0.963408
0.9092533
0.8834199
0.05083181
0.03451204
0.0321561
0.035733055
0.03620632
0.037761018
0.04322913
0.043155648
0.04017386
0.047286905
0.07410084
0.9306064
0.93570673
0.8618679
0.12143997
0.118741095
0.072503604
0.053927816
0.061369304
0.12600958
0.8213729
0.9221023
0.123019226
0.05565594
0.05493459
0.04683857
0.043711927
0.047810726
0.057044268
0.8036522
0.85285956
0.9128241
0.8737296
0.9089388
0.8363072
0.843694
0.91767305
0.85244936
0.1047596
0.1036049
0.069454454
0.051188666
0.073960245
0.06257068
0.07295343
0.7873166
0.90402675
0.8187018
0.90821904
0.09432555
0.06661403
0.050686795
0.052427016
0.075766064
0.858178
0.098894134
0.0829074
0.105001576
0.91708475
0.9120391
0.9550587
0.91787386
0.9410396
0.061035912
0.037336517
0.0328371
0.03468807
0.037570745
0.04491051
0.08672519
0.122301295
0.88402164
0.11623531
0.09587551
0.06800672
0.08248791
0.8422251
0.9187149
0.8329469
0.80695915
0.09323326
0.07323428
0.10819206
0.11034465
0.7259039
0.103376634
0.1262264
0.08755715
0.09655509
0.85177195
0.13160208
0.102573484
0.12653743
0.76060295
0.6998302
0.2654748
0.89177394
0.93490446
0.88927543
0.93376577
0.10990158
0.047908414
0.038138863
0.042428534
0.07764923
0.92751974
0.9522441
0.9520964
0.87563884
0.05977248
0.04066225
0.04067882
0.051061023
0.91419494
0.9512757
0.95648545
0.93933034
0.06600744
0.042761195
0.043169033
0.060347408
0.91589296
0.9491926
0.95037895
0.0807902
0.03930025
0.034145936
0.03692081
0.043969214
0.07540387
0.92702067
0.9306132
0.15071575
0.07673268
0.08411246
0.6788403
0.108671285
0.09904418
0.6841173
0.17872816
0.17875962
0.8308033
0.7307339
0.7104863
0.77168983
0.9013365
0.11165388
0.06929164
0.097535625
0.07046734
0.042887345
0.038430203
0.03636221
0.03557498
0.036734518
0.044627894
0.07234836
0.9233129
0.91306096
0.9208753
0.92107594
0.9318639
0.08510363
0.06347067
0.04504513
0.04222342
0.05021491
0.07734858
0.7950662
0.08779493
0.06125533
0.05987323
0.062492527
0.06286673
0.04242274
0.03863278
0.03819216
0.044560745
0.076154076
0.87928134
0.90496457
0.31357694
0.2424798
0.8984683
0.89560664
0.94320065
0.9377693
0.843788
0.8338466
0.8594827
0.20248947
0.34491295
0.7423291
0.7475809
0.8788541
0.15135866
0.06345463
0.059382748
0.066116
0.08998587
0.84638685
0.7759156
0.9124223
0.92059165
0.8204936
0.889004
0.39314818
0.09541951
0.08399095
0.057573892
0.058155652
0.061882034
0.06890658
0.09945854
0.13074164
0.25979552
0.16089648
0.2695552
0.50569373
0.4931213
0.18012285
0.1877647
0.10621257
0.09585323
0.1257343
0.13873258
0.12988584
0.101538256
0.116912484
0.28375906
0.19301398
0.20490506
0.7955755
0.6907073
0.62177575
0.6392809
0.73981744
0.79336447

