0.90669802
0.866796175
0.101667117
0.062386945
0.05705459
0.09699005499999999
0.0777538885
0.120902725
0.089391285
0.07403078
0.0542996325
0.056401775
0.0908302
0.079514185
0.046148846
0.043288935
0.046122728
0.062373142500000006
0.116459423
0.92062395
0.925154935
0.95159825
0.9235711
0.107500183
0.0703319765
0.040976749500000006
0.0381629735
0.041855199999999995
0.054394649999999996
0.071231917
0.09746557
0.904484535
0.912205865
0.115797385
0.092495505
0.05317348499999999
0.051129762999999995
0.079376325
0.18840517499999998
0.9330163499999999
0.9447367499999999
0.94423127
0.25517135
0.10381793
0.054999435
0.0488213825
0.062660435
0.0752029585
0.757190165
0.74943615
0.7660458
0.7879675049999999
0.901049195
0.9155527800000001
0.8611349349999999
0.928155955
0.9279252
0.83783859
0.07140561349999999
0.049112964999999995
0.054039345
0.048664609
0.036932717000000004
0.0381293935
0.049857463500000004
0.09495179000000001
0.923561825
0.935348125
0.953387795
0.94804387
0.12237061500000002
0.067132896
0.042466762000000005
0.040473827000000004
0.046603412999999996
0.05539783
0.066135525
0.0738425325
0.80857895
0.836401765
0.912777175
0.858231685
0.835408235
0.80688225
0.800212965
0.8252155750000001
0.8584917999999999
0.914488965
0.86956545
0.9169466500000001
0.8177844000000001
0.099485902
0.079689308
0.113038725
0.10194791
0.10378573499999999
0.10069136000000001
0.0915001175
0.11217853
0.12188470199999998
0.7071022499999999
0.71055808
0.69221025
0.224418785
0.22298826500000002
0.140272467
0.226356285
0.30951292500000005
0.78402618
0.78072897
0.8096569849999999
0.08544405
0.05261542
0.048198093
0.05971371
0.0847085925
0.092610197
0.820221475
0.125964175
0.12758856000000002
0.9038822950000001
0.9275287999999999
0.8816123
0.9103904
0.16387292
0.177159475
0.878003225
0.19544394999999998
0.098396225
0.08885638700000001
0.06383048399999999
0.07111542
0.11263925250000001
0.7824439750000001
0.7472224000000001
0.17725132500000002
0.131455482
0.113940525
0.14495411749999998
0.233944735
0.79449591
0.89405442
0.84981608
0.914835525
0.91098669
0.7902287
0.317494225
0.311209905
0.23739125
0.14519669999999998
0.15429738
0.17414920499999997
0.23627435500000002
0.31533511
0.78066415
0.79870845
0.7911244
0.7768944499999999
0.747325155
0.74275062
0.78554447
0.080569058
0.0555210005
0.042689434
0.040946105999999996
0.0460158975
0.067841663
0.89527103
0.89869717
0.91943093
0.94500965
0.891372735
0.06887235
0.043889646500000004
0.0389414235
0.0441845245
0.0725362375
0.0808211
0.8513686
0.921477275
0.9272639199999999
0.8249377499999999
0.8033759
0.18158226
0.13606173
0.1352194675
0.08157242449999999
0.07755309099999999
0.1121323325
0.13950774
0.158209365
0.6611483499999999
0.668509545
0.337354765
0.24523628
0.17058888
0.182163975
0.155313745
0.16167015
0.6024811999999999
0.6241152000000001
0.24063636500000002
0.205710635
0.55453378
0.22559827500000001
0.203986795
0.53109975
0.25595219999999996
0.288295275
0.309470205
0.38345391
0.782259925
0.30413678
0.34431538500000003
0.26330688
0.338080765
0.370736965
0.35782933
0.48946597000000003
0.8091538
0.43576327000000004
0.25756777000000003
0.20042152
0.152803815
0.16134674
0.244744955
0.25496088499999997
0.675750525
0.325956465
0.150539045
0.14999505
0.66874257
0.148470603
0.1419494775
0.118939865
0.13441532
0.24341474000000002
0.29856547499999997
0.7442859749999999
0.18409433
0.1021379275
0.0852654
0.126188455
0.170430382
0.10078161999999999
0.0670451925
0.06937262450000001
0.0758404935
0.144347665
0.17436603
0.75533688
0.7720025500000001
0.132310325
0.123266493
0.78635484
0.8188731
0.088125005
0.061079258500000004
0.057949539999999994
0.084489765
0.86364095
0.8301099350000001
0.888555435
0.104512255
0.059098892
0.0579693375
0.08159551300000001
0.8408375100000001
0.107250395
0.085476415
0.134715005
0.8789351000000001
0.0822609
0.050521921
0.043676414999999996
0.048085677
0.068341405
0.9196303
0.9376191700000001
0.946234315
0.08726352500000001
0.051526599
0.0486946405
0.062235756
0.081646018
0.84310195
0.106782247
0.080123678
0.12215834
0.8705328750000001
0.85945447
0.081244773
0.054182674
0.057286146999999996
0.075974958
0.86522395
0.8749447
0.8947791
0.88545555
0.8844260749999999
0.13770267
0.074708395
0.0869145615
0.095144265
0.81361368
0.09220388500000001
0.0702687585
0.0671256055
0.0652076075
0.0587216475
0.061611992000000004
0.08818603
0.7690973999999999
0.1233973675
0.128218625
0.186819905
0.7993364000000001
0.10681493
0.069408192
0.0709672515
0.08359991
0.0855707085
0.07071593849999999
0.07833071850000001
0.1377048
0.156881582
0.74890415
0.70935367
0.14415339
0.127983663
0.185773923
0.706387985
0.303254745
0.20930127999999998
0.1859934575
0.16334716999999999
0.255625895
0.304770865
0.29964422
0.66099912
0.6449922299999999
0.31724999
0.227403185
0.29412382
0.44349944500000005
0.85845425
0.80320255
0.82929105
0.9055531
0.906965345
0.83049395
0.860102465
0.34104529
0.22554885
0.181847005
0.248214445
0.6295306
0.652988015
0.6878213
0.7503134499999999
0.8845434249999999
0.8952859
0.7802212749999999
0.0939487075
0.06646835499999999
0.049494617000000005
0.045722785
0.055065752999999995
0.110910128
0.88673052
0.882848965
0.8775515300000001
0.873233565
0.927675925
0.11854398499999999
0.060855734999999994
0.050712638000000004
0.0545377135
0.088166722
0.07182812
0.101568827
0.15490746
0.11430041
0.1013084675
0.085064288
0.112501617
0.14493274
0.87604668
0.7402260650000001
0.710995125
0.32194926
0.19226511000000002
0.23801887
0.179113255
0.52639398
0.1879854
0.180706165
0.6222369
0.6381015800000001
0.178089605
0.186743307
0.223497285
0.17951603
0.31618244
0.88377952
0.88275605
0.171139455
0.15231904
0.16698391499999998
0.883546335
0.8877475
0.255655045
0.75847825
0.79378638
0.093981915
0.076614078
0.10151315999999999
0.09045165250000001
0.05608773
0.045971153
0.0450601595
0.047415727000000005
0.057619324
0.07690341249999999
0.859993265
0.8597531199999999
0.103503293
0.080920098
0.11281524500000001
0.87501708
0.11733748499999999
0.0691532
0.075216847
0.8997675300000001
0.9270776249999999
0.93044117
0.91650475
0.905757175
0.0676254565
0.045024443
0.042847188499999994
0.043095791
0.053811129
0.051645965
0.0493065865
0.05443955
0.058188407500000004
0.06250188500000001
0.09293525
0.82544855
0.152979835
0.09392309
0.078516045
0.071904324
0.08531243799999999
0.68534428
0.19137025000000002
0.7430341
0.864157735
0.19077749500000002
0.24150550999999998
0.175723625
0.7236813
0.87146243
0.221660045
0.13870268
0.17520468
0.222243935
0.153068085
0.165522055
0.25649140000000004
0.18317053
0.58577492
0.5565568999999999
0.22865759000000002
0.17873641
0.200959985
0.21630839500000001
0.8020226349999999
0.30261289999999996
0.43394388500000003
0.6217987650000001
0.276888775
0.39280301500000003
0.41769287
0.64292821
0.20396151499999998
0.24386227
0.11400451
0.10430400000000001
0.14661719
0.15494322
0.67563273
0.70107688
0.7750711699999999
0.8890646950000001
0.88097993
0.5479949749999999
0.420605345
0.87909916
0.90643867
0.908002085
0.176246095
0.0945728425
0.13673409
0.08302981000000001
0.11881550299999999
0.79372883
0.81561705
0.09839541299999999
0.055635293
0.047421759
0.0553988275
0.0699138315
0.05554213
0.08415508199999999
0.101654725
0.88964238
0.9267771549999999
0.09644630300000001
0.06649290799999999
0.08557317049999999
0.12551078999999998
0.87837298
0.07977513
0.048289681
0.042622879
0.04396293
0.0518095195
0.06504101649999999
0.8900145500000001
0.903158565
0.9284185
0.911838225
0.9112090500000001
0.92476355
0.9114186200000001
0.9336342
0.93977532
0.9442387
0.91979748
0.8983770799999999
0.0642856515
0.04150909
0.036185295
0.039838768
0.038106933999999995
0.038327897
0.04167489
0.044228795
0.046519780499999996
0.063260981
0.8644275
0.9377430200000001
0.8546712249999999
0.853452485
0.079502877
0.054835843499999995
0.0497542675
0.059045885000000006
0.07441078300000001
0.057924781
0.056002842000000004
0.0732025825
0.062068414
0.06218296350000001
0.06941166
0.07322279000000001
0.0956296075
0.069067967
0.077121245
0.0710055125
0.100598715
0.074058931
0.07311575000000001
0.0864273575
0.099368135
0.109913925
0.118445312
0.13069672
0.7099291400000001
0.144564515
0.09889596
0.09593145
0.18725898
0.208760775
0.39693509
0.7393412
0.870342435
0.16037763
0.11739812999999999
0.076076597
0.06820419350000001
0.0679434135
0.099185945
0.18026774
0.141065895
0.87275652
0.126701865
0.095245395
0.14809971500000002
0.8138409
0.096420227
0.061401122999999995
0.061375953
0.0820655575
0.89554755
0.913547365
0.882808975
0.8892777199999999
0.916201485
0.88778005
0.9141943
0.913608515
0.91032668
0.869925225
0.8721100799999999
0.9091308
0.9125645250000001
0.911439
0.8638399299999999
0.90712445
0.8486880299999999
0.88321617
0.400616675
0.837899485
0.12669665
0.10796347
0.21345419
0.726675725
0.18000546
0.115291272
0.1401106125
0.83606415
0.181144255
0.181685528
0.242369075
0.11774364500000001
0.09324446
0.140637523
0.0839730475
0.08721621
0.0914996915
0.174547795
0.818089675
0.915935575
0.91924275
0.8334274850000001
0.8797653
0.24885899
0.16110014
0.116512452
0.112075815
0.200852695
0.63862115
0.6218021499999999
0.23141665500000003
0.21072504
0.5956043
0.5859932
0.25405418999999996
0.258660205
0.299487265
0.21489192499999998
0.28373471
0.30427176
0.77350313
0.910595225
0.913096305
0.866796175
0.101667117
0.062386945
0.05705459
0.09699005499999999
0.0777538885
0.120902725
0.089391285
0.07403078
0.0542996325
0.056401775
0.0908302
0.079514185
0.046148846
0.043288935
0.046122728
0.062373142500000006
0.116459423
0.92062395
0.925154935
0.95159825
0.9235711
0.107500183
0.0703319765
0.040976749500000006
0.0381629735
0.041855199999999995
0.054394649999999996
0.071231917
0.09746557
0.904484535
0.912205865
0.115797385
0.092495505
0.05317348499999999
0.051129762999999995
0.079376325
0.18840517499999998
0.9330163499999999
0.9447367499999999
0.94423127
0.25517135
0.10381793
0.054999435
0.0488213825
0.062660435
0.0752029585
0.757190165
0.74943615
0.7660458
0.7879675049999999
0.901049195
0.9155527800000001
0.8611349349999999
0.928155955
0.9279252
0.83783859
0.07140561349999999
0.049112964999999995
0.054039345
0.048664609
0.036932717000000004
0.0381293935
0.049857463500000004
0.09495179000000001
0.923561825
0.935348125
0.953387795
0.94804387
0.12237061500000002
0.067132896
0.042466762000000005
0.040473827000000004
0.046603412999999996
0.05539783
0.066135525
0.0738425325
0.80857895
0.836401765
0.912777175
0.858231685
0.835408235
0.80688225
0.800212965
0.8252155750000001
0.8584917999999999
0.914488965
0.86956545
0.9169466500000001
0.8177844000000001
0.099485902
0.079689308
0.113038725
0.10194791
0.10378573499999999
0.10069136000000001
0.0915001175
0.11217853
0.12188470199999998
0.7071022499999999
0.71055808
0.69221025
0.224418785
0.22298826500000002
0.140272467
0.226356285
0.30951292500000005
0.78402618
0.78072897
0.8096569849999999
0.08544405
0.05261542
0.048198093
0.05971371
0.0847085925
0.092610197
0.820221475
0.125964175
0.12758856000000002
0.9038822950000001
0.9275287999999999
0.8816123
0.9103904
0.16387292
0.177159475
0.878003225
0.19544394999999998
0.098396225
0.08885638700000001
0.06383048399999999
0.07111542
0.11263925250000001
0.7824439750000001
0.7472224000000001
0.17725132500000002
0.131455482
0.113940525
0.14495411749999998
0.233944735
0.79449591
0.89405442
0.84981608
0.914835525
0.91098669
0.7902287
0.317494225
0.311209905
0.23739125
0.14519669999999998
0.15429738
0.17414920499999997
0.23627435500000002
0.31533511
0.78066415
0.79870845
0.7911244
0.7768944499999999
0.747325155
0.74275062
0.78554447
0.080569058
0.0555210005
0.042689434
0.040946105999999996
0.0460158975
0.067841663
0.89527103
0.89869717
0.91943093
0.94500965
0.891372735
0.06887235
0.043889646500000004
0.0389414235
0.0441845245
0.0725362375
0.0808211
0.8513686
0.921477275
0.9272639199999999
0.8249377499999999
0.8033759
0.18158226
0.13606173
0.1352194675
0.08157242449999999
0.07755309099999999
0.1121323325
0.13950774
0.158209365
0.6611483499999999
0.668509545
0.337354765
0.24523628
0.17058888
0.182163975
0.155313745
0.16167015
0.6024811999999999
0.6241152000000001
0.24063636500000002
0.205710635
0.55453378
0.22559827500000001
0.203986795
0.53109975
0.25595219999999996
0.288295275
0.309470205
0.38345391
0.782259925
0.30413678
0.34431538500000003
0.26330688
0.338080765
0.370736965
0.35782933
0.48946597000000003
0.8091538
0.43576327000000004
0.25756777000000003
0.20042152
0.152803815
0.16134674
0.244744955
0.25496088499999997
0.675750525
0.325956465
0.150539045
0.14999505
0.66874257
0.148470603
0.1419494775
0.118939865
0.13441532
0.24341474000000002
0.29856547499999997
0.7442859749999999
0.18409433
0.1021379275
0.0852654
0.126188455
0.170430382
0.10078161999999999
0.0670451925
0.06937262450000001
0.0758404935
0.144347665
0.17436603
0.75533688
0.7720025500000001
0.132310325
0.123266493
0.78635484
0.8188731
0.088125005
0.061079258500000004
0.057949539999999994
0.084489765
0.86364095
0.8301099350000001
0.888555435
0.104512255
0.059098892
0.0579693375
0.08159551300000001
0.8408375100000001
0.107250395
0.085476415
0.134715005
0.8789351000000001
0.0822609
0.050521921
0.043676414999999996
0.048085677
0.068341405
0.9196303
0.9376191700000001
0.946234315
0.08726352500000001
0.051526599
0.0486946405
0.062235756
0.081646018
0.84310195
0.106782247
0.080123678
0.12215834
0.8705328750000001
0.85945447
0.081244773
0.054182674
0.057286146999999996
0.075974958
0.86522395
0.8749447
0.8947791
0.88545555
0.8844260749999999
0.13770267
0.074708395
0.0869145615
0.095144265
0.81361368
0.09220388500000001
0.0702687585
0.0671256055
0.0652076075
0.0587216475
0.061611992000000004
0.08818603
0.7690973999999999
0.1233973675
0.128218625
0.186819905
0.7993364000000001
0.10681493
0.069408192
0.0709672515
0.08359991
0.0855707085
0.07071593849999999
0.07833071850000001
0.1377048
0.156881582
0.74890415
0.70935367
0.14415339
0.127983663
0.185773923
0.706387985
0.303254745
0.20930127999999998
0.1859934575
0.16334716999999999
0.255625895
0.304770865
0.29964422
0.66099912
0.6449922299999999
0.31724999
0.227403185
0.29412382
0.44349944500000005
0.85845425
0.80320255
0.82929105
0.9055531
0.906965345
0.83049395
0.860102465
0.34104529
0.22554885
0.181847005
0.248214445
0.6295306
0.652988015
0.6878213
0.7503134499999999
0.8845434249999999
0.8952859
0.7802212749999999
0.0939487075
0.06646835499999999
0.049494617000000005
0.045722785
0.055065752999999995
0.110910128
0.88673052
0.882848965
0.8775515300000001
0.873233565
0.927675925
0.11854398499999999
0.060855734999999994
0.050712638000000004
0.0545377135
0.088166722
0.07182812
0.101568827
0.15490746
0.11430041
0.1013084675
0.085064288
0.112501617
0.14493274
0.87604668
0.7402260650000001
0.710995125
0.32194926
0.19226511000000002
0.23801887
0.179113255
0.52639398
0.1879854
0.180706165
0.6222369
0.6381015800000001
0.178089605
0.186743307
0.223497285
0.17951603
0.31618244
0.88377952
0.88275605
0.171139455
0.15231904
0.16698391499999998
0.883546335
0.8877475
0.255655045
0.75847825
0.79378638
0.093981915
0.076614078
0.10151315999999999
0.09045165250000001
0.05608773
0.045971153
0.0450601595
0.047415727000000005
0.057619324
0.07690341249999999
0.859993265
0.8597531199999999
0.103503293
0.080920098
0.11281524500000001
0.87501708
0.11733748499999999
0.0691532
0.075216847
0.8997675300000001
0.9270776249999999
0.93044117
0.91650475
0.905757175
0.0676254565
0.045024443
0.042847188499999994
0.043095791
0.053811129
0.051645965
0.0493065865
0.05443955
0.058188407500000004
0.06250188500000001
0.09293525
0.82544855
0.152979835
0.09392309
0.078516045
0.071904324
0.08531243799999999
0.68534428
0.19137025000000002
0.7430341
0.864157735
0.19077749500000002
0.24150550999999998
0.175723625
0.7236813
0.87146243
0.221660045
0.13870268
0.17520468
0.222243935
0.153068085
0.165522055
0.25649140000000004
0.18317053
0.58577492
0.5565568999999999
0.22865759000000002
0.17873641
0.200959985
0.21630839500000001
0.8020226349999999
0.30261289999999996
0.43394388500000003
0.6217987650000001
0.276888775
0.39280301500000003
0.41769287
0.64292821
0.20396151499999998
0.24386227
0.11400451
0.10430400000000001
0.14661719
0.15494322
0.67563273
0.70107688
0.7750711699999999
0.8890646950000001
0.88097993
0.5479949749999999
0.420605345
0.87909916
0.90643867
0.908002085
0.176246095
0.0945728425
0.13673409
0.08302981000000001
0.11881550299999999
0.79372883
0.81561705
0.09839541299999999
0.055635293
0.047421759
0.0553988275
0.0699138315
0.05554213
0.08415508199999999
0.101654725
0.88964238
0.9267771549999999
0.09644630300000001
0.06649290799999999
0.08557317049999999
0.12551078999999998
0.87837298
0.07977513
0.048289681
0.042622879
0.04396293
0.0518095195
0.06504101649999999
0.8900145500000001
0.903158565
0.9284185
0.911838225
0.9112090500000001
0.92476355
0.9114186200000001
0.9336342
0.93977532
0.9442387
0.91979748
0.8983770799999999
0.0642856515
0.04150909
0.036185295
0.039838768
0.038106933999999995
0.038327897
0.04167489
0.044228795
0.046519780499999996
0.063260981
0.8644275
0.9377430200000001
0.8546712249999999
0.853452485
0.079502877
0.054835843499999995
0.0497542675
0.059045885000000006
0.07441078300000001
0.057924781
0.056002842000000004
0.0732025825
0.062068414
0.06218296350000001
0.06941166
0.07322279000000001
0.0956296075
0.069067967
0.077121245
0.0710055125
0.100598715
0.074058931
0.07311575000000001
0.0864273575
0.099368135
0.109913925
0.118445312
0.13069672
0.7099291400000001
0.144564515
0.09889596
0.09593145
0.18725898
0.208760775
0.39693509
0.7393412
0.870342435
0.16037763
0.11739812999999999
0.076076597
0.06820419350000001
0.0679434135
0.099185945
0.18026774
0.141065895
0.87275652
0.126701865
0.095245395
0.14809971500000002
0.8138409
0.096420227
0.061401122999999995
0.061375953
0.0820655575
0.89554755
0.913547365
0.882808975
0.8892777199999999
0.916201485
0.88778005
0.9141943
0.913608515
0.91032668
0.869925225
0.8721100799999999
0.9091308
0.9125645250000001
0.911439
0.8638399299999999
0.90712445
0.8486880299999999
0.88321617
0.400616675
0.837899485
0.12669665
0.10796347
0.21345419
0.726675725
0.18000546
0.115291272
0.1401106125
0.83606415
0.181144255
0.181685528
0.242369075
0.11774364500000001
0.09324446
0.140637523
0.0839730475
0.08721621
0.0914996915
0.174547795
0.818089675
0.915935575
0.91924275
0.8334274850000001
0.8797653
0.24885899
0.16110014
0.116512452
0.112075815
0.200852695
0.63862115
0.6218021499999999
0.23141665500000003
0.21072504
0.5956043
0.5859932
0.25405418999999996
0.258660205
0.299487265
0.21489192499999998
0.28373471
0.30427176
0.77350313
0.910595225
0.913096305
0.906698555
0.101666617
0.062386609999999995
0.057054284999999996
0.09698912
0.07775338500000001
0.12090166
0.08939066000000001
0.074030245
0.054299428
0.056401539
0.090829331
0.0795134225
0.046148698
0.04328879
0.046122546
0.062372778000000004
0.116458825
0.920624715
0.9251561500000001
0.95159855
0.923571935
0.10749969749999999
0.070331533
0.040976645
0.038162888000000006
0.0418550525
0.054394291
0.071231425
0.09746524000000001
0.9044851
0.91220665
0.115796545
0.092494305
0.0531731155
0.05112946
0.07937569
0.188404375
0.9330165
0.9447371250000001
0.94423163
0.255169825
0.10381717800000001
0.0549991865
0.048821183000000004
0.06266008
0.075202545
0.75719175
0.74943945
0.7660495
0.787970885
0.90105062
0.9155537499999999
0.8611362
0.9281569000000001
0.92792605
0.83783927
0.071405388
0.0491127765
0.05403899400000001
0.048664319
0.036932610000000005
0.038129294
0.0498572075
0.094951388
0.9235627
0.9353503000000001
0.953388215
0.94804422
0.122370055
0.0671325765
0.042466687
0.040473789999999996
0.046603382
0.055397611
0.0661341225
0.0738401865
0.808593525
0.8364285
0.91278405
0.8582470799999999
0.83542512
0.8068945999999999
0.8002271999999999
0.825233425
0.85850952
0.914494615
0.8695764500000001
0.91695282
0.81778845
0.099483675
0.0796875665
0.1130366425
0.10194609999999998
0.10378435999999999
0.10069077500000001
0.09149942999999999
0.112174115
0.121882625
0.70710443
0.7105632
0.6922148
0.22440701000000002
0.22297395
0.1402633
0.226334875
0.30948244999999996
0.784021795
0.7807316799999999
0.8096655500000001
0.08544331050000001
0.0526150985
0.0481976195
0.059712537499999996
0.084705527
0.092608882
0.8202254
0.12596332
0.12758814
0.90388547
0.927539425
0.8816326
0.91039875
0.163870305
0.177161245
0.87800805
0.19543893499999998
0.09839230500000001
0.08885438500000001
0.063829315
0.071113272
0.11263516
0.78244945
0.747236275
0.17724645
0.1314526
0.113934325
0.144929657
0.233900995
0.794576
0.8940950000000001
0.84986552
0.9148663
0.91103113
0.7902750199999999
0.31740303999999997
0.311128375
0.23733639
0.145161563
0.15424495
0.1740858275
0.23618155000000002
0.315254775
0.78076185
0.7987854999999999
0.7911797300000001
0.77692993
0.7473642
0.742785375
0.78560365
0.08056297300000001
0.05551431799999999
0.042686443000000004
0.0409439565
0.046013646500000005
0.067836198
0.895285715
0.8987249150000001
0.9194551
0.94501513
0.8914024
0.06887131
0.043889397999999996
0.038941252999999995
0.0441836635
0.072530695
0.08081864
0.85135575
0.9214727
0.927265475
0.8249325750000001
0.80338547
0.181604995
0.13608223
0.135240475
0.081583354
0.077564124
0.11215388
0.139527255
0.158245125
0.66110548
0.6684155350000001
0.33751856
0.24542039999999998
0.170762325
0.18236702
0.15551256
0.16193979
0.602381425
0.62377569
0.24122912500000002
0.206384495
0.55346597
0.22640166
0.20489416
0.527916885
0.257062425
0.287942095
0.30966009
0.39446187
0.78950258
0.43622725
0.37062253
0.27421691
0.33918132
0.367264655
0.35605870500000003
0.48599008
0.8076998799999999
0.43339060500000004
0.256766315
0.200255415
0.15292802
0.16148307
0.24466368
0.25484042
0.6752294
0.32595693
0.150607085
0.15004311
0.66861563
0.1485526425
0.142046538
0.119006733
0.134480575
0.24340705499999998
0.29847545
0.74414098
0.184165615
0.102196605
0.0853018965
0.126306523
0.1706030725
0.10089547
0.067074205
0.069402147
0.0758721965
0.14446618
0.17450293
0.7550721499999999
0.771796935
0.132307785
0.123268505
0.7862859499999999
0.818825515
0.088171625
0.0611231435
0.057977123500000005
0.084559277
0.8634799449999999
0.82990997
0.8883989800000001
0.104523725
0.059102172499999994
0.05797131
0.081600125
0.84083155
0.107256623
0.08548106999999999
0.13472274
0.878939185
0.08226328
0.050522985
0.043676859
0.0480860125
0.06834230300000001
0.91963005
0.9376190799999999
0.946234375
0.08726371699999999
0.051526665
0.048694607
0.062235676000000004
0.081645835
0.84310178
0.10678383699999999
0.080124955
0.12216449
0.870536975
0.859465225
0.081244848
0.05418233
0.0572849675
0.075973908
0.8652276400000001
0.874949905
0.89478835
0.8854702
0.88444342
0.137702177
0.074707245
0.0869136115
0.095144883
0.81364105
0.09220492
0.07026713
0.067122875
0.065201753
0.058714599
0.061606297500000004
0.08818195
0.76916835
0.12340446
0.12822798000000002
0.18687774000000001
0.7995741000000001
0.10681277
0.0693966665
0.07095584099999999
0.0835898765
0.08555919299999999
0.0707069385
0.078321818
0.1376974165
0.156895895
0.74869673
0.709455575
0.14417074
0.12799683
0.185922013
0.7065581000000001
0.303503505
0.2095066
0.18606234500000002
0.163408995
0.25565135
0.304805535
0.300130125
0.661387965
0.64433823
0.32128285
0.230541985
0.29876483
0.45453651000000006
0.8571775500000001
0.8035860850000001
0.8276336799999999
0.90132807
0.9043028
0.84494057
0.887430785
0.798947965
0.7252317850000001
0.654555535
0.249014915
0.20054126
0.16371463
0.24247304
0.733857675
0.8843023999999999
0.892891645
0.778712265
0.09504
0.0674699995
0.0502928215
0.046412497999999996
0.05591312
0.113328342
0.882728605
0.877268105
0.8712925
0.86737155
0.92572895
0.12241945500000001
0.0626564875
0.052180306499999995
0.0561332575
0.0921702385
0.074079035
0.10629839999999999
0.16430207
0.120147387
0.105992365
0.0877802
0.11628014750000001
0.149108835
0.8735166249999999
0.7372494
0.7061976999999999
0.32615517
0.19641588000000001
0.24337773000000001
0.1821623
0.522260625
0.189845485
0.182222515
0.61961913
0.635708155
0.17842025
0.18701337
0.22367552000000002
0.17979319
0.31618517
0.8834812
0.88254025
0.171201545
0.152444453
0.16710327
0.8835387
0.887717925
0.255692905
0.7585018699999999
0.79377785
0.09400692
0.07665340500000001
0.10155979500000001
0.090471035
0.056101482499999994
0.045973155
0.045061038
0.0474168965
0.057622024
0.07690575699999999
0.860006525
0.859765425
0.103507195
0.080922822
0.11282313299999999
0.875017045
0.117326652
0.069153032
0.075218395
0.899772925
0.92708027
0.930443015
0.916513325
0.9057677500000001
0.06762446
0.045024024499999996
0.042846993
0.0430961185
0.053813145
0.051648283
0.0493082405
0.0544428285
0.058191797
0.062504211
0.09293858199999999
0.8254422
0.15296562
0.093916865
0.078511401
0.071901903
0.08530816199999999
0.6853035000000001
0.191355435
0.7430620299999999
0.864163985
0.19075288
0.24149612
0.175709185
0.723589065
0.87147778
0.221667635
0.13867549
0.17518329
0.22221225
0.15304868500000002
0.16554482999999998
0.25655738
0.183207855
0.585800235
0.55662772
0.22872710500000001
0.17877532000000002
0.20100847500000002
0.2163498
0.80200255
0.30265187
0.43400110000000003
0.6217427
0.276906015
0.3928229
0.417717935
0.6429016000000001
0.20397311499999998
0.24387641499999999
0.1140092
0.1043078825
0.146623745
0.1549511
0.675614745
0.701060665
0.77505945
0.889065625
0.880982935
0.5479951000000001
0.420633095
0.87911015
0.906444
0.908004405
0.17623725499999998
0.09457241499999999
0.1367344
0.083030405
0.11881694500000001
0.79373011
0.8156206699999999
0.098396355
0.055635159999999996
0.047421757
0.055398914
0.0699140125
0.055542372
0.0841555445
0.10165632999999999
0.88964415
0.926778875
0.096447595
0.0664932765
0.085573868
0.125512468
0.8783747
0.079776445
0.048289787
0.042622911
0.043963086
0.05181003
0.0650420335
0.8900179500000001
0.90316077
0.928419185
0.9118388749999999
0.91120885
0.9247606500000001
0.9114187499999999
0.9336313
0.93977367
0.94423725
0.9197968999999999
0.8983778499999999
0.064284897
0.041508941
0.0361849875
0.0398385655
0.0381068885
0.038327921
0.041675014999999996
0.044228941
0.046520049
0.0632617575
0.864428515
0.9377446300000001
0.854671925
0.85345425
0.07950344000000001
0.054835722
0.049754377
0.05904616
0.074411203
0.0579253065
0.056003383500000004
0.07320320599999999
0.0620690775
0.062183618499999996
0.0694123165
0.073223433
0.09563036750000001
0.06906857599999999
0.0771218275
0.07100600700000001
0.100599285
0.074059355
0.0731161
0.086427703
0.0993684175
0.10991430299999999
0.11844604
0.130698165
0.7099269850000001
0.144566675
0.09889669
0.09593220999999999
0.18726109000000002
0.208765595
0.39694537500000004
0.739336075
0.8703453750000001
0.16037771499999998
0.11739792
0.07607637
0.068204125
0.0679434675
0.09918613000000001
0.180267955
0.14106757
0.87275785
0.1267030025
0.09524611
0.14810150700000002
0.8138437000000001
0.09642120500000001
0.061401649999999995
0.06137661
0.0820665845
0.8955486500000001
0.9135473350000001
0.882808465
0.88927572
0.9161985349999999
0.88777565
0.91418915
0.913602085
0.91031958
0.869918795
0.872103225
0.909124375
0.91255655
0.911434465
0.86382848
0.90711895
0.8486773
0.88321142
0.4006027
0.8379005850000001
0.12669688
0.107964343
0.21345522
0.726677295
0.180006875
0.115291915
0.140111635
0.8360662999999999
0.181146905
0.18168705000000002
0.2423706
0.11774404299999999
0.09324449000000001
0.140637713
0.0839732725
0.0872164725
0.0915004835
0.174551775
0.818092525
0.9159379
0.9192437
0.833421585
0.87976555
0.2488491
0.16109884800000002
0.11651223
0.1120767875
0.20085648
0.63861145
0.62179337
0.23141888500000002
0.210728475
0.5955871500000001
0.58597325
0.254054875
0.258663395
0.29949218
0.2148974
0.283739935
0.30428167500000003
0.77350062
0.9105961199999999
0.9130972749999999
0.90669802
0.866796175
0.062386945
0.05705459
0.09699005499999999
0.0777538885
0.120902725
0.089391285
0.07403078
0.0542996325
0.056401775
0.0908302
0.079514185
0.046148846
0.043288935
0.046122728
0.062373142500000006
0.116459423
0.92062395
0.925154935
0.95159825
0.9235711
0.107500183
0.0703319765
0.040976749500000006
0.0381629735
0.041855199999999995
0.054394649999999996
0.071231917
0.09746557
0.904484535
0.912205865
0.115797385
0.092495505
0.05317348499999999
0.051129762999999995
0.079376325
0.18840517499999998
0.9330163499999999
0.9447367499999999
0.94423127
0.25517135
0.10381793
0.054999435
0.0488213825
0.062660435
0.0752029585
0.757190165
0.74943615
0.7660458
0.7879675049999999
0.901049195
0.9155527800000001
0.8611349349999999
0.928155955
0.9279252
0.83783859
0.07140561349999999
0.049112964999999995
0.054039345
0.048664609
0.036932717000000004
0.0381293935
0.049857463500000004
0.09495179000000001
0.923561825
0.935348125
0.953387795
0.94804387
0.12237061500000002
0.067132896
0.042466762000000005
0.040473827000000004
0.046603412999999996
0.05539783
0.066135525
0.0738425325
0.80857895
0.836401765
0.912777175
0.858231685
0.835408235
0.80688225
0.800212965
0.8252155750000001
0.8584917999999999
0.914488965
0.86956545
0.9169466500000001
0.8177844000000001
0.099485902
0.079689308
0.113038725
0.10194791
0.10378573499999999
0.10069136000000001
0.0915001175
0.11217853
0.12188470199999998
0.7071022499999999
0.71055808
0.69221025
0.224418785
0.22298826500000002
0.140272467
0.226356285
0.30951292500000005
0.78402618
0.78072897
0.8096569849999999
0.08544405
0.05261542
0.048198093
0.05971371
0.0847085925
0.092610197
0.820221475
0.125964175
0.12758856000000002
0.9038822950000001
0.9275287999999999
0.8816123
0.9103904
0.16387292
0.177159475
0.878003225
0.19544394999999998
0.098396225
0.08885638700000001
0.06383048399999999
0.07111542
0.11263925250000001
0.7824439750000001
0.7472224000000001
0.17725132500000002
0.131455482
0.113940525
0.14495411749999998
0.233944735
0.79449591
0.89405442
0.84981608
0.914835525
0.91098669
0.7902287
0.317494225
0.311209905
0.23739125
0.14519669999999998
0.15429738
0.17414920499999997
0.23627435500000002
0.31533511
0.78066415
0.79870845
0.7911244
0.7768944499999999
0.747325155
0.74275062
0.78554447
0.080569058
0.0555210005
0.042689434
0.040946105999999996
0.0460158975
0.067841663
0.89527103
0.89869717
0.91943093
0.94500965
0.891372735
0.06887235
0.043889646500000004
0.0389414235
0.0441845245
0.0725362375
0.0808211
0.8513686
0.921477275
0.9272639199999999
0.8249377499999999
0.8033759
0.18158226
0.13606173
0.1352194675
0.08157242449999999
0.07755309099999999
0.1121323325
0.13950774
0.158209365
0.6611483499999999
0.668509545
0.337354765
0.24523628
0.17058888
0.182163975
0.155313745
0.16167015
0.6024811999999999
0.6241152000000001
0.24063636500000002
0.205710635
0.55453378
0.22559827500000001
0.203986795
0.53109975
0.25595219999999996
0.288295275
0.309470205
0.38345391
0.782259925
0.30413678
0.34431538500000003
0.26330688
0.338080765
0.370736965
0.35782933
0.48946597000000003
0.8091538
0.43576327000000004
0.25756777000000003
0.20042152
0.152803815
0.16134674
0.244744955
0.25496088499999997
0.675750525
0.325956465
0.150539045
0.14999505
0.66874257
0.148470603
0.1419494775
0.118939865
0.13441532
0.24341474000000002
0.29856547499999997
0.7442859749999999
0.18409433
0.1021379275
0.0852654
0.126188455
0.170430382
0.10078161999999999
0.0670451925
0.06937262450000001
0.0758404935
0.144347665
0.17436603
0.75533688
0.7720025500000001
0.132310325
0.123266493
0.78635484
0.8188731
0.088125005
0.061079258500000004
0.057949539999999994
0.084489765
0.86364095
0.8301099350000001
0.888555435
0.104512255
0.059098892
0.0579693375
0.08159551300000001
0.8408375100000001
0.107250395
0.085476415
0.134715005
0.8789351000000001
0.0822609
0.050521921
0.043676414999999996
0.048085677
0.068341405
0.9196303
0.9376191700000001
0.946234315
0.08726352500000001
0.051526599
0.0486946405
0.062235756
0.081646018
0.84310195
0.106782247
0.080123678
0.12215834
0.8705328750000001
0.85945447
0.081244773
0.054182674
0.057286146999999996
0.075974958
0.86522395
0.8749447
0.8947791
0.88545555
0.8844260749999999
0.13770267
0.074708395
0.0869145615
0.095144265
0.81361368
0.09220388500000001
0.0702687585
0.0671256055
0.0652076075
0.0587216475
0.061611992000000004
0.08818603
0.7690973999999999
0.1233973675
0.128218625
0.186819905
0.7993364000000001
0.10681493
0.069408192
0.0709672515
0.08359991
0.0855707085
0.07071593849999999
0.07833071850000001
0.1377048
0.156881582
0.74890415
0.70935367
0.14415339
0.127983663
0.185773923
0.706387985
0.303254745
0.20930127999999998
0.1859934575
0.16334716999999999
0.255625895
0.304770865
0.29964422
0.66099912
0.6449922299999999
0.31724999
0.227403185
0.29412382
0.44349944500000005
0.85845425
0.80320255
0.82929105
0.9055531
0.906965345
0.83049395
0.860102465
0.34104529
0.22554885
0.181847005
0.248214445
0.6295306
0.652988015
0.6878213
0.7503134499999999
0.8845434249999999
0.8952859
0.7802212749999999
0.0939487075
0.06646835499999999
0.049494617000000005
0.045722785
0.055065752999999995
0.110910128
0.88673052
0.882848965
0.8775515300000001
0.873233565
0.927675925
0.11854398499999999
0.060855734999999994
0.050712638000000004
0.0545377135
0.088166722
0.07182812
0.101568827
0.15490746
0.11430041
0.1013084675
0.085064288
0.112501617
0.14493274
0.87604668
0.7402260650000001
0.710995125
0.32194926
0.19226511000000002
0.23801887
0.179113255
0.52639398
0.1879854
0.180706165
0.6222369
0.6381015800000001
0.178089605
0.186743307
0.223497285
0.17951603
0.31618244
0.88377952
0.88275605
0.171139455
0.15231904
0.16698391499999998
0.883546335
0.8877475
0.255655045
0.75847825
0.79378638
0.093981915
0.076614078
0.10151315999999999
0.09045165250000001
0.05608773
0.045971153
0.0450601595
0.047415727000000005
0.057619324
0.07690341249999999
0.859993265
0.8597531199999999
0.103503293
0.080920098
0.11281524500000001
0.87501708
0.11733748499999999
0.0691532
0.075216847
0.8997675300000001
0.9270776249999999
0.93044117
0.91650475
0.905757175
0.0676254565
0.045024443
0.042847188499999994
0.043095791
0.053811129
0.051645965
0.0493065865
0.05443955
0.058188407500000004
0.06250188500000001
0.09293525
0.82544855
0.152979835
0.09392309
0.078516045
0.071904324
0.08531243799999999
0.68534428
0.19137025000000002
0.7430341
0.864157735
0.19077749500000002
0.24150550999999998
0.175723625
0.7236813
0.87146243
0.221660045
0.13870268
0.17520468
0.222243935
0.153068085
0.165522055
0.25649140000000004
0.18317053
0.58577492
0.5565568999999999
0.22865759000000002
0.17873641
0.200959985
0.21630839500000001
0.8020226349999999
0.30261289999999996
0.43394388500000003
0.6217987650000001
0.276888775
0.39280301500000003
0.41769287
0.64292821
0.20396151499999998
0.24386227
0.11400451
0.10430400000000001
0.14661719
0.15494322
0.67563273
0.70107688
0.7750711699999999
0.8890646950000001
0.88097993
0.5479949749999999
0.420605345
0.87909916
0.90643867
0.908002085
0.176246095
0.0945728425
0.13673409
0.08302981000000001
0.11881550299999999
0.79372883
0.81561705
0.09839541299999999
0.055635293
0.047421759
0.0553988275
0.0699138315
0.05554213
0.08415508199999999
0.101654725
0.88964238
0.9267771549999999
0.09644630300000001
0.06649290799999999
0.08557317049999999
0.12551078999999998
0.87837298
0.07977513
0.048289681
0.042622879
0.04396293
0.0518095195
0.06504101649999999
0.8900145500000001
0.903158565
0.9284185
0.911838225
0.9112090500000001
0.92476355
0.9114186200000001
0.9336342
0.93977532
0.9442387
0.91979748
0.8983770799999999
0.0642856515
0.04150909
0.036185295
0.039838768
0.038106933999999995
0.038327897
0.04167489
0.044228795
0.046519780499999996
0.063260981
0.8644275
0.9377430200000001
0.8546712249999999
0.853452485
0.079502877
0.054835843499999995
0.0497542675
0.059045885000000006
0.07441078300000001
0.057924781
0.056002842000000004
0.0732025825
0.062068414
0.06218296350000001
0.06941166
0.07322279000000001
0.0956296075
0.069067967
0.077121245
0.0710055125
0.100598715
0.074058931
0.07311575000000001
0.0864273575
0.099368135
0.109913925
0.118445312
0.13069672
0.7099291400000001
0.144564515
0.09889596
0.09593145
0.18725898
0.208760775
0.39693509
0.7393412
0.870342435
0.16037763
0.11739812999999999
0.076076597
0.06820419350000001
0.0679434135
0.099185945
0.18026774
0.141065895
0.87275652
0.126701865
0.095245395
0.14809971500000002
0.8138409
0.096420227
0.061401122999999995
0.061375953
0.0820655575
0.89554755
0.913547365
0.882808975
0.8892777199999999
0.916201485
0.88778005
0.9141943
0.913608515
0.91032668
0.869925225
0.8721100799999999
0.9091308
0.9125645250000001
0.911439
0.8638399299999999
0.90712445
0.8486880299999999
0.88321617
0.400616675
0.837899485
0.12669665
0.10796347
0.21345419
0.726675725
0.18000546
0.115291272
0.1401106125
0.83606415
0.181144255
0.181685528
0.242369075
0.11774364500000001
0.09324446
0.140637523
0.0839730475
0.08721621
0.0914996915
0.174547795
0.818089675
0.915935575
0.91924275
0.8334274850000001
0.8797653
0.24885899
0.16110014
0.116512452
0.112075815
0.200852695
0.63862115
0.6218021499999999
0.23141665500000003
0.21072504
0.5956043
0.5859932
0.25405418999999996
0.258660205
0.299487265
0.21489192499999998
0.28373471
0.30427176
0.77350313
0.910595225
0.913096305
0.8667967999999999
0.101666617
0.062386609999999995
0.057054284999999996
0.09698912
0.07775338500000001
0.12090166
0.08939066000000001
0.074030245
0.054299428
0.056401539
0.090829331
0.0795134225
0.046148698
0.04328879
0.046122546
0.062372778000000004
0.116458825
0.920624715
0.9251561500000001
0.95159855
0.923571935
0.10749969749999999
0.070331533
0.040976645
0.038162888000000006
0.0418550525
0.054394291
0.071231425
0.09746524000000001
0.9044851
0.91220665
0.115796545
0.092494305
0.0531731155
0.05112946
0.07937569
0.188404375
0.9330165
0.9447371250000001
0.94423163
0.255169825
0.10381717800000001
0.0549991865
0.048821183000000004
0.06266008
0.075202545
0.75719175
0.74943945
0.7660495
0.787970885
0.90105062
0.9155537499999999
0.8611362
0.9281569000000001
0.92792605
0.83783927
0.071405388
0.0491127765
0.05403899400000001
0.048664319
0.036932610000000005
0.038129294
0.0498572075
0.094951388
0.9235627
0.9353503000000001
0.953388215
0.94804422
0.122370055
0.0671325765
0.042466687
0.040473789999999996
0.046603382
0.055397611
0.0661341225
0.0738401865
0.808593525
0.8364285
0.91278405
0.8582470799999999
0.83542512
0.8068945999999999
0.8002271999999999
0.825233425
0.85850952
0.914494615
0.8695764500000001
0.91695282
0.81778845
0.099483675
0.0796875665
0.1130366425
0.10194609999999998
0.10378435999999999
0.10069077500000001
0.09149942999999999
0.112174115
0.121882625
0.70710443
0.7105632
0.6922148
0.22440701000000002
0.22297395
0.1402633
0.226334875
0.30948244999999996
0.784021795
0.7807316799999999
0.8096655500000001
0.08544331050000001
0.0526150985
0.0481976195
0.059712537499999996
0.084705527
0.092608882
0.8202254
0.12596332
0.12758814
0.90388547
0.927539425
0.8816326
0.91039875
0.163870305
0.177161245
0.87800805
0.19543893499999998
0.09839230500000001
0.08885438500000001
0.063829315
0.071113272
0.11263516
0.78244945
0.747236275
0.17724645
0.1314526
0.113934325
0.144929657
0.233900995
0.794576
0.8940950000000001
0.84986552
0.9148663
0.91103113
0.7902750199999999
0.31740303999999997
0.311128375
0.23733639
0.145161563
0.15424495
0.1740858275
0.23618155000000002
0.315254775
0.78076185
0.7987854999999999
0.7911797300000001
0.77692993
0.7473642
0.742785375
0.78560365
0.08056297300000001
0.05551431799999999
0.042686443000000004
0.0409439565
0.046013646500000005
0.067836198
0.895285715
0.8987249150000001
0.9194551
0.94501513
0.8914024
0.06887131
0.043889397999999996
0.038941252999999995
0.0441836635
0.072530695
0.08081864
0.85135575
0.9214727
0.927265475
0.8249325750000001
0.80338547
0.181604995
0.13608223
0.135240475
0.081583354
0.077564124
0.11215388
0.139527255
0.158245125
0.66110548
0.6684155350000001
0.33751856
0.24542039999999998
0.170762325
0.18236702
0.15551256
0.16193979
0.602381425
0.62377569
0.24122912500000002
0.206384495
0.55346597
0.22640166
0.20489416
0.527916885
0.257062425
0.287942095
0.30966009
0.39446187
0.78950258
0.43622725
0.37062253
0.27421691
0.33918132
0.367264655
0.35605870500000003
0.48599008
0.8076998799999999
0.43339060500000004
0.256766315
0.200255415
0.15292802
0.16148307
0.24466368
0.25484042
0.6752294
0.32595693
0.150607085
0.15004311
0.66861563
0.1485526425
0.142046538
0.119006733
0.134480575
0.24340705499999998
0.29847545
0.74414098
0.184165615
0.102196605
0.0853018965
0.126306523
0.1706030725
0.10089547
0.067074205
0.069402147
0.0758721965
0.14446618
0.17450293
0.7550721499999999
0.771796935
0.132307785
0.123268505
0.7862859499999999
0.818825515
0.088171625
0.0611231435
0.057977123500000005
0.084559277
0.8634799449999999
0.82990997
0.8883989800000001
0.104523725
0.059102172499999994
0.05797131
0.081600125
0.84083155
0.107256623
0.08548106999999999
0.13472274
0.878939185
0.08226328
0.050522985
0.043676859
0.0480860125
0.06834230300000001
0.91963005
0.9376190799999999
0.946234375
0.08726371699999999
0.051526665
0.048694607
0.062235676000000004
0.081645835
0.84310178
0.10678383699999999
0.080124955
0.12216449
0.870536975
0.859465225
0.081244848
0.05418233
0.0572849675
0.075973908
0.8652276400000001
0.874949905
0.89478835
0.8854702
0.88444342
0.137702177
0.074707245
0.0869136115
0.095144883
0.81364105
0.09220492
0.07026713
0.067122875
0.065201753
0.058714599
0.061606297500000004
0.08818195
0.76916835
0.12340446
0.12822798000000002
0.18687774000000001
0.7995741000000001
0.10681277
0.0693966665
0.07095584099999999
0.0835898765
0.08555919299999999
0.0707069385
0.078321818
0.1376974165
0.156895895
0.74869673
0.709455575
0.14417074
0.12799683
0.185922013
0.7065581000000001
0.303503505
0.2095066
0.18606234500000002
0.163408995
0.25565135
0.304805535
0.300130125
0.661387965
0.64433823
0.32128285
0.230541985
0.29876483
0.45453651000000006
0.8571775500000001
0.8035860850000001
0.8276336799999999
0.90132807
0.9043028
0.84494057
0.887430785
0.798947965
0.7252317850000001
0.654555535
0.249014915
0.20054126
0.16371463
0.24247304
0.733857675
0.8843023999999999
0.892891645
0.778712265
0.09504
0.0674699995
0.0502928215
0.046412497999999996
0.05591312
0.113328342
0.882728605
0.877268105
0.8712925
0.86737155
0.92572895
0.12241945500000001
0.0626564875
0.052180306499999995
0.0561332575
0.0921702385
0.074079035
0.10629839999999999
0.16430207
0.120147387
0.105992365
0.0877802
0.11628014750000001
0.149108835
0.8735166249999999
0.7372494
0.7061976999999999
0.32615517
0.19641588000000001
0.24337773000000001
0.1821623
0.522260625
0.189845485
0.182222515
0.61961913
0.635708155
0.17842025
0.18701337
0.22367552000000002
0.17979319
0.31618517
0.8834812
0.88254025
0.171201545
0.152444453
0.16710327
0.8835387
0.887717925
0.255692905
0.7585018699999999
0.79377785
0.09400692
0.07665340500000001
0.10155979500000001
0.090471035
0.056101482499999994
0.045973155
0.045061038
0.0474168965
0.057622024
0.07690575699999999
0.860006525
0.859765425
0.103507195
0.080922822
0.11282313299999999
0.875017045
0.117326652
0.069153032
0.075218395
0.899772925
0.92708027
0.930443015
0.916513325
0.9057677500000001
0.06762446
0.045024024499999996
0.042846993
0.0430961185
0.053813145
0.051648283
0.0493082405
0.0544428285
0.058191797
0.062504211
0.09293858199999999
0.8254422
0.15296562
0.093916865
0.078511401
0.071901903
0.08530816199999999
0.6853035000000001
0.191355435
0.7430620299999999
0.864163985
0.19075288
0.24149612
0.175709185
0.723589065
0.87147778
0.221667635
0.13867549
0.17518329
0.22221225
0.15304868500000002
0.16554482999999998
0.25655738
0.183207855
0.585800235
0.55662772
0.22872710500000001
0.17877532000000002
0.20100847500000002
0.2163498
0.80200255
0.30265187
0.43400110000000003
0.6217427
0.276906015
0.3928229
0.417717935
0.6429016000000001
0.20397311499999998
0.24387641499999999
0.1140092
0.1043078825
0.146623745
0.1549511
0.675614745
0.701060665
0.77505945
0.889065625
0.880982935
0.5479951000000001
0.420633095
0.87911015
0.906444
0.908004405
0.17623725499999998
0.09457241499999999
0.1367344
0.083030405
0.11881694500000001
0.79373011
0.8156206699999999
0.098396355
0.055635159999999996
0.047421757
0.055398914
0.0699140125
0.055542372
0.0841555445
0.10165632999999999
0.88964415
0.926778875
0.096447595
0.0664932765
0.085573868
0.125512468
0.8783747
0.079776445
0.048289787
0.042622911
0.043963086
0.05181003
0.0650420335
0.8900179500000001
0.90316077
0.928419185
0.9118388749999999
0.91120885
0.9247606500000001
0.9114187499999999
0.9336313
0.93977367
0.94423725
0.9197968999999999
0.8983778499999999
0.064284897
0.041508941
0.0361849875
0.0398385655
0.0381068885
0.038327921
0.041675014999999996
0.044228941
0.046520049
0.0632617575
0.864428515
0.9377446300000001
0.854671925
0.85345425
0.07950344000000001
0.054835722
0.049754377
0.05904616
0.074411203
0.0579253065
0.056003383500000004
0.07320320599999999
0.0620690775
0.062183618499999996
0.0694123165
0.073223433
0.09563036750000001
0.06906857599999999
0.0771218275
0.07100600700000001
0.100599285
0.074059355
0.0731161
0.086427703
0.0993684175
0.10991430299999999
0.11844604
0.130698165
0.7099269850000001
0.144566675
0.09889669
0.09593220999999999
0.18726109000000002
0.208765595
0.39694537500000004
0.739336075
0.8703453750000001
0.16037771499999998
0.11739792
0.07607637
0.068204125
0.0679434675
0.09918613000000001
0.180267955
0.14106757
0.87275785
0.1267030025
0.09524611
0.14810150700000002
0.8138437000000001
0.09642120500000001
0.061401649999999995
0.06137661
0.0820665845
0.8955486500000001
0.9135473350000001
0.882808465
0.88927572
0.9161985349999999
0.88777565
0.91418915
0.913602085
0.91031958
0.869918795
0.872103225
0.909124375
0.91255655
0.911434465
0.86382848
0.90711895
0.8486773
0.88321142
0.4006027
0.8379005850000001
0.12669688
0.107964343
0.21345522
0.726677295
0.180006875
0.115291915
0.140111635
0.8360662999999999
0.181146905
0.18168705000000002
0.2423706
0.11774404299999999
0.09324449000000001
0.140637713
0.0839732725
0.0872164725
0.0915004835
0.174551775
0.818092525
0.9159379
0.9192437
0.833421585
0.87976555
0.2488491
0.16109884800000002
0.11651223
0.1120767875
0.20085648
0.63861145
0.62179337
0.23141888500000002
0.210728475
0.5955871500000001
0.58597325
0.254054875
0.258663395
0.29949218
0.2148974
0.283739935
0.30428167500000003
0.77350062
