0.8888076
0.83621675
0.11951442
0.076654434
0.07092052
0.13028377
0.093976684
0.15267658
0.10605836
0.08745
0.06079229
0.06714061
0.12972298
0.11248977
0.054175608
0.050894227
0.05672523
0.08017788
0.14372092
0.9009125
0.8961788
0.937269
0.8991432
0.12347391
0.09719344
0.048925515
0.043841917
0.05038027
0.07225575
0.09553142
0.11800315
0.9004343
0.9037662
0.12708735
0.12021886
0.06582698
0.063158676
0.09440621
0.17855547
0.9145591
0.9281086
0.92894524
0.26143953
0.14337708
0.072399
0.063927695
0.08641257
0.09930392
0.74904543
0.7320371
0.7326285
0.74246377
0.88625103
0.89772046
0.82039607
0.90839165
0.9131388
0.82934225
0.090193264
0.06413463
0.07567493
0.066322915
0.04533753
0.04662381
0.061094135
0.10809298
0.90381235
0.9139508
0.94000983
0.9354308
0.1308207
0.08930976
0.052975804
0.049702004
0.060842626
0.07524677
0.08940039
0.09477803
0.7956838
0.80838937
0.8983917
0.8212531
0.80037457
0.7741761
0.7761651
0.8056305
0.8309034
0.894944
0.8283048
0.8973938
0.79180837
0.12815107
0.10624182
0.1511057
0.12833108
0.12734605
0.1248519
0.114991985
0.14528874
0.15321358
0.6662182
0.6592537
0.6164637
0.25009593
0.24765891
0.17644651
0.2642569
0.3514958
0.74402446
0.7426504
0.78629047
0.10048228
0.06310416
0.059371926
0.079489246
0.11352772
0.11305901
0.7993503
0.13050427
0.1390927
0.88500094
0.9065443
0.8297367
0.8862858
0.17266397
0.1811979
0.85905445
0.20959976
0.12552242
0.11921856
0.08209616
0.08967907
0.13283606
0.75378835
0.6932119
0.19682552
0.1650548
0.14930503
0.18981525
0.29064405
0.77064437
0.88055694
0.81358933
0.8926433
0.89166903
0.7582257
0.38552475
0.36731294
0.3124979
0.20670629
0.22660916
0.2553523
0.33107233
0.42721465
0.7506011
0.7748026
0.76995605
0.7585082
0.72489536
0.72226924
0.7757971
0.09737566
0.070266396
0.05242356
0.049721852
0.05509812
0.08241635
0.87245476
0.86475164
0.8834664
0.9289927
0.87312937
0.0833655
0.053102743
0.047294058
0.056926895
0.1018757
0.10286626
0.8447147
0.9106929
0.9106409
0.7745913
0.7456942
0.20221189
0.16383053
0.17124902
0.103158906
0.09798172
0.14079067
0.17072196
0.18724723
0.6446315
0.63449115
0.2865628
0.24024141
0.18826485
0.21116012
0.17935726
0.19081983
0.6309108
0.6220569
0.25254828
0.23263529
0.5720073
0.24780242
0.23622182
0.5601625
0.28710526
0.3172516
0.33447593
0.42175242
0.78882545
0.34507656
0.37365067
0.3296071
0.4027212
0.42103043
0.40078276
0.53164226
0.7781466
0.43459004
0.3041074
0.26306048
0.21520522
0.22886264
0.3355225
0.32035863
0.58189905
0.35200188
0.19971362
0.19311725
0.58647174
0.19004339
0.19748318
0.1644544
0.1850935
0.31009138
0.33223462
0.64641225
0.18822946
0.12779835
0.11277955
0.17022765
0.22328836
0.13046432
0.08476458
0.091537245
0.10311374
0.21405385
0.23541306
0.6738888
0.7159366
0.1363218
0.13182524
0.76864463
0.7918578
0.09332323
0.06756333
0.06390138
0.09362806
0.8490006
0.77184397
0.87490183
0.12219882
0.066725254
0.0647945
0.090767436
0.84527135
0.11225381
0.09534365
0.1531816
0.8760772
0.09022356
0.057946112
0.05040436
0.05541679
0.07805165
0.9070412
0.9223756
0.9373495
0.10340573
0.060254753
0.056528218
0.07493471
0.092065796
0.8558698
0.117424004
0.091475226
0.14040917
0.88361025
0.8863484
0.089828946
0.06134394
0.06696941
0.08780529
0.8499431
0.8504659
0.8650593
0.8560393
0.85317755
0.18302038
0.09771055
0.11969994
0.11159899
0.81949466
0.10361807
0.08845582
0.086815506
0.08319722
0.06842337
0.06700067
0.09197849
0.7490547
0.13925152
0.16864733
0.24340408
0.757349
0.12369483
0.085177094
0.094649486
0.12054989
0.12508385
0.09593662
0.10918231
0.2172652
0.2237968
0.6355552
0.6172826
0.18988097
0.1782981
0.25423265
0.5775238
0.38400298
0.30520335
0.2826836
0.2574787
0.38354078
0.45037764
0.4497887
0.57043254
0.56218886
0.3944221
0.3231209
0.38694027
0.52537155
0.8266927
0.7651761
0.7916056
0.87744635
0.88022155
0.7968496
0.82697153
0.4285441
0.30360082
0.25258088
0.32878783
0.5975
0.62196183
0.6613364
0.7139061
0.85371095
0.8678502
0.76881045
0.124641605
0.09216925
0.06593603
0.05918058
0.07164269
0.14844179
0.8487842
0.8385779
0.81246096
0.8088577
0.9019547
0.15643641
0.08230356
0.06757382
0.07201986
0.13174005
0.09760971
0.13912272
0.200563
0.15023752
0.13635583
0.11680052
0.1536692
0.18113388
0.85008556
0.6755463
0.62401485
0.34888938
0.24737737
0.30163804
0.2344348
0.45790702
0.22599368
0.22844675
0.5924817
0.5884676
0.23733923
0.25419396
0.2952827
0.24122147
0.38839182
0.8625481
0.85809445
0.19915707
0.1935447
0.19664371
0.866986
0.870746
0.24344979
0.7307405
0.74361426
0.1076171
0.09430886
0.1203457
0.110918075
0.06629217
0.050690766
0.049701575
0.05324691
0.06761878
0.086270735
0.8602182
0.86612344
0.10704564
0.08903681
0.1199992
0.86153036
0.11976533
0.07578226
0.082492374
0.88393056
0.9091096
0.9095568
0.8964607
0.91193575
0.08036842
0.05342913
0.050872993
0.048463862
0.065331936
0.05931904
0.053690758
0.06178982
0.06656794
0.06806023
0.09658798
0.827042
0.1715571
0.11796684
0.10105184
0.089427166
0.10088876
0.66979426
0.19406492
0.6894978
0.84797543
0.21701945
0.26915574
0.20669378
0.6852397
0.8493145
0.23517089
0.17387003
0.21801627
0.27954078
0.19217008
0.20077892
0.28443086
0.2235927
0.56567174
0.5677669
0.26854238
0.21877344
0.24773681
0.25910005
0.8163861
0.34003475
0.4595269
0.6073918
0.32114214
0.41387308
0.47650266
0.58366656
0.24907856
0.2945659
0.15694097
0.14849728
0.20985888
0.21686758
0.67754436
0.6881263
0.7495948
0.87311023
0.86262906
0.56652635
0.45656386
0.86916447
0.886452
0.88656807
0.20976949
0.12790753
0.1920393
0.107636906
0.15161602
0.75031006
0.8081549
0.11336964
0.06426136
0.053844202
0.067826495
0.09041206
0.06802901
0.109321594
0.11645565
0.8704323
0.91982305
0.10203592
0.0772691
0.108255126
0.14828818
0.87174106
0.08580909
0.055847768
0.05091042
0.05361851
0.062085953
0.07842509
0.8771177
0.8922777
0.9150007
0.89189655
0.8912234
0.907312
0.8871919
0.915059
0.92372084
0.9309046
0.9061625
0.9127892
0.08043708
0.050668217
0.043061435
0.047978856
0.04333421
0.042898748
0.04884484
0.05343705
0.053683728
0.07065166
0.8514406
0.9257085
0.81829095
0.8405114
0.09257003
0.06666888
0.05790789
0.07337886
0.100695826
0.06742201
0.06270514
0.09513734
0.07273962
0.07229728
0.08543275
0.091684155
0.13269621
0.08419325
0.09844352
0.08774943
0.14014554
0.09257533
0.08986971
0.10803789
0.11986628
0.12904419
0.13552961
0.13909063
0.63651294
0.15532568
0.11823952
0.12217101
0.22704343
0.24315451
0.39194086
0.68549895
0.83784777
0.17364839
0.14765741
0.09872618
0.08687461
0.0875902
0.12953794
0.1989921
0.16411291
0.8648143
0.13825311
0.1159644
0.18659838
0.8188413
0.113720044
0.07487506
0.07485738
0.100277275
0.8801728
0.89925843
0.848945
0.86030924
0.89549917
0.8584768
0.8931654
0.89511913
0.89371866
0.84800875
0.8484936
0.8897593
0.8949966
0.89462423
0.83570516
0.8874485
0.8215615
0.86587584
0.45305088
0.83126867
0.16381773
0.13869406
0.26283634
0.66754615
0.22060972
0.14788443
0.17079574
0.8090836
0.22205985
0.23961946
0.31937355
0.1628464
0.13184638
0.20108514
0.11474525
0.12245366
0.12442613
0.23375149
0.75533235
0.88857895
0.8899029
0.79743487
0.8473379
0.28708434
0.20461042
0.1470681
0.14280638
0.24621125
0.6017876
0.5897401
0.2539812
0.24664901
0.5796599
0.5767977
0.29196182
0.30850908
0.33980173
0.26792535
0.31233177
0.34033585
0.73708826
0.8820307
0.88142955

