0.864255
0.7814307
0.26729208
0.22126529
0.30530584
0.2636859
0.26017657
0.2844473
0.66145647
0.72315985
0.75686467
0.7977176
0.8842723
0.79174227
0.75073725
0.84919965
0.2925474
0.33081064
0.31483918
0.23875028
0.19623196
0.28582156
0.63331366
0.60788065
0.4253363
0.31881955
0.41793278
0.41438615
0.31883246
0.2749709
0.22788802
0.24569166
0.3812986
0.3799028
0.29703033
0.4970585
0.32720393
0.3656384
0.5236464
0.781863
0.6115445
0.39275202
0.36735412
0.3788107
0.6083825
0.7605519
0.38970676
0.24523191
0.22742714
0.34222597
0.31455895
0.20696452
0.21035825
0.28361255
0.5762483
0.47440863
0.45525166
0.48267362
0.5937233
0.58034855
0.3950557
0.32125363
0.21011108
0.21733667
0.33740848
0.63657194
0.626529
0.6682139
0.7404501
0.8693836
0.71534216
0.21407151
0.12725365
0.13391684
0.22735612
0.28335264
0.6593665
0.79855883
0.30950215
0.34267053
0.28068566
0.25495827
0.24063726
0.23406838
0.22864512
0.64475596
0.65303254
0.6814527
0.13555807
0.08853333
0.09317695
0.10366483
0.2071471
0.89982444
0.7883994
0.12931389
0.07490507
0.06716302
0.11475495
0.11123267
0.07803493
0.119690865
0.90270233
0.8048971
0.9164583
0.08989126
0.055558484
0.05136258
0.07198048
0.08332021
0.1468924
0.89101577
0.14500451
0.08104656
0.05306688
0.054177884
0.071464494
0.8835341
0.9013188
0.9300379
0.8999433
0.102890365
0.070202135
0.07772033
0.8648331
0.89942586
0.91398704
0.90214616
0.8973241
0.101692066
0.08088884
0.12094153
0.8563906
0.08317221
0.05534091
0.05261284
0.06863604
0.13088894
0.91985565
0.8999304
0.1079919
0.0662224
0.062897675
0.06385401
0.056860168
0.05434948
0.05270002
0.057650764
0.06711974
0.06874441
0.06464426
0.07240943
0.12047311
0.7512162
0.7294873
0.7260626
0.6879395
0.6844169
0.6701574
0.65559506
0.10412199
0.095274545
0.102194756
0.81743795
0.808758
0.8066851
0.8007549
0.7861275
0.14108157
0.16878676
0.105632
0.14324768
0.08348761
0.07606703
0.09171399
0.11804863
0.72686356
0.6939579
0.62915415
0.2829656
0.37341565
0.41068792
0.41137016
0.384727
0.32110992
0.32570904
0.84294623
0.79990757
0.8808463
0.87545437
0.7324019
0.6268618
0.26706868
0.27120548
0.2856302
0.86026514
0.88891
0.8974435
0.89271635
0.8646109
0.3415092
0.38033113
0.33318144
0.8266795
0.67904365
0.18898827
0.15557553
0.16235302
0.2993822
0.3366692
0.23393147
0.66020447
0.29975325
0.16429093
0.15177621
0.29010946
0.7270857
0.74822617
0.71853495
0.7312261
0.7122531
0.7211715
0.23100144
0.15356813
0.06912801
0.052716944
0.050053414
0.05650312
0.06280667
0.097180866
0.87998366
0.83490187
0.9211099
0.80190253
0.8531985
0.09784092
0.061525982
0.053523656
0.064264745
0.09952805
0.8644289
0.08658231
0.063268505
0.076686166
0.08529726
0.08279961
0.8731844
0.875961
0.8821339
0.88457775
0.89212096
0.886077
0.8879584
0.89579606
0.082253456
0.054189585
0.04846594
0.05317865
0.076281
0.87740254
0.86936176
0.8578221
0.8850084
0.18390921
0.11719096
0.06835188
0.08661958
0.08714366
0.82563883
0.8302431
0.85839504
0.9138125
0.8443906
0.85281634
0.8645593
0.16284554
0.077194646
0.08509462
0.053238634
0.054728173
0.077378914
0.092806235
0.09916421
0.09778652
0.086538054
0.091486536
0.13388218
0.7015789
0.1359761
0.1421351
0.1322426
0.11392898
0.120724164
0.18563883
0.6301353
0.6158496
0.6249115
0.17622794
0.14486715
0.1513992
0.6434987
0.7056693
0.71222746
0.7182926
0.8726855
0.86681384
0.20633848
0.17032234
0.20011002
0.6224561
0.663392
0.7180589
0.74235487
0.75138944
0.7498071
0.7330363
0.74857306
0.7493598
0.7931341
0.86971956
0.79040307
0.7438888
0.7523705
0.76203454
0.78095824
0.8747725
0.7726756
0.11935456
0.08072654
0.08977456
0.09639899
0.109251864
0.15602602
0.7760539
0.7796055
0.7751792
0.82055104
0.9140295
0.8480775
0.10226071
0.06489253
0.04769244
0.04898313
0.048636045
0.04523066
0.044173885
0.04895397
0.047006074
0.05841529
0.060030848
0.12119903
0.92265636
0.93352747
0.94698584
0.9445234
0.17634943
0.064266466
0.04949806
0.046578255
0.047065
0.047409274
0.056700047
0.07710363
0.08187104
0.07100409
0.09804833
0.12316795
0.8686065
0.9118862
0.9159611
0.8606805
0.9122015
0.90970826
0.16337273
0.10199927
0.12520656
0.07479977
0.067824356
0.06995564
0.10656409
0.13759844
0.1700729
0.7175366
0.13119116
0.104217194
0.14204499
0.15308142
0.14485426
0.11322841
0.11227677
0.1841866
0.6095658
0.60346663
0.46560428
0.45344725
0.39234355
0.2610331
0.19176443
0.19348367
0.50000167
0.21559533
0.24417317
0.24215186
0.20230879
0.21884805
0.31851885
0.5049746
0.8663182
0.88783765
0.8807246
0.7420622
0.6305913
0.30702892
0.35741445
0.39223075
0.7660947
0.8747873
0.77950025
0.7665916
0.7561753
0.71855134
0.4161083
0.25924826
0.20101944
0.24353798
0.16655172
0.11807981
0.106593624
0.12500018
0.2590218
0.84751534
0.34990257
0.80067945
0.88778234
0.82675904
0.81528026
0.8125811
0.8046182
0.7837348
0.78967005
0.7821023
0.73042595
0.25161135
0.6098077
0.16311455
0.11134378
0.10816869
0.124136366
0.21406297
0.26030105
0.8509566
0.7106088
0.76162195
0.8788603
0.87726784
0.74882585
0.70568484
0.13553296
0.1177426
0.12222915
0.16180193
0.1252442
0.7726109
0.1481775
0.07368213
0.07519172
0.089414224
0.06324807
0.056073487
0.055649307
0.07192056
0.13703921
0.9063207
0.93219495
0.8927354
0.8841095
0.90193707
0.10827782
0.0821003
0.056908976
0.080108054
0.09212255
0.08288253
0.09248155
0.066833764
0.074471764
0.0784903
0.10728222
0.16191432
0.18693116
0.14904869
0.70448357
0.664554
0.64306927
0.6836219
0.71287006
0.7419985
0.8910254
0.8979783
0.7984308
0.12884258
0.07930295
0.07332674
0.0640938
0.09606912
0.07724613
0.07419599
0.082441635
0.06635519
0.09534012
0.89463216
0.85454226
0.9272049
0.096344136
0.059788927
0.055593435
0.06011709
0.090829395
0.07762761
0.06832825
0.07361441
0.085952885
0.14806502
0.76081115
0.89206135
0.8932402
0.78211135
0.894892
0.89540756
0.7482034
0.11547371
0.0682308
0.062053367
0.08211985
0.10943668
0.08859971
0.08873872
0.102232866
0.7768211
0.20526657
0.80934846
0.5808542
0.91355866
0.8669213
0.12798536
0.06686178
0.050991282
0.054767825
0.044835325
0.0472947
0.051455088
0.046633758
0.05378443
0.11080417
0.9253759
0.9471538
0.9361218
0.09427821
0.054402947
0.0435568
0.04251002
0.042951293
0.046356186
0.056193344
0.07415708
0.1105374
0.134952
0.8845435
0.6974015
0.25246134
0.7306621
0.53068197
0.87697595
0.2773331
0.19663218
0.14934179
0.09532002
0.07484326
0.08073221
0.1081286
0.21449704
0.8980867
0.14743029
0.079034716
0.07353598
0.059615362
0.060171306
0.07885585
0.06647181
0.08521759
0.13995309
0.24580187
0.9226114
0.9310124
0.1005541
0.07276177
0.046411783
0.04379963
0.042515863
0.045358326
0.051118456
0.072178975
0.8850567
0.8895259
0.91604364
0.9373326
0.9053874
0.9178142
0.14624071
0.06486702
0.060142614
0.04802084
0.059846967
0.059307255
0.08020025
0.122328766
0.89392704
0.739249
0.19896784
0.19924293
0.74631214
0.18485184
0.09818499
0.104366064
0.10289519
0.09424897
0.13937645
0.12557228
0.20590301
0.6764713
0.72787386
0.88262767
0.7639704
0.1675733
0.16089226
0.0750035
0.06830839
0.10177609
0.06503256
0.05564716
0.061280314
0.059462987
0.06572423
0.071474254
0.05064002
0.051552717
0.05506964
0.08847086
0.12807226
0.9025818
0.91113067
0.9162377
0.9379657
0.9342542
0.11096376
0.064835005
0.050582122
0.058367696
0.052381493
0.066191725
0.08598177
0.07431088
0.11653177
0.12383983
0.8884913
0.76355946
0.8961901
0.12147707
0.09883746
0.07802086
0.080371015
0.09846391
0.10039585
0.12864222
0.14909355
0.16407803
0.884395
0.20513915
0.102319665
0.121726885
0.08554105
0.07522096
0.093871735
0.14426297
0.9153686
0.8288899
0.08920202
0.063361645
0.055216197
0.051090028
0.055044744
0.05549812
0.054344583
0.066766374
0.06822291
0.09148474
0.87832433
0.13087736
0.07879613
0.11472147
0.1521192
0.20611045
0.92142713
0.93984306
0.9401458
0.1978735
0.082439855
0.060349178
0.062244385
0.096213944
0.8679152
0.09423318
0.074132666
0.059390187
0.058018237
0.07756325
0.08743229
0.8126907
0.771425
0.8376498
0.1152725
0.114069514
0.10471696
0.08188195
0.11864805
0.122066244
0.08561739
0.11916631
0.10686782
0.10611659
0.14203767
0.64547193
0.205544
0.29957822
0.4506866
0.86279905
0.76635575
0.7525591
0.7537305
0.86013025
0.77567065
0.8636995
0.77856475
0.87306523
0.87368935
0.7467433
0.19249353
0.19947557
0.86253566
0.10484726
0.07058628
0.06240362
0.06982041
0.06798635
0.060432687
0.08243686
0.07414953
0.088539794
0.785788
0.8351258
0.09109828
0.06651827
0.05058094
0.051396735
0.058433086
0.07782892
0.8972645
0.9152467
0.934458
0.92586863
0.11278899
0.062079765
0.06062297
0.10762392
0.8914509
0.9143495
0.9329856
0.92546254
0.1308604
0.07076892
0.07301146
0.16003926
0.9041592
0.87146103
0.09818985
0.09661457
0.09339467
0.081924036
0.09185005
0.13342898
0.90822905
0.8447797
0.111691
0.10964634
0.083231285
0.080814734
0.1302874
0.14001146
0.0797395
0.08349724
0.12987548
0.8768956
0.13024946
0.11273319
0.14352119
0.09908335
0.13285369
0.8432345
0.19638616
0.2873194
0.8821751
0.7654963
0.7693758
0.23590367
0.09924163
0.0753379
0.092126384
0.1456839
0.6506796
0.64017326
0.63200355
0.60034585
0.30335212
0.26384708
0.24395056
0.37945235
0.87105036
0.8814599

