0.2155677
0.125368
0.09025683
0.08350158
0.09021252
0.11892051
0.15437733
0.8810589
0.76896036
0.88849884
0.88791555
0.1499601
0.10328173
0.11574142
0.15533578
0.83689094
0.63490295
0.6209461
0.2954438
0.1561581
0.13191573
0.26119605
0.15413685
0.10192695
0.10439478
0.0826503
0.08925959
0.12747602
0.16933118
0.79843175
0.8986007
0.22546086
0.1286078
0.10311228
0.10205983
0.79849434
0.21000777
0.17841396
0.85372233
0.1523791
0.08315924
0.07065738
0.04893994
0.0459867
0.045480646
0.049702745
0.06420593
0.08030836
0.8889725
0.91861093
0.90592206
0.14094229
0.12553242
0.8518936
0.88237715
0.92107314
0.88153213
0.8675935
0.8701464
0.12461753
0.12279612
0.805622
0.08224984
0.06358346
0.06657221
0.106954135
0.90441144
0.9181442
0.097670004
0.07028779
0.08289604
0.12148111
0.13184689
0.77536935
0.16702847
0.12128465
0.113137044
0.19908527
0.23116685
0.20350425
0.2834638
0.26098934
0.18382278
0.19847873
0.14140709
0.12414112
0.7915797
0.90659386
0.9129136
0.9006451
0.17207678
0.19602673
0.1446621
0.1275485
0.1666608
0.21292324
0.82840085
0.21627481
0.2100455
0.17608747
0.7254014
0.8839935
0.8942137
0.87258136
0.33302182
0.3673696
0.3357021
0.83965635
0.78018266
0.7923534
0.87398887
0.80706143
0.8648966
0.7274261
0.68641067
0.8314887
0.61186105
0.19165602
0.17443714
0.13703883
0.12796964
0.17231287
0.17300409
0.697254
0.8684018
0.7031934
0.6145308
0.6005856
0.21120206
0.1830292
0.1581471
0.7351776
0.10452377
0.090415366
0.10127854
0.08874544
0.16175227
0.08616212
0.06886054
0.0807897
0.06112349
0.062050607
0.06594441
0.056413356
0.058087178
0.077843696
0.8551266
0.78035057
0.7619273
0.8920666
0.11878488
0.090641074
0.12503001
0.78740895
0.71677655
0.73017836
0.18732171
0.099499434
0.10790977
0.8488267
0.85902923
0.9157117
0.91286844
0.80075073
0.81304437
0.10797629
0.09330799
0.17454998
0.88975555
0.8370862
0.91549575
0.1815611
0.07605135
0.06746487
0.090102635
0.07385728
0.08270071
0.75102925
0.7532043
0.914952
0.9173799
0.8331916
0.08314501
0.054126117
0.049220696
0.060475845
0.07533685
0.053522967
0.053020686
0.050638095
0.053272497
0.058789574
0.07471326
0.08563558
0.8780806
0.8244032
0.85887444
0.13606182
0.13723212
0.86556065
0.8336288
0.10747754
0.11301955
0.11118377
0.8636679
0.88330275
0.90031755
0.9262903
0.9248327
0.8924469
0.17146952
0.09282478
0.096477665
0.7762784
0.12668131
0.13833493
0.8852555
0.81955814
0.8741108
0.0990968
0.07676103
0.08112854
0.06454656
0.07630962
0.75572795
0.7552821
0.9016692
0.8977082
0.15675628
0.16477184
0.811918
0.8032414
0.09151545
0.07542246
0.090685286
0.08474774
0.87385195
0.8857574
0.9258338
0.91618246
0.12415863
0.09849414
0.1213884
0.11810922
0.8628643
0.74776775
0.22153611
0.15325876
0.81546843
0.9031434
0.9116968
0.12401408
0.084191374
0.083361745
0.07509473
0.08071169
0.09699521
0.13830411
0.8514443
0.2226655
0.18189774
0.25967276
0.1565062
0.19148716
0.5582907
0.25709563
0.39941293
0.56369793
0.75437623
0.6338506
0.26808146
0.3276496
0.21867457
0.20100029
0.37164998
0.23922454
0.6610703
0.12496911
0.080915384
0.07620683
0.08954611
0.15628934
0.8214557
0.8849143
0.75131655
0.7042984
0.70174676
0.69812006
0.70643854
0.14112562
0.096208386
0.08614829
0.087823786
0.092531756
0.13380878
0.27157387
0.23047934
0.8205388
0.22355351
0.2910204
0.1440436
0.13729717
0.16158588
0.14855194
0.16067953
0.254573
0.8365414
0.73997015
0.8667607
0.87149554
0.76040727
0.12031051
0.08274512
0.07948774
0.07014771
0.08873258
0.15487735
0.19194585
0.88495064
0.7768466
0.8844482
0.73775345
0.16929495
0.09190451
0.10128713
0.74371475
0.73049176
0.8718012
0.16868651
0.14936721
0.82607734
0.8959846
0.10248755
0.07312421
0.06862533
0.08079551
0.86001456
0.8622096
0.8586147
0.9060799
0.13935335
0.14916886
0.14045353
0.11935082
0.73009974
0.67681396
0.17446762
0.17418857
0.86735195
0.88100076
0.86711013
0.31984347
0.2287683
0.33458427
0.8272333
0.75942475
0.87281984
0.88974196
0.88848346
0.8612987
0.41171196
0.22261064
0.14642654
0.16126418
0.26269162
0.23309718
0.21707404
0.64500195
0.6765169
0.23560847
0.10865814
0.09480575
0.08094253
0.064152636
0.07376896
0.11477563
0.91043454
0.84926164
0.08701102
0.057104003
0.051042523
0.05989183
0.05152858
0.057462715
0.06965002
0.8648336
0.866137
0.89432704
0.9236879
0.9247634
0.87690514
0.8833019
0.88408595
0.10465471
0.09028444
0.052142125
0.05166663
0.046887413
0.053207465
0.07361737
0.78854144
0.75879776
0.9078246
0.8997127
0.7497774
0.15978803
0.117712334
0.09419168
0.1074643
0.19529417
0.18243825
0.21092093
0.5751729
0.1684062
0.15781325
0.24197792
0.7944083
0.23386684
0.2684695
0.4731045
0.8642323
0.16610035
0.08984251
0.0899715
0.122886255
0.8697985
0.12427258
0.12277017
0.08077678
0.07172904
0.12357253
0.8824646
0.86140186
0.86492825
0.92234653
0.14121263
0.071195506
0.06028835
0.07382974
0.09580225
0.6683662
0.668927
0.13449687
0.13541667
0.14526455
0.28621832
0.8482237
0.3579004
0.34676173
0.31200778
0.6462929

