0.61827856
0.34079784
0.21620189
0.18836857
0.19220906
0.25392556
0.8651377
0.8815607
0.81307733
0.8795413
0.78933537
0.73864967
0.6806639
0.6729334
0.67727745
0.7414911
0.8791318
0.8811641
0.7149837
0.20816447
0.15580851
0.1443101
0.14854735
0.74820477
0.89057
0.8948486
0.8843084
0.17923245
0.12945457
0.13951597
0.22188893
0.6362483
0.79168254
0.31244156
0.5226855
0.24804085
0.31581578
0.1937394
0.1668235
0.20822558
0.40749457
0.6280972
0.18734512
0.13022675
0.121397786
0.14605135
0.15591794
0.65173954
0.21666043
0.14034943
0.12118014
0.122809224
0.14624637
0.69934356
0.838617
0.6681789
0.69830984
0.88179904
0.89055824
0.7273725
0.7554401
0.09373176
0.06776669
0.07473469
0.13316149
0.196062
0.10280584
0.087361336
0.0900951
0.12024941
0.15322293
0.76612186
0.77727777
0.9013602
0.34210017
0.21068151
0.08494847
0.06550506
0.065500185
0.07845136
0.11979887
0.109076306
0.12746009
0.097482614
0.1724968
0.08166592
0.06911137
0.074331336
0.07018969
0.085321054
0.8223637
0.8945197
0.7504681
0.75500005
0.89040303
0.89571315
0.1342954
0.12754752
0.713435
0.7708465
0.08715603
0.06043477
0.06264597
0.049148243
0.043291043
0.04519672
0.052564163
0.08108985
0.914877
0.9368397
0.94426686
0.90474826
0.93109125
0.08573308
0.050052933
0.040584162
0.041936412
0.04922199
0.064827204
0.07194332
0.059900027
0.06293377
0.062066946
0.070843235
0.10035317
0.10483233
0.15369941
0.10230834
0.11748446
0.14775905
0.69620585
0.83516467
0.23760867
0.22033665
0.31328896
0.21682133
0.23089589
0.8326157
0.6899741
0.8321488
0.65984136
0.66746086
0.85630286
0.86220485
0.602728
0.24435075
0.26367024
0.2355187
0.47245663
0.2767682
0.4063792
0.26623768
0.37439597
0.8618441
0.86074173
0.23837383
0.2298085
0.1590579
0.15315849
0.19172844
0.6046309
0.19556947
0.15827304
0.17089255
0.3202197
0.20369385
0.19754758
0.35005087
0.24821068
0.5989105
0.17828962
0.1574399
0.13357984
0.15743953
0.1824346
0.26319987
0.3892031
0.36735347
0.2719566
0.28543875
0.15536651
0.15670961
0.17253973
0.26118284
0.20083028
0.5758397
0.20978937
0.2644383
0.18941623
0.20729582
0.8645798
0.8432957
0.653501
0.6681806
0.14829399
0.14381738
0.15352516
0.7834792
0.113841504
0.080053516
0.06500813
0.083131306
0.86951464
0.9230784
0.9233256
0.84927523
0.104309626
0.09721635
0.09574802
0.78335524
0.7904565
0.08659297
0.06871393
0.079517856
0.87538576
0.8845519
0.92932934
0.2078533
0.10533576
0.06964765
0.08757467
0.82133627
0.085870355
0.06928655
0.080016665
0.88842046
0.9174697
0.93814415
0.9087309
0.098306894
0.07300889
0.091716856
0.82216686
0.08191307
0.063059606
0.07540079
0.12929113
0.9005828
0.88422674
0.92558324
0.9175219
0.12720555
0.09533956
0.10217475
0.8137075
0.8317994
0.09645223
0.07060033
0.059978083
0.06936387
0.080840036
0.13578181
0.2009848
0.88225615
0.15379094
0.16080263
0.12935877
0.6498814
0.6427798
0.6405655
0.661511
0.13178362
0.10337232
0.1463788
0.16551603
0.8629808
0.84848046
0.18046942
0.16714042
0.10446947
0.09732657
0.1224334
0.16944477
0.19204259
0.3146634
0.74761134
0.62532055
0.33018145
0.26651844
0.2735014
0.68225974
0.22653426
0.20480439
0.20228568
0.2960382
0.71349305
0.6547806
0.68809795
0.26875266
0.26246363
0.24064122
0.2906916
0.35024935
0.59875304
0.19420837
0.14533392
0.12965555
0.17908525
0.16762689
0.19557175
0.28686702
0.31152564
0.81514716
0.80684334
0.45344803
0.3280011
0.4469354
0.4444889
0.7294393
0.31450602
0.331555
0.28428343
0.43770322
0.50834996
0.5795257
0.76024437
0.17464255
0.1591414
0.15418695
0.6972538
0.8715683
0.909107
0.14928578
0.09736569
0.059785318
0.05073662
0.049332984
0.051251546
0.05353658
0.0598427
0.07118302
0.12276956
0.88238144
0.1055883
0.07572866
0.084795475
0.8433423
0.8478698
0.8468547
0.86824983
0.91700464
0.9195202
0.8613698
0.85488075
0.098699145
0.08290825
0.121232696
0.89206994
0.84412044
0.16940185
0.11588291
0.13188289
0.08112187
0.054630026
0.054583885
0.060149677
0.076176226
0.12659548
0.16372217
0.7984956
0.88953227
0.8765473
0.21613505
0.2826317
0.18883166
0.6121146
0.14250085
0.11716884
0.13199086
0.12766664
0.16216567
0.56178594
0.6605516
0.8079475
0.8039311
0.71007884
0.14392917
0.098150715
0.104681924
0.108185135
0.107808046
0.14839347
0.11049854
0.11832252
0.11892068
0.16874611
0.17803657
0.5772449
0.23603989
0.583439
0.18253617
0.22650796
0.67248255
0.16382264
0.11803904
0.08840835
0.110770226
0.13432208
0.88434774
0.75762635
0.104655154
0.08137718
0.10533334
0.87083083
0.91667277
0.9195634
0.097224995
0.058584757
0.055800863
0.069630966
0.8813769
0.92845595
0.9328755
0.9256192
0.106623165
0.06258322
0.06232151
0.09065345
0.7492404
0.6502328
0.63518983
0.628691
0.25956506
0.17112033
0.1847081
0.86000514
0.8666722
0.8415934
0.23639219
0.27911744
0.19299473
0.21565183
0.35247678
0.57335174
0.56746614
0.44803682
0.45533675
0.82747287
0.8590512
0.83911335
0.19497098
0.14407998
0.14628425
0.18111949
0.30331883
0.5368805
0.714642
0.8406273
0.7453803
0.7617539
0.7795516
0.7595428

