0.260996
0.2817723
0.15593272
0.09214753
0.07814842
0.080780774
0.1010917
0.19759515
0.7393973
0.7019557
0.74305314
0.89426243
0.90861136
0.905986
0.7952305
0.7750447
0.15219216
0.13236232
0.093869954
0.14689401
0.8630082
0.23348594
0.8097893
0.100713216
0.09163807
0.0829669
0.07187445
0.12258773
0.89901316
0.8545169
0.8745523
0.87606144
0.89272165
0.1360507
0.07783458
0.07114766
0.081941456
0.113150254
0.87705827
0.11669602
0.10476136
0.074020945
0.094118774
0.10952515
0.80555373
0.76366544
0.8900641
0.8913707
0.80003166
0.8948481
0.90927637
0.9157734
0.91637397
0.8071762
0.12450324
0.07695304
0.08218956
0.076973066
0.11175269
0.16435064
0.14140037
0.13148762
0.6409814
0.84338695
0.1530587
0.13112986
0.16252418
0.22905262
0.90059924
0.9159077
0.17578426
0.08370227
0.0673569
0.07631301
0.09215718
0.060673404
0.06404007
0.08955126
0.83309346
0.11022525
0.089804664
0.06962685
0.08700347
0.81984305
0.24386434
0.88678974
0.9047597
0.1893805
0.08769942
0.087920174
0.85925275
0.91501576
0.8914556
0.9308423
0.8785717
0.92221403
0.09258974
0.055695657
0.046843126
0.044707093
0.04786511
0.056303844
0.077719174
0.10831517
0.85771126
0.1637358
0.17037155
0.85429204
0.7115763
0.8563494
0.19902721
0.2054925
0.27237707
0.64903164
0.16941491
0.1605548
0.24454685
0.86937267
0.8636987
0.18246727
0.1533951
0.15558583
0.19050755
0.817147
0.6168077
0.59262234
0.61339605
0.7775127
0.33750457
0.37616366
0.35336447
0.85137576
0.85331476
0.23247488
0.22468056
0.19013022
0.22165088
0.22606511
0.20236032
0.24634303
0.32835117
0.86709666
0.8712359
0.70075727
0.71111727
0.87135917
0.8771802
0.69984734
0.28946745
0.1952123
0.21125661
0.67268056
0.75158995
0.8906447
0.9056079
0.90531844
0.8902148
0.30787024
0.20984702
0.25948128
0.13663603
0.11366334
0.11541148
0.14099993
0.7254668
0.7532609
0.8801687
0.8632661
0.4889753
0.708206
0.75151896
0.84801143
0.6292348
0.2958965
0.66279805
0.8745967
0.822435
0.90281624
0.9079088
0.12637435
0.08617282
0.075995475
0.077554576
0.08377429
0.0825752
0.07574769
0.087804474
0.18171531
0.11214864
0.14008658
0.88707733
0.7842076
0.7666838
0.89617515
0.1232213
0.08670114
0.090961166
0.07890592
0.08370987
0.09196805
0.119349875
0.653274
0.65104896
0.8218374
0.31384382
0.37237152
0.3276889
0.8313596
0.47601905
0.29502204
0.3141796
0.15019622
0.113229334
0.09349601
0.099663146
0.12792806
0.3069206
0.3109221
0.16451201
0.14230959
0.19146803
0.8557
0.6408155
0.24183148
0.17891227
0.21255071
0.23309886
0.3097147
0.8622459
0.76454633
0.79247254
0.89318997
0.8861501
0.5709728
0.42682838
0.3427635
0.24167974
0.35854155
0.6784911
0.8481457
0.17515898
0.13185327
0.15012309
0.14383514
0.12442004
0.085750334
0.10739912
0.0999428
0.113126904
0.83801556
0.89270645
0.88768715
0.15316153
0.13800798
0.11977578
0.8324663
0.90271646
0.9063842
0.89145285
0.17917897
0.21418734
0.14432031
0.7692133
0.87274015
0.7222788
0.21794488
0.31839716
0.8792818
0.7807619
0.19482955
0.09861302
0.09196383
0.14599372
0.09755848
0.10332084
0.17140336
0.69761807
0.33055723
0.12719958
0.10457478
0.08030212
0.08023083
0.109300435
0.08695616
0.078834295
0.09901381
0.75274414
0.70302594
0.76748794
0.12137975
0.06679487
0.054453306
0.062232368
0.06990223
0.109298386
0.90674746
0.9148518
0.10281103
0.07161519
0.08257116
0.14039409
0.87756985
0.16065393
0.08290659
0.08856904
0.8529747
0.84596974
0.9302438
0.8954916
0.08327911
0.05573059
0.051786676
0.068158396
0.12355782
0.85432875
0.17144561
0.23404464
0.8736901
0.8915332
0.9187516
0.90670687
0.20267965
0.15149172
0.86144865
0.91532725
0.17452668
0.06555373
0.05227161
0.06551279
0.07630232
0.8511535
0.83598936
0.9175755
0.91031545
0.1443902
0.14629136
0.20268121
0.8942838
0.21167168
0.07692455
0.051280465
0.04591685
0.047166772
0.054170378
0.08312148
0.08140063
0.110130586
0.20687287
0.91529447
0.9141145
0.81139505
0.107008494
0.072324075
0.057353444
0.054812573
0.05231522
0.0494627
0.05486623
0.073662065
0.12885152
0.89842254
0.90445465
0.82187825
0.83979374
0.9001875
0.8307458
0.8903614
0.2592817
0.100496136
0.08353542
0.08815389
0.1213393
0.13960615
0.63296306
0.6362159
0.35244626
0.26568475
0.14848897
0.15516779
0.7370469
0.8446764
0.67845035
0.64046717
0.70290387
0.8616285
0.8865708
0.8775102
0.7696279
0.74126405
0.14535776
0.11489891
0.16823009
0.17040783
0.10217428
0.09097827
0.06033011
0.057949163
0.060774628
0.07302742
0.12364224
0.8992388
0.90452564
0.81055397
0.81013745
0.7987413
0.7569027
0.7245244
0.7258521
0.24317513
0.10409204
0.08255644
0.08969784
0.13223098
0.63159734
0.32566214
0.24410984
0.6576055
0.8013457
0.7867064
0.36441195
0.20186096
0.16031124
0.14835024
0.20164643
0.3363374
0.74081403
0.70566845
0.3069766
0.33079818
0.65326345
0.35758352
0.30683053
0.2714188
0.20652162
0.19143146
0.20048518
0.23590375
0.6663075
0.24631697
0.26649198
0.23141108
0.2520921
0.20704275
0.26385778
0.25042716
0.40782303
0.41022196
0.31631228
0.41367152
0.39509255
0.3143244
0.37515232
0.39678082
0.6819462
0.32038486
0.32913986
0.36033025
0.6254829

