0.8729573
0.8983828
0.8030036
0.7592225
0.74719876
0.69765407
0.62135977
0.33348352
0.3063057
0.20821364
0.22369641
0.22303095
0.2393673
0.873719
0.8829978
0.7375096
0.7249462
0.74216396
0.7973337
0.09904479
0.06353227
0.053136975
0.049450874
0.053204957
0.06645118
0.06236548
0.06012489
0.058421306
0.06455347
0.060754508
0.058092624
0.055062357
0.05380876
0.05319393
0.05092102
0.048442084
0.04445211
0.044542022
0.04944048
0.06408239
0.88089573
0.9032487
0.91692847
0.9346521
0.8686145
0.88132304
0.09325785
0.071042575
0.08844071
0.81638795
0.23431088
0.8696143
0.13800825
0.068207934
0.063895784
0.06998478
0.10369285
0.8362812
0.09134446
0.06505212
0.06482992
0.067130394
0.06368806
0.06646719
0.07813303
0.085076034
0.08963679
0.09094113
0.1115035
0.18422846
0.721471
0.7267223
0.15471546
0.11241898
0.10262831
0.1338736
0.09683905
0.12280499
0.10948909
0.14677005
0.6930703
0.72733814
0.89456666
0.9175824
0.1013109
0.06415191
0.054899983
0.061959714
0.11212846
0.07772542
0.0546383
0.04875775
0.05325405
0.071412265
0.87194735
0.85348773
0.8613996
0.9250103
0.82057256
0.85716933
0.08409506
0.054818198
0.049686246
0.058485817
0.06260614
0.078606956
0.079638846
0.09783651
0.6484744
0.12443995
0.12913758
0.647742
0.67458826
0.88075525
0.8865574
0.2902292
0.15855423
0.20765118
0.13111942
0.1301571
0.19784603
0.11379888
0.14154306
0.14734854
0.14845878
0.15058792
0.18501638
0.08672104
0.09569544
0.09841324
0.105502166
0.10978979
0.24642317
0.89746433
0.9114154
0.9185927
0.9157341
0.90614635
0.20565476
0.16490908
0.17407285
0.10795932
0.1535664
0.09447292
0.10662589
0.10115073
0.10583826
0.17343597
0.70668405
0.7021585
0.8698792
0.16508397
0.13778462
0.16077459
0.8652983
0.13981225
0.09346343
0.07248243
0.077389345
0.11827227
0.16788088
0.10059331
0.07450339
0.07364942
0.10661854
0.8209507
0.78897864
0.89971596
0.903324
0.8471311
0.8980007
0.83902615
0.9042172
0.84302795
0.8292208
0.19019738
0.09091736
0.07577211
0.10495001
0.09842905
0.09617636
0.12171422
0.8850229
0.8845238
0.73904294
0.29206625
0.22541179
0.15302105
0.163514
0.10418815
0.14959592
0.14639916
0.10092361
0.10166176
0.059714377
0.05671219
0.0730147
0.07688641
0.8336422
0.7835164
0.7738317
0.7903383
0.8175241
0.0840394
0.06072408
0.056808706
0.05531206
0.08072905
0.115848966
0.101688825
0.102229916
0.10432146
0.10374866
0.09378121
0.112015225
0.11199409
0.0942835
0.09175213
0.11013675
0.12579767
0.15422487
0.7751486
0.77408665
0.89725244
0.1388496
0.112262346
0.1511462
0.08925621
0.083621286
0.09226832
0.09703673
0.115011275
0.1613643
0.2523575
0.8721542
0.8581682
0.3124761
0.2471582
0.32875493
0.3031606
0.31568208
0.38094437
0.39817363
0.38809738
0.8410868
0.1799406
0.13251191
0.13762423
0.24543932
0.16065858
0.28305343
0.6160865
0.21317352
0.16730762
0.64439267
0.630583
0.6909122
0.101242244
0.0741924
0.07992552
0.17067172
0.828468
0.7921354
0.19513747
0.11840924
0.1837758
0.8913985
0.12401344
0.07085388
0.060587324
0.08770044
0.10556553
0.11750694
0.86207885
0.10596651
0.09016647
0.12071974
0.8699264
0.10657335
0.07571348
0.062068526
0.07645093
0.8781343
0.90324104
0.9342351
0.93801
0.9358976
0.9156368
0.109334834
0.062765464
0.06212876
0.08874592
0.8341189
0.105197065
0.11064537
0.12145705
0.88191575
0.8939003
0.16434945
0.0904593
0.072619684
0.070832826
0.106094085
0.13457221
0.8247399
0.18298952
0.11930251
0.1721778
0.8836168
0.89656776
0.8104824
0.8233637
0.89208853
0.8012225
0.13566206
0.08507567
0.087842464
0.8478324
0.91028506
0.91567165
0.9048213
0.14969915
0.11332904
0.20462123
0.78790885
0.7516732
0.16668025
0.10589371
0.09414306
0.12357918
0.86583287
0.8392307
0.6818693
0.19796185
0.23679064
0.17953703
0.15243493
0.18683815
0.21923785
0.2553152
0.31601796
0.5627526
0.40232426
0.34939477
0.35811055
0.41206387
0.40138155
0.33812714
0.2943504
0.39103156
0.55528843
0.5947527
0.6553682
0.39368752
0.25133568
0.26389882
0.38438013
0.43809682
0.37679452
0.2544487
0.26946104
0.28488007
0.3294487
0.17041893
0.14070645
0.13410674
0.13186009
0.2143349
0.15194844
0.12543964
0.18091391
0.8632733
0.85307336
0.7267495
0.80686605
0.21214874
0.2035362
0.29751295
0.27788138
0.28194335
0.7810846
0.69209236
0.81340915
0.7454275
0.8152638
0.7093421
0.6598399
0.2545874
0.683178
0.111124165
0.09057202
0.104374036
0.1411038
0.099262945
0.122721545
0.79606485
0.18257862
0.18058771
0.34399933
0.890444
0.83828557
0.84461915
0.90389085
0.2071554
0.19452079
0.17521551
0.1397484
0.07397321
0.092801504
0.13503738
0.09874116
0.070435986
0.059676915
0.06454014
0.08544267
0.12851349
0.09159639
0.113318264
0.14162076
0.10036916
0.11307473
0.72742033
0.9093259
0.12315378
0.06769289
0.057555076
0.06000443
0.0805367
0.061269376
0.07272027
0.12575887
0.8592452
0.09594465
0.07995236
0.088392556
0.15657388
0.89271337
0.8937169
0.90072757
0.8913979
0.9015695
0.11045297
0.070457876
0.081249
0.054237336
0.060737513
0.055468354
0.06533288
0.08278815
0.08302725
0.070338145
0.08217231
0.103293575
0.73151296
0.8642223
0.19204101
0.19265062
0.7795788
0.848971
0.89122784

