0.7715763
0.7627146
0.67431265
0.3180233
0.24626556
0.17182495
0.14762856
0.1412574
0.1402545
0.18646131
0.2877536
0.68393505
0.73164684
0.8742603
0.874787
0.84357387
0.26665038
0.22778846
0.24636999
0.39203262
0.515469
0.80041707
0.58304924
0.18201162
0.13903143
0.15653023
0.18238313
0.8582884
0.83923393
0.38788682
0.38154262
0.8475552
0.22826482
0.1073413
0.09913601
0.13815822
0.7886959
0.9145148
0.17144734
0.07017792
0.054339655
0.06112503
0.04843782
0.05282867
0.07223688
0.8753009
0.8596805
0.8486161
0.8317092
0.88482517
0.08088547
0.0519037
0.04502194
0.049254347
0.05324465
0.069252014
0.13337252
0.8978793
0.10329378
0.06425491
0.059516314
0.075820014
0.091717094
0.8231769
0.9194943
0.09701867
0.058426905
0.050716266
0.056783266
0.08049493
0.87629867
0.9117414
0.11734982
0.05668159
0.047035217
0.050434276
0.06860629
0.9033573
0.9250837
0.94486606
0.92098445
0.08653556
0.05493555
0.048795518
0.059148874
0.09681942
0.8610027
0.086080834
0.057668325
0.05204954
0.05800195
0.080633305
0.8133428
0.7766125
0.9157958
0.11099785
0.07527937
0.055434786
0.059093915
0.082185715
0.6914673
0.6522004
0.68117523
0.7558178
0.0910107
0.06389848
0.061558962
0.06060123
0.08035525
0.11916966
0.89385307
0.102654666
0.060097605
0.052237768
0.062001877
0.08640804
0.9022926
0.8839531
0.86796355
0.8541913
0.86758417
0.103344955
0.09275633
0.055591322
0.047941208
0.052244406
0.07005422
0.113158435
0.07838125
0.072489925
0.0739651
0.10025206
0.74206954
0.19178651
0.11446956
0.12065629
0.19241032
0.869541
0.18576708
0.21180499
0.117976315
0.10566695
0.12607662
0.18873225
0.6874549
0.6891108
0.8468879
0.6687471
0.55827
0.22775578
0.18865485
0.14668112
0.14599839
0.16506572
0.24040675
0.16510803
0.1694612
0.47771037
0.59981495
0.87060165
0.8880115
0.877701
0.7426484
0.84198457
0.6707402
0.20819974
0.19134724
0.23165523
0.57757777
0.8493366
0.86165863
0.19090146
0.19409403
0.23580867
0.14706412
0.0953724
0.07653499
0.07960368
0.112393014
0.75581604
0.13057403
0.12664251
0.7595378
0.8932289
0.10861428
0.075217955
0.08822798
0.0875072
0.8695381
0.92665386
0.9330091
0.088532396
0.05098185
0.04100758
0.04251098
0.04184317
0.04771128
0.06718616
0.90879905
0.9427432
0.9459503
0.9391499
0.0877859
0.05114835
0.040892284
0.041424196
0.044124316
0.053397704
0.07792703
0.7615242
0.73135465
0.90937346
0.76829547
0.09450528
0.07226973
0.0641161
0.083440356
0.74315417
0.75143814
0.91046405
0.11146075
0.068333305
0.06031814
0.06351371
0.07478489
0.07197421
0.058337145
0.061441485
0.05929924
0.07062268
0.061174955
0.0782556
0.83447164
0.7920979
0.26054174
0.878849
0.90351456
0.9087768
0.84002185
0.8022163
0.35209963
0.88460124
0.8332661
0.086371444
0.06188703
0.062034883
0.05428055
0.0648598
0.0811719
0.12467239
0.08411454
0.07460911
0.08921686
0.08207016
0.08568763
0.099553
0.14105694
0.22017749
0.19476025
0.24155447
0.12747009
0.10849423
0.10721782
0.12597087
0.57065976
0.18153061
0.2503708
0.26831952
0.30665725
0.73619664
0.87505114
0.77400404
0.8063369
0.89695054
0.8972233
0.7929006
0.73490113
0.14092617
0.15357812
0.12237098
0.07019641
0.07377275
0.1272787
0.8131696
0.14591578
0.19052665
0.8852907
0.80279255
0.8505201
0.23351155
0.16068652
0.78035223
0.1066863
0.07027552
0.06855484
0.08857419
0.104270354
0.114576034
0.6988557
0.65820056
0.6762114
0.63767713
0.63553625
0.6935276
0.8706297
0.87298393
0.6986979
0.21377026
0.17682005
0.15035765
0.10088465
0.09393004
0.10315117
0.14139313
0.12345888
0.19305722
0.15568216
0.66595715
0.8674879
0.7754241
0.871399
0.7206823
0.13804479
0.13546479
0.1058871
0.099413544
0.09393996
0.103762634
0.10330625
0.113211945
0.13745204
0.24030031
0.20642738
0.54907215
0.601838
0.58361006
0.2588376
0.33020136
0.6262784
0.8405263
0.15679054
0.13356453
0.19177368
0.11208402
0.111516215
0.08523298
0.103657275
0.09174899
0.16115023
0.10561311
0.07406949
0.09006122
0.102428794
0.79568577
0.1727085
0.21517634
0.19162932
0.16791482
0.12708044
0.79905576
0.76598847
0.89448994
0.89311445
0.1533228
0.11295171
0.20620826
0.85340697
0.83974797
0.9120722
0.8303697
0.12147115
0.0784141
0.0933585
0.87285984
0.92790705
0.10561063
0.057526004
0.04382548
0.040772606
0.040465336
0.04126127
0.045403562
0.0531089
0.105160534
0.9292005
0.9473864
0.9450018
0.09416445
0.05756753
0.051249806
0.042815115
0.04313392
0.04741984
0.051026948
0.07212643
0.07723841
0.057332356
0.063851304
0.1048041
0.89677393
0.82511604
0.829769
0.80730134
0.18102725
0.13216351
0.25696635
0.88887334
0.89761835
0.114553265
0.10015233
0.10639304
0.13068275
0.24182518
0.8989891
0.90436494
0.13899346
0.08388071
0.08052851
0.12031063
0.10462093
0.10562275
0.17010126
0.16229162
0.32868725
0.89903146
0.106827416
0.06555934
0.054054845
0.053305015
0.05680174
0.056444485
0.054420147
0.05872258
0.05552454
0.048544496
0.048264526
0.05738044
0.081257366
0.9033271
0.9342948
0.89194506
0.8807766
0.10806908
0.09785647
0.07428005
0.100757055
0.82896733
0.21201192
0.20115143
0.091858394
0.07151817
0.090858996
0.08316694
0.08005128
0.07875547
0.07702952
0.07359996
0.09018034
0.08683971
0.11228195
0.7524584
0.87401533
0.3552185
0.32328513

