0.85190153
0.8004978
0.7834312
0.87545794
0.80943245
0.8141827
0.8870493
0.87456256
0.2247908
0.1776992
0.1528118
0.20111498
0.15980801
0.15832028
0.16394168
0.5951297
0.19600783
0.16838795
0.20453955
0.29506925
0.59307003
0.565762
0.30068
0.34491885
0.39538962
0.3886126
0.34946576
0.82175004
0.69261444
0.80722576
0.32902294
0.23999384
0.24694005
0.8471683
0.8440093
0.19210613
0.18218043
0.15031442
0.8006151
0.8973477
0.89688265
0.74138224
0.6770714
0.16547869
0.21786806
0.15676819
0.7439129
0.7421006
0.85367626
0.22139461
0.19860391
0.39737356
0.86693347
0.7971321
0.8779975
0.6864739
0.20923202
0.22144122
0.2412122
0.29203647
0.24565437
0.5806482
0.5525456
0.23509446
0.21474446
0.3405549
0.2581899
0.34734255
0.23544395
0.50202703
0.22176854
0.21319997
0.27305907
0.60475934
0.832786
0.6867006
0.75197357
0.87932485
0.8784628
0.7014827
0.3763445
0.21867226
0.22102828
0.32582772
0.8479042
0.7420491
0.8746712
0.79127985
0.8683128
0.3241194
0.1583017
0.16676344
0.2680892
0.8701174
0.7396504
0.13453977
0.09320497
0.08536358
0.11561771
0.07284338
0.06905052
0.08269033
0.09944821
0.7721517
0.65025073
0.6348098
0.63801485
0.67343944
0.8653333
0.2297798
0.23662712
0.8185311
0.07942859
0.052974693
0.052012105
0.046131738
0.053778075
0.07377739
0.9075059
0.9415742
0.94375914
0.9362207
0.08770586
0.053036757
0.04389121
0.046259448
0.053064663
0.07458522
0.77303475
0.21235017
0.38563713
0.9049993
0.91900766
0.1526427
0.062208023
0.0496733
0.058060296
0.101461805
0.17487234
0.90834224
0.9377071
0.882205
0.08341764
0.05058921
0.044580188
0.04486961
0.04755866
0.069688074
0.07560519
0.054896764
0.05313526
0.061424
0.05707789
0.08928558
0.9221423
0.93111926
0.9473132
0.9307397
0.079033636
0.05089591
0.045691658
0.053260695
0.045693018
0.047448993
0.049210016
0.050653685
0.06650445
0.072512336
0.06399832
0.08326964
0.90828836
0.9273862
0.93810004
0.9355861
0.87297374
0.10978784
0.07367427
0.05862759
0.048909236
0.050013114
0.058959145
0.060819335
0.07155245
0.06984363
0.07830515
0.106492884
0.08006207
0.08007053
0.093362056
0.14269733
0.12715492
0.11911353
0.66197103
0.13801676
0.15623274
0.15910745
0.15594651
0.12641469
0.120168485
0.14386363
0.23134175
0.14349312
0.15463375
0.64365363
0.31409198
0.23928283
0.19345517
0.84233314
0.15853947
0.12560453
0.19940263
0.8972241
0.77861303
0.11054307
0.07183503
0.05250535
0.048431
0.05065673
0.053187422
0.0712913
0.07568513
0.86786604
0.8702439
0.92705774
0.9272524
0.8456706
0.7974047
0.8362784
0.081113294
0.060271543
0.05411617
0.07991576
0.060528293
0.07100776
0.12670302
0.12898459
0.08510685
0.08619174
0.098962575
0.69630355
0.85795844
0.68591
0.66494626
0.8405654
0.13371669
0.104790464
0.11453361
0.7224512
0.7771052
0.9049056
0.9116968
0.11198232
0.075961135
0.07125012
0.06912434
0.07753676
0.073769294
0.10198647
0.8034089
0.8997451
0.7728964
0.8896605
0.1352652
0.10600297
0.14205888
0.08912916
0.09444772
0.112224035
0.16074494
0.60085833
0.15616633
0.15324725
0.18981045
0.20061332
0.8505786
0.71523887
0.84946775
0.17925543
0.15630582
0.121869706
0.12066532
0.13835162
0.83585525
0.1608966
0.16396023
0.16924058
0.86667216
0.7705469
0.90033853
0.8232548
0.9010586
0.11363469
0.07944154
0.07214399
0.07561778
0.08357458
0.10763646
0.20391119
0.18982928
0.84994525
0.16836928
0.15989135
0.12050081
0.12894131
0.7824127
0.88758475
0.7163934
0.68388337
0.1348075
0.116208926
0.16863067
0.1117394
0.10541991
0.108425885
0.18977693
0.14945404
0.6343951
0.2006683
0.12495384
0.14016789
0.7457345
0.878932
0.68570215
0.6466465
0.6410529
0.2385943
0.16386971
0.14695808
0.1422161
0.14381893
0.1339572
0.15470561
0.853871
0.7398213
0.8774868
0.87710106
0.71281844
0.15089478
0.12450062
0.17037152
0.14215305
0.7428501
0.893155
0.8974917
0.8817984
0.156637
0.14795382
0.1280536
0.1798794
0.68633336
0.869646
0.7872337
0.10958914
0.08125425
0.11822652
0.07123137
0.060137797
0.06608337
0.084468745
0.057769146
0.05548093
0.059631296
0.07946168
0.79756194
0.11533707
0.12023903
0.8350631
0.76089984
0.80719554
0.10240933
0.079516046
0.09993529
0.8742339
0.8361895
0.8727244
0.92274535
0.9203731
0.869359
0.10042938
0.07954791
0.10804773
0.8397121
0.83014756
0.12516294
0.12552851
0.76662534
0.09178313
0.07230989
0.083488576
0.094700225
0.165647
0.90531874
0.90892833
0.9096119
0.7950146
0.098455325
0.07383307
0.0693474
0.09992046
0.104451366
0.12602493
0.09416731
0.14511189
0.079268426
0.07005395
0.058538783
0.060588047
0.075413585
0.8503108
0.9080395
0.90210855
0.7835805
0.85111576
0.23858383
0.2982429
0.84013736
0.6877527
0.6388537
0.61950123
0.30487743
0.21074092
0.5935899
0.6402926
0.6882865
0.82440627
0.17209668
0.123627596
0.13214831
0.27176967
0.15163544
0.19402714
0.18183585
0.25571606
0.22009227
0.61762583
0.7629568
0.3704582
0.21082477
0.21539864
0.8214507
0.6867031
0.63212407
0.5957442
0.20394917
0.17745322
0.30572146
0.8146334
0.795512
0.24846034
0.2695615
0.3310597
0.1515644
0.14510424
0.1682991
0.12980804
0.11424726
0.1344334
0.26874635
0.15808627
0.14789149
0.19753101
0.5354797
0.60771304
0.64236987
0.6891953
0.7030606

