0.85797817
0.8384974
0.88698214
0.82339215
0.80533797
0.7890358
0.8848999
0.8902618
0.7750398
0.69363785
0.6655631
0.6373533
0.2136209
0.16579962
0.16995746
0.6307333
0.63480264
0.68676555
0.8542442
0.6494112
0.1769006
0.14918979
0.17271279
0.74584514
0.85357445
0.4898011
0.28280008
0.34510323
0.24998343
0.33115485
0.27105853
0.21743709
0.22836734
0.85264534
0.8399802
0.24537766
0.23848012
0.18142259
0.21904244
0.81843454
0.5591209
0.25321457
0.56279373
0.6292384
0.6929531
0.86920035
0.1751717
0.18860497
0.097168066
0.120178886
0.0639505
0.059700247
0.0736122
0.08979284
0.8629534
0.8230385
0.8112797
0.84456015
0.10970372
0.115899436
0.07529734
0.058016263
0.07136947
0.070714325
0.10703224
0.14093274
0.72362
0.86418533
0.37186956
0.8606607
0.69542414
0.121972516
0.10219108
0.10791053
0.13115388
0.6171651
0.590089
0.36285853
0.25378162
0.51791036
0.52750164
0.53648686
0.59495556
0.6205961
0.80193377
0.31185478
0.39896506
0.874121
0.88474125
0.7484107
0.15122151
0.10400187
0.10053108
0.13962471
0.1993475
0.13641614
0.15301576
0.87475
0.87814736
0.21263207
0.16418517
0.7370305
0.70703506
0.76746786
0.098640114
0.078785054
0.086080454
0.057818584
0.053907637
0.049760234
0.04998365
0.056233916
0.072637215
0.7966995
0.1670122
0.8343956
0.8324601
0.9222356
0.8929724
0.9281259
0.92431307
0.08096172
0.049144313
0.040843207
0.04075832
0.04621751
0.06657677
0.90600884
0.94053864
0.9443374
0.9362318
0.08697255
0.05123103
0.042486075
0.046668105
0.04911922
0.06512115
0.8348105
0.8617688
0.92311954
0.92286444
0.8445635
0.8994149
0.09148378
0.05898615
0.059647113
0.083388016
0.884539
0.876319
0.9187043
0.82477844
0.85137415
0.10564228
0.07347834
0.084913485
0.8695144
0.9141087
0.84066975
0.85254055
0.09885462
0.07875443
0.11684483
0.8870158
0.9322633
0.9363831
0.9336899
0.09924956
0.055994052
0.04568343
0.04461954
0.048019756
0.05925276
0.09449879
0.8630381
0.12889826
0.11915165
0.87292
0.87650365
0.8329828
0.8822018
0.08959701
0.056602485
0.048477653
0.054458845
0.078655265
0.102490865
0.8258641
0.09428095
0.074099354
0.06716197
0.08059212
0.1362502
0.12688199
0.13991636
0.187985
0.16911209
0.8639316
0.6750394
0.20522605
0.28071064
0.6184132
0.1261898
0.115117006
0.1672913
0.24755712
0.13918622
0.12721364
0.14161938
0.09634006
0.09610053
0.10580361
0.16804658
0.15575853
0.18071088
0.86994153
0.12805419
0.10089633
0.14894666
0.90010726
0.7951124
0.09865291
0.06236332
0.048290424
0.045317642
0.04629973
0.048414588
0.060726807
0.07049679
0.8802968
0.89502555
0.93163496
0.9332348
0.8883973
0.8488551
0.87861466
0.07901945
0.056080647
0.04862407
0.06489633
0.05110608
0.05798681
0.09514446
0.09858283
0.06966557
0.0706816
0.0837808
0.751116
0.8964523
0.72486055
0.16075583
0.17837217
0.119711965
0.09192864
0.09551234
0.12224828
0.7800448
0.8929581
0.9043048
0.21977428
0.102959864
0.09041122
0.069878556
0.06815576
0.08123356
0.087829135
0.79264224
0.7424185
0.8835172
0.76333034
0.86527807
0.71900976
0.73003334
0.86808944
0.7331192
0.18970995
0.21658108
0.15832205
0.13108426
0.19930674
0.16151233
0.21552192
0.6811032
0.8521874
0.72441375
0.8481282
0.14897254
0.13060321
0.11736772
0.14744431
0.85780174
0.20449944
0.09897961
0.107903376
0.12104849
0.87695354
0.7949007
0.9067111
0.8178581
0.90302545
0.1041439
0.07106855
0.067493044
0.08160959
0.078156754
0.09833891
0.17762911
0.17302148
0.8654701
0.12627853
0.11004797
0.087097995
0.10048641
0.81857467
0.8945942
0.7254419
0.681033
0.11986522
0.105508976
0.15623255
0.14832737
0.6506576
0.69334215
0.876451
0.121526994
0.08262543
0.10607437
0.07204732
0.07771955
0.08588281
0.75602686
0.7574884
0.89819115
0.9010704
0.8269437
0.8765161
0.75188905
0.6422848
0.23035525
0.36004615
0.76444817
0.8902172
0.90658504
0.13118792
0.06673982
0.054346018
0.059621435
0.08473858
0.9046807
0.928595
0.93191916
0.92537016
0.111343406
0.06389926
0.060177524
0.08736957
0.12035931
0.85174334
0.2479552
0.20861919
0.8580779
0.7080931
0.14986369
0.20005885
0.106427155
0.12160961
0.09653922
0.0847806
0.09147447
0.091155015
0.10757335
0.13329361
0.12262142
0.15084346
0.14650354
0.18669209
0.48183122
0.8232848
0.68827295
0.855908
0.8592384
0.7122746
0.8661648
0.12258007
0.08795665
0.08505461
0.066325225
0.07201412
0.08984314
0.112623416
0.0797196
0.09307483
0.13167495
0.827354
0.12829997
0.13564813
0.1339208
0.1329225
0.8992931
0.84681475
0.115442894
0.0640555
0.06747984
0.088829204
0.19336356
0.8947093
0.85445905
0.8844852
0.8932594
0.9212715
0.8365698
0.86424506
0.09985752
0.07471988
0.055033803
0.062541604
0.10460874
0.9015285
0.91082996
0.78214586
0.09981081
0.08764485
0.12227483
0.8482892
0.86110395
0.10875263
0.09547273
0.06875055
0.046673603
0.04907337
0.06513771
0.1448106
0.92576677
0.9432591
0.9330608
0.17811348
0.100531705
0.051754035
0.047067948
0.054254808
0.070799135
0.10947743
0.8421552
0.15683068
0.18015538
0.14911275
0.88896954
0.89901865
0.12674797
0.1164998
0.12873456
0.18548788
0.7049083
0.20045194
0.22324908
0.1630911
0.6453766
0.7002565
0.831242
0.67793685
0.6238095
0.28214696
0.27458936
0.15293898
0.1628536
0.23669666
0.18500046
0.27624696
0.86957955
0.87973183

