0.66749066
0.25635108
0.16428111
0.13127491
0.148052
0.19292118
0.16365069
0.16650893
0.2661975
0.73950243
0.88146424
0.88097084
0.7671621
0.8292205
0.3480535
0.3786685
0.33798817
0.51825786
0.31439963
0.8447793
0.85333896
0.19325612
0.1912322
0.17364162
0.84593195
0.29425895
0.1777431
0.77954173
0.9088433
0.09603482
0.065395184
0.056544915
0.056354117
0.059123028
0.06679434
0.050431043
0.05556444
0.050588775
0.061599303
0.10547804
0.9085904
0.9216047
0.9433352
0.9378087
0.13122246
0.096440785
0.058863387
0.05367983
0.059030812
0.07500424
0.11492881
0.12799114
0.13218638
0.13004017
0.1122989
0.73170644
0.893172
0.12117835
0.09831184
0.080463454
0.08786064
0.10752603
0.7132905
0.7053219
0.86771464
0.679388
0.23242956
0.48199216
0.17791395
0.1939109
0.19791016
0.8271479
0.66847324
0.74493784
0.87955266
0.88384897
0.7539842
0.85753185
0.17114058
0.13538474
0.15215927
0.18717153
0.12012904
0.122606695
0.18871224
0.8811201
0.88266957
0.21550116
0.16660543
0.7466811
0.7166239
0.7781653
0.09395557
0.068350635
0.05879806
0.0547688
0.06945318
0.069833435
0.10752075
0.8801616
0.09560878
0.07079157
0.07320892
0.15263538
0.8994536
0.9311243
0.90475684
0.9334656
0.9277757
0.08120744
0.049234834
0.038823396
0.039253842
0.046924364
0.06466167
0.9047205
0.9399105
0.94443065
0.9369609
0.09958444
0.06410809
0.04238979
0.04104525
0.047228564
0.06307134
0.8447628
0.8758043
0.92244065
0.92238134
0.8635129
0.89996934
0.14845835
0.08783162
0.116825745
0.117201075
0.8792283
0.83039033
0.92068756
0.92283106
0.85465664
0.08688548
0.057419498
0.05918205
0.060285635
0.08630913
0.8528201
0.08150177
0.054623965
0.04922356
0.052457877
0.06986455
0.89483297
0.91530126
0.9392892
0.9116756
0.09495597
0.06698175
0.08184858
0.10940606
0.862994
0.2808708
0.87327856
0.11293816
0.07577969
0.072056815
0.07587494
0.10406581
0.85488683
0.90212387
0.9064396
0.89785
0.7979588
0.8151266
0.88153505
0.8168471
0.8921239
0.889233
0.76328874
0.7239258
0.7249183
0.09945936
0.07692827
0.09940823
0.11185315
0.19822805
0.24360645
0.21220465
0.85399485
0.70048845
0.18445489
0.22669683
0.11772775
0.09608477
0.102039784
0.14109299
0.1196978
0.1091859
0.11712359
0.110406786
0.116471335
0.08862209
0.09639807
0.16569488
0.15414967
0.17928387
0.8735934
0.12705639
0.099804804
0.14830619
0.9010591
0.7989595
0.09900843
0.06303866
0.050362308
0.05066425
0.05991156
0.08483089
0.10334711
0.86135864
0.1788056
0.2747905
0.9118404
0.9352473
0.9003165
0.9298124
0.089687526
0.052255478
0.044022623
0.051637553
0.06862178
0.052335598
0.057873663
0.09049372
0.0947828
0.07293646
0.07760151
0.09893428
0.8979891
0.897239
0.7336171
0.15708868
0.17019805
0.12739035
0.11263124
0.13396427
0.24202056
0.26061103
0.8647441
0.16140895
0.11492178
0.12301423
0.095380254
0.093117274
0.111514576
0.11123852
0.7590732
0.70718294
0.8717224
0.7384122
0.85853136
0.7036914
0.7185608
0.86763495
0.7324123
0.20465662
0.23401035
0.1759988
0.14279081
0.20780604
0.15854663
0.1676237
0.65637285
0.8518373
0.71667874
0.839484
0.1900209
0.1745476
0.15091059
0.17575751
0.8473836
0.23877358
0.12667383
0.14036947
0.14874971
0.8704326
0.7781664
0.8994848
0.8053041
0.89664876
0.11460333
0.08185234
0.07871849
0.094554126
0.09002142
0.11014883
0.20092948
0.18799093
0.8510459
0.16487433
0.15477228
0.1173275
0.12685849
0.78935045
0.8867295
0.70785266
0.6526151
0.1355411
0.12096001
0.17944528
0.16508998
0.6356662
0.6446584
0.23644848
0.11745098
0.09800113
0.14570312
0.112114646
0.14162435
0.24255736
0.8726716
0.71731794
0.7600754
0.8955315
0.89210016
0.2835655
0.23817958
0.1579598
0.12885523
0.105953634
0.11005677
0.15986258
0.731688
0.8884866
0.88734555
0.74401766
0.12202882
0.08570819
0.077501774
0.08959458
0.8029501
0.906618
0.9073128
0.8951795
0.14555554
0.110166654
0.111234754
0.15498494
0.7082125
0.877661
0.86933064
0.67456764
0.59904075
0.3160457
0.21055533
0.20803219
0.38160235
0.8355124
0.18224335
0.14692135
0.12990698
0.12907726
0.13285047
0.12007136
0.13522135
0.17168677
0.16385646
0.2646522
0.26483625
0.17414427
0.18563208
0.85352844
0.7364264
0.7273868
0.88552773
0.89250606
0.7554207
0.6791776
0.6608421
0.11778425
0.10072446
0.137906
0.15565832
0.14317769
0.10001394
0.08470925
0.078216374
0.093196735
0.73661727
0.1844221
0.27031195
0.8996969
0.91321087
0.17454174
0.07682386
0.07050686
0.071165994
0.07831309
0.8253061
0.79756445
0.8577423
0.91819805
0.91500705
0.21049798
0.13113312
0.08847082
0.06328478
0.0734726
0.8622266
0.9145676
0.9161108
0.60773915
0.6320946
0.8944607
0.10761832
0.08989071
0.070886865
0.048038125
0.04265103
0.048492417
0.050234742
0.06880433
0.903984
0.9381518
0.9270449
0.90989524
0.91636515
0.080032185
0.05114481
0.04467812
0.047273096
0.064558044
0.07248297
0.09695575
0.82829815
0.22532338
0.85079414
0.22282176
0.18915851
0.8360688
0.83438957
0.91745794
0.10068459
0.06342915
0.06523589
0.0729933
0.07739771
0.07880734
0.11799408
0.134665
0.11348733
0.1566491
0.8803505
0.8646257
0.1974074
0.18441263
0.6233943
0.6310689
0.6255296
0.16241866
0.12738773
0.13240388
0.22807322
0.4731073
0.8100566
0.6458062
0.34881368
0.32749742
0.21061759
0.23482712
0.36729923
0.66327137

