0.86099607
0.76171637
0.2706071
0.20596331
0.24709365
0.2071852
0.2217417
0.5684571
0.21905802
0.1959844
0.19682883
0.5637196
0.267784
0.20705926
0.19647118
0.26357156
0.3562853
0.8426761
0.82633334
0.34372875
0.31333163
0.19486253
0.26812127
0.17764497
0.13277312
0.12866592
0.23787273
0.22129197
0.14762081
0.17560701
0.17001277
0.86350095
0.23579323
0.12364186
0.1506827
0.16588962
0.8002887
0.17177863
0.085714355
0.09986401
0.11849668
0.16621737
0.87255347
0.13441058
0.14479594
0.11837034
0.16917458
0.85929984
0.86273
0.9190116
0.911294
0.1757043
0.1586942
0.10400553
0.09838007
0.83158904
0.89093053
0.35980576
0.27377373
0.22898822
0.15119243
0.21393101
0.8700632
0.12336002
0.09048269
0.09157304
0.11953414
0.11234435
0.12721919
0.14937007
0.6101618
0.2530512
0.39370698
0.23182085
0.2505686
0.5461211
0.2849462
0.5077863
0.2254623
0.1906192
0.21637158
0.33792907
0.8572118
0.8535665
0.61309683
0.19734794
0.14849456
0.16125683
0.21053609
0.26585248
0.1756446
0.18100536
0.26574785
0.8513379
0.8412589
0.28282648
0.22554946
0.69913864
0.68293387
0.77188104
0.09726208
0.068873234
0.0829412
0.07944599
0.1221957
0.064194195
0.055772543
0.056221344
0.050201528
0.060926672
0.07020565
0.13493638
0.8943258
0.930043
0.88375366
0.92785096
0.9252857
0.07784339
0.04684946
0.038183637
0.03907519
0.046901945
0.06442962
0.904082
0.94047636
0.94394934
0.93619514
0.08729181
0.050166465
0.040196702
0.041110527
0.049318515
0.06890599
0.84253085
0.83832496
0.9136888
0.91392404
0.8374126
0.91083956
0.82308006
0.8307224
0.12355207
0.06422341
0.061368726
0.049170777
0.04841579
0.06469102
0.07048824
0.111270495
0.14635396
0.9150911
0.90929824
0.934893
0.90636855
0.083965085
0.05251096
0.052346632
0.053291567
0.08517213
0.9094107
0.91869575
0.94000936
0.9171515
0.07974846
0.051132236
0.046349917
0.053444974
0.08305255
0.9026614
0.92298913
0.19662523
0.10877436
0.105322435
0.08145704
0.078373596
0.17589593
0.9165877
0.9309921
0.13573757
0.07168748
0.06885394
0.0660613
0.055144478
0.06312153
0.08275237
0.14671524
0.83765256
0.09445249
0.074473515
0.089301884
0.09136203
0.08293592
0.09027148
0.123838134
0.8875787
0.7333465
0.15305898
0.18147238
0.09220956
0.073853806
0.078685164
0.10546681
0.09414352
0.08825433
0.103065416
0.123684645
0.089166805
0.102879986
0.09718007
0.14050652
0.10154184
0.09268563
0.09958192
0.06841128
0.07343946
0.121090814
0.9102983
0.8303721
0.10587121
0.07089597
0.06571805
0.08713437
0.7877524
0.12786412
0.14024432
0.83203065
0.20002998
0.29395732
0.9035085
0.929092
0.9014515
0.92213273
0.10618979
0.062884234
0.06278724
0.100747734
0.87826216
0.10321847
0.07629853
0.11768304
0.12708844
0.06930484
0.05796392
0.065374605
0.10016975
0.16339196
0.70670646
0.6964784
0.21264476
0.13580915
0.11134409
0.18363786
0.17138194
0.7347519
0.8941716
0.11187677
0.068855956
0.065792896
0.056649834
0.05696933
0.06769375
0.078969486
0.84153384
0.80518794
0.89673215
0.80122334
0.8744719
0.74883336
0.745779
0.8584703
0.7304821
0.20740917
0.24403504
0.17112558
0.13057789
0.2168282
0.15353888
0.16867866
0.6500999
0.81277454
0.7174949
0.8324265
0.14947385
0.13186584
0.11792361
0.1535458
0.8573142
0.24484451
0.10324527
0.11118297
0.123572305
0.87882483
0.8160486
0.90912634
0.8313101
0.90444314
0.11403663
0.077299796
0.07091754
0.08380473
0.07589523
0.0958514
0.19702064
0.19172502
0.86412764
0.122603714
0.10507392
0.082047455
0.09701994
0.8392673
0.8942276
0.7490364
0.7161406
0.12767023
0.11056073
0.1798133
0.16501191
0.6591021
0.68911946
0.23855132
0.09885275
0.07753631
0.11752449
0.09042803
0.11486238
0.2263831
0.8811451
0.75956
0.7841602
0.8951899
0.8877979
0.27825314
0.24953382
0.16462477
0.13108648
0.103839226
0.10716847
0.18227123
0.6971311
0.85663074
0.8560335
0.74850756
0.12093866
0.08064419
0.077506304
0.09301208
0.8222771
0.9007804
0.9022217
0.88976467
0.15429701
0.11088211
0.11921668
0.19056877
0.6679863
0.8403506
0.8240037
0.6783093
0.66859555
0.75791997
0.66176456
0.6594297
0.7459434
0.43644542
0.20679359
0.17671056
0.1496089
0.1760788
0.56737924
0.20348862
0.22590359
0.28166962
0.35099414
0.7669373
0.75868386
0.63806236
0.636743
0.736335
0.6744153
0.6888546
0.820139
0.85537404
0.8526155
0.78530276
0.81104356
0.7040562
0.634119
0.37583935
0.3128011
0.27259457
0.31323183
0.37044963
0.31955364
0.29556835
0.35443875
0.5596828
0.7404899
0.48059013
0.35723546
0.5811579
0.6164051
0.60311705
0.5712078
0.36397207
0.46279094
0.807639
0.82353806
0.20591216
0.20577654
0.12936194
0.1023303
0.11177955
0.74104863
0.881677
0.897788
0.90434825
0.9047142
0.8989793
0.8084098
0.28344926
0.13322608
0.08684102
0.056277152
0.057120245
0.056131355
0.07643156
0.880861
0.8385484
0.8842128
0.09336613
0.06647674
0.08202144
0.077923164
0.12462455
0.15345821
0.15525134
0.75491095
0.72273916
0.86317295
0.73486346
0.6844562
0.65938526
0.6837313
0.7928203
0.20782194
0.1777576
0.2992147
0.2719489
0.2585639
0.70703673
0.28428534
0.3261691
0.26915926
0.34121487
0.60315824
0.78092337
0.20561087
0.1233378
0.103436105
0.09930925
0.10642283
0.13046561
0.15329368
0.18556283
0.69737256
0.8667676
0.87285703
0.7674622
0.7856969
0.8582639
0.766884
0.7395088
0.7655689
0.74203944

