0.39204273
0.2818674
0.24506122
0.3108836
0.34081182
0.37355134
0.57190806
0.31296188
0.22780155
0.2631566
0.21823996
0.28254667
0.29658514
0.30004948
0.30202356
0.3068317
0.3176437
0.3504094
0.5744163
0.57852024
0.5499141
0.34676266
0.29794034
0.50585383
0.38730475
0.5525525
0.33015406
0.28141394
0.22957167
0.25619736
0.24268681
0.20127137
0.2248368
0.1775832
0.19302297
0.2693117
0.29689503
0.35905847
0.74913865
0.56176376
0.23282823
0.216122
0.27086046
0.29485142
0.586213
0.5793115
0.2585987
0.17163777
0.16823848
0.15404753
0.20468962
0.16826631
0.16875575
0.17529725
0.5826951
0.2597089
0.21869658
0.29875392
0.6365134
0.6473841
0.65501267
0.6808349
0.16343258
0.10874158
0.10327998
0.0846631
0.09167507
0.07881762
0.08450738
0.11201894
0.19488092
0.14241727
0.76942146
0.7256786
0.7306948
0.7654763
0.12363446
0.10308432
0.07199519
0.08437055
0.10793599
0.14922836
0.87463075
0.7251787
0.74377704
0.15982066
0.10387741
0.077287465
0.08181257
0.08353447
0.11901401
0.7551519
0.7630511
0.1639853
0.1528152
0.82724047
0.103561975
0.06498781
0.060724206
0.054600902
0.05569751
0.066071376
0.08242538
0.85281014
0.8971136
0.123727866
0.110620484
0.22940852
0.88163656
0.92218167
0.92925936
0.925369
0.8749544
0.10216363
0.06990168
0.08441302
0.79003143
0.72612846
0.8143125
0.10702295
0.09608375
0.065788135
0.07941563
0.16116448
0.75769925
0.71791697
0.13999145
0.13233975
0.6933995
0.18771505
0.24204923
0.74605703
0.8910335
0.12622917
0.09068222
0.07862463
0.09013241
0.100194804
0.12781176
0.7524151
0.87590677
0.8671365
0.29979578
0.19920301
0.16860938
0.18360227
0.6754854
0.72363245
0.8767705
0.87666774
0.72049177
0.28085005
0.27304968
0.82635784
0.24943326
0.16429856
0.19564268
0.13922353
0.1334692
0.16678505
0.10884
0.118188955
0.1094914
0.13063532
0.29168296
0.1691844
0.21522
0.7058755
0.6843822
0.7023984
0.7198645
0.7358201
0.7465912
0.74719507
0.7282498
0.713994
0.6957235
0.6515771
0.34295505
0.27806804
0.39848617
0.8498088
0.781982
0.7709168
0.77243507
0.7744708
0.773766
0.7682496
0.75245863
0.77606255
0.88543755
0.80338085
0.77718323
0.7693826
0.81064576
0.12849401
0.06749532
0.056531765
0.053281587
0.05055011
0.05136794
0.05543394
0.061330833
0.063275956
0.08684664
0.8298191
0.1317887
0.17952497
0.16377483
0.85958225
0.8567451
0.8666708
0.870853
0.90139556
0.8621147
0.8654178
0.8968463
0.857128
0.8488415
0.8435892
0.89419836
0.8569084
0.84165996
0.84686536
0.8375717
0.817756
0.8331561
0.83289963
0.82433987
0.85129553
0.84283054
0.8775637
0.08623224
0.052495334
0.04233711
0.043055184
0.049506005
0.07041428
0.90309197
0.90027165
0.9263544
0.08812941
0.05633543
0.053446032
0.048510402
0.058422517
0.048561737
0.047145307
0.050070874
0.05491183
0.07845694
0.88638306
0.84817296
0.9133106
0.8742683
0.92087865
0.927983
0.928327
0.9244888
0.10328033
0.06678742
0.073030174
0.0588708
0.08943048
0.08967645
0.10296944
0.8010693
0.10253025
0.089086
0.123345196
0.077079475
0.084555164
0.099700876
0.13252506
0.8846809
0.12817793
0.0994814
0.09126175
0.096411824
0.11131029
0.13889626
0.84955657
0.21234272
0.2744353
0.13987492
0.13661857
0.24219517
0.18953997
0.23514694
0.7859023
0.6539434
0.18662909
0.13244581
0.14611566
0.16685686
0.19566832
0.35242936
0.8073819
0.83927625
0.8528296
0.85179096
0.8370135
0.81114936
0.21284315
0.14511941
0.16735776
0.70647836
0.8427768
0.83303034
0.7205272
0.16547865
0.11870988
0.097047135
0.11179529
0.10980934
0.14634281
0.1775708
0.6074423
0.41292864
0.2732508
0.34203094
0.21625458
0.18087594
0.20989238
0.4039433
0.6064396
0.6703179
0.26176038
0.20289885
0.24633676
0.4076925
0.5523729
0.30658948
0.34408855
0.29315403
0.33424944
0.6512051
0.581488
0.5624121
0.6366145
0.7761833
0.7655365
0.42817274
0.3425676
0.3501146
0.5010299
0.66094244
0.83116835
0.86667275
0.86919725
0.83161443
0.63079894
0.52269477
0.4755654
0.3959146
0.28838596
0.31460628
0.21817826
0.21638185
0.3097474
0.24087082
0.37039173
0.36135167
0.24974951
0.32069784
0.28407666
0.54025143
0.45599103
0.5650707
0.23782341
0.2942081
0.18822956
0.15573478
0.1858433
0.862045
0.11080684
0.077276126
0.06812017
0.10026918
0.07135515
0.08303562
0.84801555
0.83851266
0.9227621
0.8796921
0.17340091
0.06448063
0.050147373
0.052060682
0.06896815
0.8485999
0.8529957
0.8754974
0.9218667
0.9269882
0.92866135
0.8683332
0.88345116
0.08279999
0.054331575
0.04535671
0.05181257
0.06835595
0.07112329
0.07824292
0.09283035
0.07937505
0.06726597
0.07441669
0.07699695
0.097246274
0.19319822
0.8733821
0.7472471
0.86863345
0.775386
0.8286374
0.507827
0.4017733
0.3540806
0.28175393
0.35182437
0.37686592
0.34486544
0.2649154
0.31203806
0.2874172
0.48127326
0.77898896
0.64550734
0.51308334
0.4588592
0.37095997
0.23150434
0.19715247
0.23117886
0.77405196
0.17995752
0.14962
0.163174
0.6141697
0.8736919
0.89114416
0.8886373
0.85657835
0.26602086
0.23371707
0.28467524
0.8419439
0.8703404
0.87795097
0.81751776
0.8816771
0.8892971
0.8840916
0.8698968
0.6986834
0.14243038
0.12950021
0.13121322
0.58345234
0.19785662
0.11821093
0.1457853
0.8475425
0.65446115
0.6186278
0.6174742
0.6213824
0.6309056
0.65527433
0.65088737
0.13691139
0.12967728
0.1821849
0.6122799
0.13782503
0.1344489
0.15768422
0.6148631
0.69576746
0.72269964

