0.8642564
0.7814326
0.26728556
0.22125827
0.30529925
0.26367736
0.26016808
0.28443938
0.661462
0.72316396
0.7568682
0.79772085
0.884274
0.79174423
0.7507395
0.8492022
0.29253024
0.33079812
0.31482512
0.23873393
0.19621564
0.28580293
0.63331765
0.6078834
0.42531314
0.31878817
0.41791162
0.41434956
0.31878418
0.2749203
0.22783764
0.24563791
0.38124475
0.3798581
0.2969603
0.49707213
0.3271138
0.36554667
0.52355707
0.781901
0.6115052
0.39253005
0.36714125
0.3785504
0.60844356
0.76073885
0.3892835
0.24471457
0.22687717
0.34167048
0.3138964
0.20631129
0.20966783
0.28281096
0.57649994
0.47385946
0.45470437
0.48222247
0.594005
0.5806662
0.39342874
0.31936285
0.20810786
0.21524106
0.33490583
0.63818115
0.62757933
0.6692873
0.74132836
0.87039757
0.71875554
0.20992254
0.12364297
0.12971535
0.22084798
0.27582562
0.6610388
0.8029355
0.29825976
0.3323384
0.26557386
0.2379797
0.22313365
0.21778832
0.21311758
0.6693237
0.6805403
0.7254095
0.12457018
0.07802547
0.07697581
0.08363557
0.14582415
0.22770804
0.8378855
0.12686378
0.0772956
0.070113406
0.11991307
0.11444035
0.079481184
0.1214183
0.903417
0.80503124
0.9167615
0.09010171
0.05564581
0.051429693
0.0720627
0.08326342
0.14656438
0.89091396
0.14477074
0.08100732
0.05306062
0.054175705
0.071459115
0.88349485
0.9013054
0.9300532
0.8999939
0.10288894
0.070200555
0.07771646
0.86483544
0.899434
0.91401345
0.90216917
0.89735293
0.101691335
0.08089206
0.12095432
0.8564133
0.08318508
0.05534644
0.052615836
0.06862512
0.13105531
0.9199195
0.9005365
0.10828552
0.06644778
0.0631696
0.06424608
0.05723986
0.05473664
0.053088818
0.05817458
0.06795843
0.0698944
0.06615224
0.07422167
0.122377224
0.7758825
0.7646643
0.76712954
0.73339057
0.74323696
0.717164
0.6727443
0.6650925
0.67788064
0.6790538
0.7081779
0.72909194
0.7398822
0.74413526
0.74436575
0.7512927
0.83464515
0.3762786
0.2860554
0.1433842
0.111740015
0.12940872
0.1668745
0.6462321
0.6540317
0.59339005
0.3383446
0.40990728
0.4672836
0.46482995
0.42886093
0.3666512
0.37415513
0.8399123
0.80642533
0.88109505
0.87619996
0.7390897
0.63163275
0.2728983
0.2755346
0.2907992
0.8596238
0.8887661
0.8972195
0.89253044
0.86414105
0.34533164
0.3835338
0.33644927
0.8259718
0.6790576
0.18973848
0.15605171
0.16271342
0.2991075
0.3363206
0.23414713
0.6598702
0.29981765
0.16447358
0.15198731
0.29024473
0.727426
0.7487371
0.7189798
0.73160374
0.7124299
0.72118187
0.23098917
0.15363209
0.06917197
0.052740145
0.050068267
0.056515045
0.06281308
0.09715709
0.87994945
0.8348467
0.92109656
0.8018569
0.85309106
0.09785433
0.061536293
0.053530186
0.06427057
0.09953002
0.86442405
0.08658312
0.063267805
0.07667998
0.08529748
0.0828018
0.87318903
0.875964
0.88212246
0.8845656
0.89211196
0.88606334
0.88795125
0.89579093
0.08225551
0.0541919
0.04846862
0.05318092
0.07628306
0.8773806
0.8693066
0.857766
0.88496715
0.18390739
0.1171909
0.06836143
0.08663554
0.08715629
0.82559186
0.83020926
0.85836107
0.9137973
0.8443426
0.85273975
0.86446637
0.16288131
0.07722057
0.085147634
0.053263612
0.054758053
0.077430144
0.09285401
0.09921632
0.097843744
0.086587615
0.09153677
0.13395351
0.70142955
0.13606037
0.1422435
0.1323596
0.11403656
0.12084748
0.18586339
0.6299109
0.6157351
0.62471926
0.17657468
0.14521436
0.15174063
0.64323455
0.7055334
0.71208626
0.71809393
0.87262845
0.86677206
0.20675167
0.17076653
0.20072028
0.6223483
0.66294336
0.7174011
0.7417635
0.7513275
0.75107384
0.7386048
0.7634126
0.78027105
0.803801
0.8718683
0.7918313
0.7447412
0.75251514
0.7615225
0.7803746
0.87428164
0.77204084
0.11960357
0.08095657
0.09008963
0.09674562
0.10968493
0.15671656
0.77491534
0.7789188
0.7744843
0.8199968
0.91385067
0.8478153
0.10245001
0.065032646
0.047756467
0.049062513
0.04869384
0.04525637
0.044191595
0.04898641
0.04702088
0.058421187
0.060033623
0.12118903
0.92264783
0.93350464
0.9469768
0.9445159
0.17637388
0.06427682
0.049511455
0.0465943
0.047088314
0.0474335
0.056744896
0.07718133
0.08194832
0.071054585
0.09811682
0.1232412
0.86846393
0.9118086
0.91583097
0.86028236
0.91196114
0.9094022
0.16387914
0.10246387
0.12594627
0.07514301
0.06810888
0.07021838
0.106975675
0.13811404
0.17072512
0.7162434
0.1315448
0.10455521
0.1426464
0.15376788
0.14552769
0.113681935
0.11272774
0.18505004
0.609154
0.60314995
0.4666743
0.45430043
0.3931142
0.26169106
0.19225878
0.19391811
0.49965894
0.21589717
0.24445522
0.24239166
0.20252097
0.21902706
0.3186841
0.50516325
0.8662959
0.88783354
0.8807225
0.7420975
0.6306209
0.30707553
0.35746038
0.39228263
0.76609665
0.8747868
0.7795124
0.76659936
0.7561811
0.7185533
0.41615844
0.25926685
0.20103301
0.24354811
0.16655953
0.11808429
0.10659746
0.1250037
0.2590259
0.8475143
0.34990707
0.80067843
0.88778204
0.82675946
0.81528
0.8125808
0.8046176
0.7837339
0.78966856
0.78210026
0.7304228
0.25161424
0.60980356
0.16311719
0.111345634
0.10817046
0.12413836
0.2140668
0.2603052
0.85095567
0.7106084
0.7616214
0.87885964
0.8772674
0.7488256
0.70568395
0.13553372
0.11774338
0.12222992
0.16180302
0.12524463
0.77260965
0.14817807
0.0736823
0.07519198
0.089414485
0.06324818
0.056073572
0.055649325
0.07192057
0.13703914
0.9063207
0.9321948
0.8927353
0.8841093
0.90193707
0.108277924
0.082100384
0.05690902
0.080108106
0.09212261
0.08288258
0.092481606
0.066833794
0.07447183
0.078490324
0.10728227
0.16191442
0.18693131
0.14904878
0.7044835
0.664554
0.6430692
0.6836218
0.71287
0.7419984
0.89102536
0.8979783
0.7984308
0.1288426
0.079302974
0.07332676
0.0640938
0.09606919
0.07724613
0.07419599
0.08244168
0.06635519
0.09534012
0.89463216
0.85454226
0.9272049
0.09634415
0.059788927
0.055593435
0.06011709
0.09082942
0.07762763
0.06832825
0.07361441
0.085952885
0.14806506
0.76081115
0.89206135
0.8932402
0.78211135
0.89489204
0.8954075
0.74820346
0.11547374
0.06823079
0.062053367
0.08211985
0.109436706
0.088599764
0.08873872
0.10223289
0.7768211
0.20526657
0.80934846
0.5808542
0.91355866
0.8669213
0.12798536
0.06686178
0.050991297
0.054767825
0.044835325
0.0472947
0.051455088
0.046633743
0.05378443
0.11080411
0.92537576
0.9471538
0.9361218
0.09427823
0.054402947
0.043556787
0.042510014
0.042951297
0.046356197
0.056193344
0.07415708
0.1105374
0.13495198
0.8845435
0.6974015
0.25246134
0.7306621
0.5306819
0.87697595
0.2773331
0.19663218
0.14934179
0.09532002
0.07484324
0.08073221
0.1081286
0.21449704
0.8980867
0.14743029
0.07903469
0.07353596
0.059615362
0.060171317
0.07885589
0.06647179
0.0852176
0.13995309
0.24580187
0.9226114
0.9310124
0.1005541
0.07276176
0.046411794
0.04379963
0.042515863
0.045358326
0.051118456
0.072178975
0.8850567
0.8895259
0.91604364
0.9373326
0.9053874
0.9178143
0.14624073
0.06486702
0.060142614
0.04802085
0.059846967
0.05930724
0.08020025
0.12232874
0.89392716
0.73924905
0.19896784
0.19924289
0.74631214
0.18485181
0.09818499
0.104366064
0.10289519
0.09424897
0.13937646
0.12557228
0.20590298
0.67647135
0.72787386
0.88262767
0.76397043
0.1675733
0.16089228
0.0750035
0.06830841
0.10177612
0.06503256
0.055647172
0.061280314
0.059463013
0.06572423
0.07147424
0.05064002
0.05155271
0.055069655
0.08847086
0.12807226
0.9025818
0.91113067
0.91623783
0.9379657
0.9342542
0.11096376
0.064835005
0.050582122
0.058367696
0.052381493
0.066191725
0.08598177
0.07431088
0.11653178
0.123839825
0.8884913
0.76355946
0.8961901
0.12147707
0.09883745
0.078020886
0.08037103
0.09846392
0.10039585
0.12864222
0.14909355
0.164078
0.884395
0.20513912
0.102319665
0.12172687
0.08554105
0.07522097
0.093871735
0.14426297
0.9153686
0.8288899
0.089202
0.063361645
0.055216197
0.05109004
0.05504476
0.055498127
0.05434459
0.066766396
0.06822291
0.09148474
0.87832433
0.13087735
0.07879613
0.11472147
0.15211919
0.20611048
0.92142713
0.93984306
0.9401458
0.1978735
0.082439855
0.060349192
0.062244385
0.096213944
0.86791533
0.09423318
0.074132666
0.059390195
0.058018237
0.07756327
0.08743229
0.8126907
0.771425
0.8376498
0.115272485
0.114069514
0.10471696
0.08188195
0.11864802
0.12206627
0.08561739
0.11916631
0.10686782
0.10611656
0.14203767
0.645472
0.20554402
0.29957822
0.4506866
0.86279905
0.76635575
0.7525592
0.7537305
0.86013025
0.77567065
0.8636995
0.77856475
0.87306523
0.87368935
0.7467433
0.1924935
0.19947557
0.86253566
0.10484726
0.07058629
0.06240362
0.06982041
0.06798635
0.0604327
0.08243686
0.07414953
0.08853977
0.78578806
0.8351258
0.0910983
0.06651827
0.05058094
0.051396735
0.058433086
0.07782892
0.8972645
0.9152467
0.934458
0.92586863
0.11278899
0.062079765
0.060622986
0.10762392
0.8914509
0.9143494
0.9329856
0.92546254
0.13086037
0.07076892
0.07301144
0.16003925
0.9041592
0.87146103
0.09818987
0.09661457
0.09339467
0.081924036
0.091850035
0.13342898
0.90822905
0.8447797
0.11169101
0.10964634
0.083231285
0.080814704
0.13028736
0.14001146
0.0797395
0.08349724
0.12987544
0.8768956
0.13024946
0.11273319
0.14352113
0.09908337
0.1328537
0.8432345
0.19638616
0.28731936
0.8821751
0.7654963
0.7693758
0.23590364
0.09924163
0.0753379
0.09212634
0.1456839
0.6506796
0.64017326
0.63200355
0.6003459
0.30335212
0.26384708
0.24395056
0.3794523
0.8710505
0.8814599

