0.86721045
0.85927993
0.8186259
0.76622945
0.85108405
0.499656
0.24453142
0.22407815
0.23167786
0.608927
0.60089886
0.20247714
0.15230618
0.16222738
0.16844639
0.17317456
0.32476357
0.1916138
0.17833742
0.17009045
0.19762442
0.3317135
0.8318515
0.7954279
0.37281272
0.40106478
0.3413324
0.74752903
0.34939414
0.27112705
0.2866467
0.8207535
0.80259204
0.25211108
0.24621068
0.21048687
0.5849197
0.3368544
0.59013647
0.16431578
0.1709509
0.7122439
0.88667774
0.16510442
0.1065744
0.1418363
0.06844449
0.063790135
0.055850394
0.06234486
0.09797134
0.09677744
0.86984956
0.83030754
0.81287664
0.8647358
0.08518692
0.06042167
0.051359467
0.063600205
0.13354027
0.14397736
0.82979584
0.9026202
0.77799714
0.19799243
0.13948922
0.23601376
0.64817345
0.13863046
0.15587814
0.60585433
0.28059983
0.56949306
0.23059937
0.2921425
0.23165043
0.5458907
0.54620814
0.545535
0.612262
0.6503128
0.83371353
0.7145921
0.77462816
0.88737494
0.88913196
0.7432413
0.18566455
0.12569897
0.12207867
0.18242641
0.24826723
0.16931237
0.19115448
0.86185086
0.85933125
0.25491798
0.19606878
0.7293439
0.700437
0.78746414
0.0926581
0.06893178
0.054982286
0.05712392
0.07302732
0.09465721
0.058805488
0.05334819
0.047153417
0.0451221
0.047003124
0.054836787
0.08874006
0.9137045
0.8867555
0.9376037
0.9328081
0.0822492
0.049604308
0.04115587
0.041076172
0.04610779
0.06417405
0.90457845
0.94044745
0.94449854
0.93659264
0.09111477
0.053574853
0.047163974
0.04311678
0.048943933
0.06755856
0.8510034
0.8589903
0.918925
0.91679806
0.83024126
0.88470256
0.10196692
0.07316508
0.08518555
0.85434127
0.9126704
0.88099647
0.9225749
0.82270616
0.86991864
0.08467906
0.049705878
0.04242031
0.046427052
0.059695426
0.06856657
0.8596285
0.8479073
0.879879
0.91980076
0.89181024
0.9293
0.9313529
0.9272961
0.0962126
0.05644681
0.042298008
0.041103188
0.047376975
0.06331581
0.8482232
0.9133589
0.8602074
0.83604825
0.84100974
0.85063696
0.11169679
0.090684004
0.12721415
0.86241484
0.113058
0.08176696
0.106152564
0.13992079
0.88363904
0.11473668
0.08096199
0.075412415
0.112819135
0.1637443
0.12187741
0.10502829
0.16645344
0.16270804
0.85921705
0.6746988
0.20862639
0.28397498
0.6297884
0.121112764
0.10973879
0.16246513
0.23734589
0.13500264
0.12381116
0.13530077
0.08546227
0.08519264
0.095355056
0.1505684
0.14284933
0.17384574
0.8719217
0.122861266
0.096941814
0.14633332
0.9011469
0.8141102
0.115306646
0.09213349
0.052738097
0.045456663
0.044341356
0.043974113
0.048732687
0.06358066
0.8775967
0.9001356
0.9327124
0.9343494
0.89495784
0.8571908
0.88456506
0.0806481
0.058228806
0.050776333
0.07244315
0.05128923
0.05346343
0.07370896
0.09955962
0.069640756
0.06862037
0.08019386
0.79290485
0.89867944
0.74642974
0.1682574
0.19455497
0.11918777
0.08471309
0.090672545
0.1321703
0.7505722
0.8906859
0.2305624
0.09195364
0.07953183
0.061406437
0.05941585
0.07008149
0.08017628
0.8370259
0.80303544
0.89489406
0.7998452
0.8726097
0.7477111
0.74350923
0.8556661
0.7250202
0.21146917
0.24623457
0.17623919
0.13851923
0.22999443
0.18727432
0.25986916
0.64905465
0.8022625
0.7096876
0.8239648
0.15338756
0.1357134
0.120618045
0.1563093
0.85583997
0.2517025
0.10518688
0.11316933
0.12478657
0.8782347
0.81565285
0.9085467
0.8304365
0.90322524
0.11595568
0.07950242
0.07332196
0.08686305
0.07830371
0.098525725
0.20773524
0.20129396
0.86074144
0.12993442
0.11356754
0.0856891
0.10050406
0.8397713
0.89089316
0.74577296
0.70625514
0.14116184
0.12229984
0.19359204
0.17495236
0.6264371
0.66077185
0.79420346
0.20462239
0.15539941
0.25902227
0.16350925
0.18080708
0.17914076
0.4182994
0.21992086
0.27274016
0.80967486
0.8194847
0.7291346
0.8030682
0.674384
0.20080993
0.13779427
0.15178716
0.3007474
0.7227128
0.87110716
0.89790815
0.14787889
0.07441235
0.05706
0.0578593
0.070956714
0.8731851
0.9248595
0.92700917
0.9212462
0.12180787
0.07147007
0.07060484
0.1096202
0.15091012
0.8751054
0.17629483
0.10379843
0.1023569
0.17504846
0.11888849
0.11828953
0.15719174
0.8663332
0.19937463
0.12509243
0.09855875
0.09824678
0.11667115
0.14261629
0.61241335
0.6219148
0.1891882
0.1926973
0.16701359
0.20350625
0.18743472
0.2652092
0.27314374
0.21370468
0.35135153
0.85294044
0.6593097
0.57971144
0.20141782
0.14978354
0.18321773
0.19422694
0.18881953
0.4439529
0.58235234
0.836063
0.71841747
0.68615305
0.66564566
0.7556237
0.8760129
0.88144183
0.8647772
0.20021792
0.1603768
0.22913334
0.18348259
0.7286997
0.75972563
0.7893238
0.89244175
0.90048814
0.115524605
0.08376674
0.07005813
0.063044064
0.077023864
0.7349826
0.88163584
0.24661861
0.76481175
0.91378367
0.15296419
0.06560282
0.048716996
0.04511372
0.045900486
0.05512555
0.05029119
0.057284005
0.07942451
0.08900088
0.08349826
0.8898775
0.90330344
0.93069315
0.934163
0.9182294
0.93609715
0.91210365
0.082978725
0.058555465
0.049458504
0.04416775
0.04381763
0.049876343
0.053010933
0.063084856
0.07385165
0.08585412
0.10290512
0.8091206
0.8761673
0.25415054
0.72108096
0.72726524
0.7427938
0.8463108
0.18073276
0.15807977
0.28524622
0.31097722
0.26226997
0.7617853
0.29210383
0.3641889
0.45593014
0.6927087
0.8260488
0.37546012
0.18557599
0.18792935
0.8440869
0.706598
0.6567521
0.62824345
0.1726386
0.1481036
0.27517548
0.86620116
0.8670674
0.70424813
0.23721957
0.16897608
0.110832594
0.1193802
0.1589643
0.16346239
0.23010834
0.6878013

