0.36817285
0.12658699
0.07770551
0.07086446
0.091918364
0.07647994
0.10669404
0.121026374
0.13322297
0.80525464
0.47902
0.50850034
0.8193975
0.89233446
0.80653644
0.81083643
0.8885007
0.7858759
0.33918202
0.37906075
0.8608
0.2521019
0.23495217
0.17516702
0.08504749
0.07449166
0.082765445
0.10918649
0.17615674
0.2582647
0.8453337
0.6683203
0.33024403
0.28689897
0.22470781
0.2830988
0.48611832
0.24324809
0.27824342
0.2736897
0.8149907
0.43917248
0.2898772
0.23815073
0.2932965
0.2077107
0.25701874
0.33773366
0.861158
0.8611835
0.7138327
0.8459974
0.66446567
0.609348
0.19104686
0.1571084
0.13459598
0.28923023
0.8885792
0.1804206
0.15674503
0.074794
0.0688113
0.095808774
0.84370613
0.096478604
0.08163926
0.05949633
0.06548113
0.08505039
0.09222913
0.8687452
0.8717268
0.11541636
0.094254546
0.15116484
0.8795916
0.094353445
0.05595274
0.046925843
0.045403827
0.050287526
0.07111634
0.19323716
0.9244547
0.89426994
0.92387086
0.10301922
0.07395267
0.048243277
0.04857241
0.07043224
0.09116999
0.18603502
0.8884053
0.15464963
0.09984257
0.14587542
0.85483545
0.82468724
0.8168399
0.15180221
0.155778
0.79337406
0.796274
0.8380278
0.85575575
0.86327803
0.90950775
0.25976157
0.13300946
0.104487225
0.10753798
0.751749
0.11974073
0.12403226
0.71963125
0.12462316
0.14258085
0.1989944
0.728164
0.7369517
0.85186565
0.23973054
0.19016033
0.28679353
0.40957034
0.8159999
0.6384857
0.541145
0.17319524
0.20964848
0.14843804
0.18753633
0.22162256
0.3076579
0.1955534
0.13838048
0.13232584
0.15362532
0.51331705
0.1827868
0.20150407
0.34016836
0.35559255
0.18538417
0.16670853
0.2090272
0.23041299
0.25269508
0.29906884
0.31351134
0.755443
0.87617683
0.79130894
0.88008004
0.82607514
0.82048064
0.8326435
0.8843006
0.8311186
0.8181948
0.8244954
0.8769213
0.7945446
0.78640705
0.79366106
0.819497
0.90115106
0.90237135
0.90833914
0.1439937
0.09017359
0.060364194
0.053753003
0.06687595
0.08612135
0.13329604
0.85947573
0.09096495
0.060716964
0.058776103
0.07399085
0.86033547
0.87227386
0.9196001
0.9241699
0.9271307
0.9290481
0.8876226
0.8920047
0.08645305
0.05909215
0.06257007
0.111109816
0.8470939
0.093910806
0.06044403
0.055227693
0.0649269
0.09660066
0.14829887
0.18236122
0.20075612
0.17562243
0.23219472
0.24907461
0.24035653
0.16843717
0.18473609
0.80540246
0.21934824
0.22580054
0.3168953
0.2830121
0.8353915
0.4020626
0.22094244
0.28231835
0.13444406
0.11638412
0.13201748
0.227807
0.3793917
0.3467881
0.21259943
0.2834633
0.19262762
0.23340726
0.25794983
0.28638327
0.4085023
0.86576355
0.88053465
0.80106115
0.8065093
0.881106
0.88426924
0.80117863
0.81330466
0.8817234
0.8332435
0.89035803
0.8295675
0.87767833
0.46746683
0.2927158
0.21067774
0.22138332
0.17363721
0.22361565
0.22979306
0.23305677
0.7604336
0.12144389
0.13907704
0.19477825
0.8751757
0.22121258
0.13696198
0.16784465
0.16882397
0.17682405
0.88665855
0.81291395
0.86343724
0.9202481
0.84325796
0.08517521
0.0676419
0.08221069
0.14424196
0.18095215
0.8908073
0.121586196
0.1120902
0.07344928
0.08672365
0.09843153
0.107232295
0.10672494
0.15680349
0.24002248
0.22938563
0.27721983
0.8154283
0.30229196
0.26746005
0.2508643
0.23619385
0.22514597
0.21695668
0.21172842
0.21505713
0.25912187
0.18493149
0.2447299
0.65377426
0.65361345
0.65436643
0.66033804
0.68131644
0.15234797
0.16929229
0.79267913
0.09126645
0.059835285
0.052722678
0.05701467
0.081270844
0.845814
0.8164732
0.20237589
0.16402462
0.1263399
0.09286245
0.11797818
0.8704737
0.09692686
0.06680135
0.086046055
0.09001747
0.06676026
0.0739144
0.057305638
0.05887208
0.07124821
0.87684274
0.9111498
0.88387704
0.89824986
0.9038707
0.9233932
0.92901695
0.90359557
0.92334276
0.1094236
0.093011536
0.07552501
0.05205022
0.04490476
0.047985073
0.05384833
0.06235314
0.10191034
0.87978286
0.83516276
0.8698948
0.1699574
0.08560133
0.08679495
0.10192312
0.14204703
0.8853714
0.8852405
0.37077472
0.8841025
0.892174
0.13938566
0.1095352
0.089063175
0.11802605
0.8307155
0.3449301
0.29755905
0.83896977
0.75083166
0.83216864
0.68339515
0.3843239
0.30617434
0.30154604
0.35045564
0.34511122
0.28622723
0.3612583
0.39328694
0.37989634
0.34463835
0.49303353
0.6805049
0.5118997
0.47383916
0.4698202
0.4189074
0.3444351
0.46505693
0.7424288
0.618751
0.26112154
0.27755818
0.293936
0.3160107
0.21706635
0.20829943
0.25627053
0.8049793
0.74211586
0.854247
0.8482314
0.7319101
0.80886805
0.23873381
0.22100745
0.81967676
0.14563912
0.14253339
0.17387155
0.110328205
0.09537404
0.0882397
0.15621874
0.82766014
0.25868705
0.4282909
0.87710285
0.13988273
0.08496349
0.10856319
0.1130205
0.87936413
0.8641713
0.87961215
0.88292056
0.88363194
0.8809512
0.9207605
0.8846698
0.093430445
0.06911895
0.06593419
0.103318594
0.86610967
0.19156642
0.15747772
0.8072792
0.11494171
0.07636704
0.08005639
0.13061184
0.1426439
0.7627816
0.18002747
0.111121334
0.11345533
0.18665335
0.8923004
0.90068865
0.14887556
0.10216136
0.08010248
0.06929564
0.09513792
0.079365045
0.08507818
0.11776293
0.11649564
0.87376016
0.913375
0.85140526
0.914927
0.90854716
0.13553804
0.120341875
0.15824886
0.15504006
0.11133248
0.0992886
0.176732
0.22852956
0.29005992
0.71207625
0.8559323
0.7139844
0.6588131
0.6323062
0.610404
0.24778917
0.17609744
0.2466955
0.5227899
0.2730663
0.24387023
0.20515154
0.26769748
0.8437478
0.86377174
0.7857853
0.8576949
0.7787799
0.7939908
0.8648131
0.82775193
0.8728465
0.827089
0.8765566
0.831098
0.8234373
0.80066746

