0.79708946
0.83975315
0.88345087
0.7815595
0.76165676
0.8660421
0.8015962
0.76981676
0.8779795
0.8797856
0.71249306
0.27363408
0.24495834
0.3444151
0.8381345
0.18735737
0.12478007
0.12682214
0.1394192
0.16688657
0.8467868
0.6174981
0.22247028
0.2074687
0.74923456
0.7921025
0.8883595
0.89364845
0.82210726
0.88570654
0.80899113
0.8773153
0.7593413
0.22564115
0.23290466
0.8750466
0.8906419
0.1447499
0.11941193
0.08444353
0.09496474
0.11646842
0.6340398
0.6121421
0.17837481
0.1651252
0.18019223
0.8260602
0.23018344
0.20063505
0.33288494
0.15449162
0.1420067
0.13671942
0.15039514
0.20907445
0.27863553
0.19796945
0.21313025
0.8702499
0.87432736
0.7571027
0.85405505
0.18989247
0.14244716
0.16879074
0.12858765
0.13630997
0.20277938
0.6117732
0.6097518
0.61691445
0.6168696
0.29844612
0.15554191
0.15298921
0.6246627
0.16400583
0.1317354
0.15502216
0.17865928
0.8748504
0.14171883
0.10795281
0.08950293
0.08530224
0.09653777
0.073684506
0.06785467
0.08986633
0.14782962
0.30238256
0.89105016
0.7303433
0.6947152
0.69612706
0.7053075
0.17282864
0.16627806
0.11048414
0.093107656
0.10811201
0.24303411
0.8659064
0.1563136
0.13747154
0.19353892
0.18924935
0.61908954
0.17082462
0.14167981
0.13955311
0.16408016
0.34447417
0.27880427
0.23238917
0.82618725
0.18272814
0.1418687
0.14224865
0.18596207
0.87583905
0.88274103
0.7849777
0.88192505
0.7127398
0.7508376
0.08897265
0.056412086
0.05236637
0.055206098
0.07361101
0.882623
0.9279172
0.92796195
0.92268986
0.1007825
0.06268156
0.055937245
0.07254442
0.113880575
0.87002176
0.7656895
0.80844575
0.9042778
0.90393585
0.77720773
0.7299219
0.10166641
0.076405965
0.0836193
0.116773404
0.87860376
0.7748644
0.8951998
0.7778181
0.09927745
0.06362744
0.059388507
0.072933406
0.1360953
0.83597124
0.08874815
0.057867866
0.048247695
0.0476492
0.052282456
0.07020282
0.86624014
0.84479177
0.93389475
0.87557167
0.088986
0.0565375
0.049562305
0.058684923
0.077488914
0.14102797
0.88410467
0.14894624
0.10049284
0.09841673
0.11345952
0.17611048
0.88292325
0.8754085
0.87228084
0.1941868
0.1806336
0.6602478
0.6329402
0.62597275
0.6139717
0.1553559
0.14370556
0.5707974
0.17319994
0.24071166
0.16319178
0.12054312
0.118923716
0.13451451
0.17488073
0.85910255
0.7143353
0.13870288
0.0998013
0.08897914
0.09301507
0.16928165
0.14486764
0.1364717
0.76500213
0.10554665
0.082180575
0.061140638
0.055179793
0.060862016
0.09348982
0.09867426
0.14249372
0.8869224
0.11726121
0.093014754
0.13636035
0.90386474
0.8505822
0.09719283
0.0642856
0.062116705
0.08437524
0.8231643
0.08818928
0.06952098
0.08073504
0.87031496
0.89873374
0.92821825
0.92991745
0.884727
0.8577149
0.8776712
0.095854394
0.077619225
0.108933985
0.87154603
0.09712664
0.06503111
0.07867657
0.079732805
0.056392368
0.057571813
0.07326567
0.822148
0.9251398
0.81641805
0.11317257
0.10331341
0.07412717
0.06429957
0.071555644
0.095344566
0.74414504
0.90759987
0.110348254
0.06736044
0.05791006
0.06322606
0.08607301
0.7787907
0.12571356
0.13743126
0.8349483
0.89156145
0.789181
0.87421805
0.7451916
0.7432521
0.8612182
0.7526317
0.19113702
0.1786472
0.714865
0.11380603
0.08642287
0.087232545
0.10495487
0.15422556
0.86443084
0.74938583
0.87250155
0.13020967
0.10447012
0.08424594
0.095325984
0.1542194
0.85778964
0.12862341
0.12011444
0.13063245
0.87627125
0.8148447
0.90833104
0.82929873
0.9016596
0.11339973
0.07900967
0.08027343
0.13030174
0.08462707
0.09915688
0.19095084
0.18657826
0.8625925
0.12137331
0.103858896
0.082149655
0.09808565
0.83860874
0.8965025
0.7458394
0.7003411
0.1323791
0.11549617
0.17590357
0.16340265
0.54655284
0.6539114
0.8168135
0.6725666
0.6796486
0.79363126
0.66812974
0.63832664
0.6558316
0.75753295
0.66045946
0.6829409
0.83251256
0.8523747
0.77727604
0.8318591
0.7181587
0.17976972
0.112408765
0.112316534
0.16693252
0.7907102
0.8959758
0.9135518
0.14345205
0.069582134
0.052621353
0.05370837
0.06765462
0.85191685
0.8493243
0.92542017
0.9227993
0.115627214
0.06745347
0.0660078
0.101266
0.14249314
0.88280815
0.2416293
0.106064215
0.095963426
0.16695853
0.09561626
0.0818186
0.09753016
0.18641713
0.14577731
0.10562525
0.08453824
0.08149012
0.0853491
0.09591347
0.094442986
0.10865131
0.12711729
0.09674966
0.09219153
0.14293677
0.12321222
0.69709426
0.8783068
0.74723166
0.7667308
0.15789278
0.066546395
0.05159734
0.04660361
0.04597037
0.052768875
0.07602036
0.89822924
0.9351619
0.86458915
0.08896612
0.05818895
0.055028863
0.06954979
0.08417208
0.09426908
0.15335988
0.9015571
0.89417255
0.89692616
0.13326585
0.12530294
0.109652385
0.12502743
0.72557014
0.1578811
0.12681575
0.09517739
0.05829197
0.049328912
0.04632371
0.046896808
0.05354516
0.07004955
0.85684854
0.908529
0.9081094
0.8221315
0.9015494
0.9079041
0.85470104
0.91006196
0.91720337
0.09639168
0.052299667
0.041283406
0.041113637
0.04873766
0.072792895
0.8778314
0.8664248
0.865511
0.8900709
0.14412676
0.06523358
0.051353984
0.05304781
0.065215714
0.09520429
0.82014495
0.88740677
0.7389929
0.6765949
0.6369747
0.612497
0.6107127
0.63241273
0.68134457
0.8201058
0.16006508
0.10842913
0.10867642
0.113657355
0.13430034
0.18374147
0.35374746
0.45683613
0.51253563
0.62896925
0.71106386
0.45765734
0.33651367
0.37933943
0.69731206
0.62508404
0.5926035
0.5352446
0.25687912
0.23193736
0.33693257
0.5975134
0.7329403
0.36222783
0.5964707
0.17610084
0.14101794
0.16022871
0.20858698
0.19588001
0.22325735
0.57653165
0.7997851
0.65667427
0.68629825
0.81538594
0.7223007
0.7542894
0.85683024
0.806397
0.7619047

