0.864255
0.7814308
0.26729205
0.22126526
0.30530584
0.26368594
0.26017654
0.28444725
0.6614565
0.7231599
0.7568648
0.79771763
0.88427234
0.7917423
0.75073737
0.84919965
0.2925474
0.33081064
0.31483918
0.23875028
0.19623196
0.28582156
0.63331366
0.6078807
0.4253362
0.31881955
0.41793284
0.41438612
0.31883246
0.2749709
0.22788802
0.24569161
0.38129863
0.37990275
0.29703033
0.49705854
0.3272039
0.36563838
0.5236465
0.7818633
0.61154467
0.39275202
0.36735404
0.3788106
0.6083825
0.76055205
0.38970682
0.24523191
0.22742714
0.34222594
0.31455895
0.20696452
0.21035826
0.28361255
0.5762483
0.47440872
0.4552517
0.48267362
0.5937233
0.58034855
0.3950557
0.32125366
0.2101111
0.21733667
0.3374084
0.636572
0.6265291
0.66821396
0.7404502
0.86938375
0.71534234
0.21407151
0.12725365
0.13391684
0.22735608
0.28335258
0.6593666
0.79855895
0.30950215
0.34267053
0.2806856
0.25495827
0.24063721
0.23406833
0.22864512
0.6447559
0.65303254
0.6814527
0.13555807
0.08853333
0.09317695
0.10366483
0.20714708
0.89982456
0.7883994
0.12931389
0.07490509
0.06716302
0.114754915
0.11123267
0.07803493
0.119690865
0.90270245
0.8048972
0.9164583
0.08989126
0.05555851
0.051362593
0.07198048
0.08332021
0.14689243
0.89101577
0.14500453
0.08104654
0.053066865
0.054177884
0.07146448
0.8835341
0.90131885
0.93003803
0.8999433
0.102890365
0.07020213
0.07772031
0.8648331
0.8994261
0.91398716
0.90214646
0.89732414
0.101692066
0.08088885
0.12094153
0.8563906
0.08317223
0.05534093
0.05261283
0.068636
0.13088897
0.91985565
0.8999304
0.1079919
0.066222385
0.06289766
0.06385401
0.056860153
0.05434948
0.05270002
0.057650764
0.06711974
0.06874441
0.06464426
0.07240943
0.12047311
0.7512162
0.72948736
0.7260626
0.6879395
0.68441683
0.6701574
0.65559506
0.10412199
0.095274575
0.102194756
0.81743807
0.8087583
0.8066853
0.8007551
0.7861277
0.14108154
0.16878673
0.105631985
0.14324768
0.08348761
0.07606703
0.09171399
0.11804863
0.7268635
0.69395804
0.62915426
0.2829655
0.37341544
0.41068769
0.41137007
0.38472697
0.32110968
0.3257088
0.8429466
0.799908
0.8808468
0.8754548
0.73240244
0.62686217
0.26706868
0.27120534
0.28562996
0.86026525
0.8889103
0.8974438
0.8927167
0.86461127
0.34150904
0.38033086
0.33318126
0.82667994
0.679044
0.18898827
0.15557553
0.16235302
0.29938203
0.336669
0.23393139
0.66020447
0.29975322
0.16429095
0.15177621
0.29010913
0.72708607
0.74822676
0.71853524
0.73122627
0.7122532
0.7211716
0.23100144
0.15356809
0.06912803
0.05271696
0.050053414
0.05650312
0.06280665
0.09718085
0.87998384
0.8349021
0.92111015
0.80190265
0.8531985
0.0978409
0.06152597
0.05352364
0.06426473
0.09952802
0.8644289
0.08658231
0.06326852
0.076686166
0.08529724
0.08279959
0.87318456
0.8759616
0.8821345
0.88457835
0.89212143
0.8860773
0.88795936
0.89579624
0.082253434
0.05418957
0.048465934
0.053178634
0.07628096
0.8774027
0.86936235
0.8578229
0.8850087
0.18390907
0.11719096
0.06835188
0.08661954
0.0871436
0.8256392
0.8302437
0.8583958
0.9138128
0.844391
0.8528169
0.8645595
0.1628455
0.077194646
0.08509462
0.053238608
0.054728147
0.07737891
0.092806235
0.09916419
0.09778652
0.08653803
0.09148651
0.13388218
0.7015789
0.13597609
0.14213514
0.1322426
0.11392901
0.12072414
0.18563865
0.63013494
0.61584944
0.62491155
0.17622808
0.14486723
0.15139917
0.643499
0.7056705
0.71222854
0.71829295
0.87268656
0.8668146
0.20633851
0.17032233
0.20010996
0.6224564
0.66339296
0.7180603
0.7423562
0.7513908
0.74980813
0.7330375
0.74857396
0.7493607
0.79313534
0.86972076
0.7904044
0.74388945
0.75237066
0.7620345
0.7809581
0.87477314
0.77267617
0.119354546
0.08072654
0.08977457
0.09639904
0.10925181
0.15602577
0.77605414
0.7796065
0.77517945
0.82055086
0.9140299
0.84807754
0.10226071
0.06489252
0.04769244
0.048983105
0.04863601
0.04523065
0.044173874
0.04895397
0.04700605
0.058415275
0.0600308
0.121198855
0.9226565
0.9335281
0.94698614
0.94452363
0.1763493
0.06426644
0.04949806
0.046578243
0.04706498
0.047409248
0.056700006
0.0771036
0.08187102
0.07100409
0.098048195
0.12316763
0.86860704
0.9118868
0.9159617
0.8606814
0.9122026
0.9097086
0.16337259
0.10199923
0.1252065
0.074799754
0.06782434
0.06995562
0.106564075
0.13759835
0.17007278
0.7175368
0.13119109
0.10421716
0.14204489
0.15308122
0.14485419
0.11322847
0.11227673
0.18418615
0.60956544
0.6034662
0.4656015
0.45344484
0.39234248
0.26103267
0.19176409
0.19348332
0.50000167
0.2155951
0.2441728
0.24215157
0.20230839
0.21884716
0.31851646
0.50497043
0.86631995
0.8878399
0.88072777
0.7420655
0.63059306
0.3070287
0.35741368
0.3922299
0.7660973
0.8747895
0.7795021
0.766592
0.7561757
0.71855223
0.4161071
0.25924766
0.20101929
0.24353793
0.1665525
0.11808046
0.106594145
0.12500058
0.2590214
0.84751606
0.34990314
0.8006822
0.8877839
0.8267628
0.8152835
0.8125843
0.8046211
0.7837364
0.789671
0.7821037
0.73042667
0.2516109
0.6098072
0.1631147
0.11134408
0.10816896
0.12413648
0.21406199
0.26029953
0.85095847
0.7106099
0.76162297
0.87886274
0.87727004
0.7488279
0.70568556
0.13553324
0.11774292
0.122229315
0.1618021
0.12524422
0.77260983
0.1481775
0.073682174
0.07519183
0.0894142
0.06324811
0.056073558
0.05564935
0.07192053
0.13703842
0.9063214
0.9321955
0.8927372
0.8841131
0.90193784
0.108277775
0.08210034
0.05690902
0.080108225
0.092122756
0.08288275
0.09248195
0.06683395
0.074472085
0.07849066
0.107283086
0.16191565
0.18693241
0.14904971
0.70448333
0.6645547
0.64306974
0.6836232
0.71287125
0.7419989
0.8910281
0.89798146
0.7984313
0.12884349
0.07930368
0.0733275
0.0640944
0.09607016
0.077246904
0.07419681
0.082442604
0.06635561
0.09534066
0.894632
0.85454184
0.9272049
0.096344344
0.059789196
0.055593874
0.060117595
0.09083044
0.077628374
0.06832893
0.07361522
0.08595356
0.14806537
0.76080805
0.8920644
0.8932444
0.78211063
0.8948953
0.8954116
0.74820024
0.115475535
0.06823199
0.062054534
0.08212148
0.10943891
0.0886013
0.08874013
0.10223407
0.7768173
0.20526661
0.809344
0.5808431
0.9135594
0.8669177
0.12798427
0.06686167
0.05099132
0.054767862
0.044835374
0.047294725
0.051455002
0.046633743
0.053784385
0.11080364
0.9253762
0.94715446
0.936122
0.09427759
0.054402784
0.043556705
0.042509932
0.042951282
0.04635636
0.05619402
0.07415849
0.11053899
0.13495399
0.8845446
0.6973999
0.25246197
0.7306516
0.53068894
0.8769765
0.27734238
0.19663718
0.14934587
0.09532325
0.07484538
0.08073426
0.108130254
0.21449809
0.8980851
0.14743656
0.07903842
0.07354055
0.059617884
0.060173675
0.0788599
0.066474214
0.085220315
0.13995478
0.24579662
0.9226113
0.9310119
0.10055315
0.072760426
0.046411596
0.043799523
0.042515785
0.045358293
0.051118404
0.07217872
0.88505816
0.8895311
0.9160489
0.93733394
0.9053918
0.9178151
0.14623661
0.06486647
0.060141932
0.04802093
0.05984761
0.05930849
0.08020204
0.122331716
0.89392775
0.73924255
0.19896941
0.19924553
0.7463128
0.18485504
0.09818987
0.10437177
0.10290032
0.094253995
0.13938697
0.12558027
0.20592114
0.6764474
0.7278606
0.8826267
0.76395696
0.16759364
0.1609188
0.07501654
0.06832043
0.101798706
0.065042235
0.055651985
0.06128754
0.059467837
0.06573108
0.07148265
0.050644092
0.051559985
0.05507994
0.08849676
0.1280834
0.9025736
0.91111237
0.9162245
0.9379592
0.9342524
0.1110096
0.06485902
0.050596654
0.058366563
0.052345477
0.06605344
0.08562054
0.07375703
0.11502572
0.121770516
0.88650525
0.76096183
0.8956402
0.16306348
0.112599015
0.08222571
0.080872536
0.09775236
0.09963929
0.1278637
0.14847712
0.16407928
0.8841987
0.20585637
0.10250767
0.12191847
0.08563816
0.07524873
0.09389433
0.14437026
0.9154272
0.8293895
0.089155786
0.06327573
0.055130962
0.051034935
0.054962378
0.05542565
0.05431803
0.0667856
0.06820882
0.09147827
0.87833786
0.13089094
0.07880576
0.114791
0.15207106
0.20600241
0.92142904
0.93985224
0.94015455
0.19785152
0.08242303
0.060335685
0.06224637
0.096255206
0.86808723
0.09421979
0.07403923
0.059299793
0.057933215
0.07741999
0.08735407
0.81304187
0.7717055
0.8381276
0.11518894
0.11387281
0.10447703
0.08169681
0.118276164
0.12167396
0.08539432
0.11878533
0.106625214
0.105914034
0.14178236
0.6461837
0.20529059
0.29924175
0.45002183
0.86283255
0.76631445
0.7525569
0.75376916
0.86018753
0.77570057
0.86375666
0.77860844
0.87312573
0.87374306
0.74681
0.19240099
0.19939922
0.86255413
0.10483211
0.0705666
0.06238153
0.069790125
0.06796269
0.06041949
0.08241016
0.074136056
0.08853406
0.78582215
0.8351539
0.09109637
0.06651303
0.0505788
0.05139441
0.05843141
0.077828504
0.89726645
0.91525155
0.93445945
0.92586946
0.11278698
0.062079143
0.06062252
0.107623994
0.89145184
0.9143513
0.93298626
0.92546296
0.13085848
0.07076802
0.07301074
0.16004345
0.9041612
0.8714771
0.0981867
0.09660807
0.09338835
0.08191927
0.0918458
0.13342513
0.9082325
0.84479934
0.11168593
0.10963605
0.0832222
0.08080489
0.1302693
0.13999133
0.079731025
0.08349031
0.12986806
0.8769019
0.13024145
0.11272132
0.14350535
0.0990762
0.13284692
0.843239
0.19638099
0.28730893
0.8821784
0.76550394
0.76939046
0.23589301
0.09923713
0.07533489
0.09212264
0.14567691
0.650691
0.6401773
0.6320076
0.6003495
0.30334342
0.26383892
0.24394308
0.37944403
0.87105155
0.88146055

