0.86039686
0.77941847
0.3147958
0.2550319
0.28845945
0.2929403
0.6889289
0.7495228
0.881858
0.8880779
0.85815036
0.33289412
0.30023628
0.5030549
0.551198
0.63878095
0.82113665
0.66762257
0.671996
0.8341799
0.6330985
0.24258155
0.30235705
0.63173395
0.670995
0.65564966
0.2246796
0.27539825
0.13462865
0.11735768
0.14197357
0.1508995
0.16036767
0.619211
0.2544864
0.17941073
0.16598196
0.19849417
0.14491825
0.12488271
0.1373628
0.17968081
0.44550678
0.6456947
0.6269724
0.60972506
0.5906192
0.24213396
0.20797046
0.23862533
0.20883062
0.23339504
0.78317255
0.22151873
0.18282525
0.23548219
0.20442563
0.22870295
0.8237492
0.17337404
0.14784862
0.12958059
0.11512876
0.14899215
0.26009855
0.12475584
0.13595948
0.17105179
0.16214222
0.26865196
0.25130132
0.18562569
0.66322327
0.6285145
0.6720458
0.7454364
0.87870836
0.801981
0.8916371
0.88582194
0.17438054
0.17023715
0.16275662
0.13893022
0.26232502
0.61622345
0.15437542
0.1631081
0.23670101
0.6274512
0.64011323
0.18366098
0.13954228
0.14142402
0.14519875
0.1595138
0.1947362
0.83675027
0.18237169
0.14561473
0.13703176
0.14668575
0.6746236
0.29505733
0.1330681
0.10554269
0.102992415
0.11510034
0.7449799
0.26258725
0.13740538
0.15720424
0.7890627
0.7730358
0.884353
0.7689636
0.75660497
0.78438944
0.8926841
0.78521335
0.10136865
0.08042981
0.11067817
0.8713095
0.1650715
0.07277954
0.068671204
0.09787735
0.8836952
0.92254627
0.09247177
0.05723774
0.051912855
0.06454709
0.10486597
0.8906863
0.8984841
0.16080986
0.16931568
0.80654705
0.26853958
0.87615705
0.8751032
0.87290186
0.86362845
0.23855524
0.8146225
0.22847408
0.15597065
0.8710601
0.9157222
0.10386321
0.0790026
0.056616683
0.06516817
0.11303048
0.9036068
0.2046759
0.07634537
0.05846711
0.06499437
0.061325986
0.057125024
0.05727871
0.060158297
0.068642825
0.08051367
0.07187384
0.064494915
0.067508265
0.081023455
0.12040927
0.78624135
0.11526194
0.096358135
0.1062904
0.14742762
0.87950116
0.1322334
0.09939532
0.09685208
0.12255813
0.12100097
0.1468959
0.6611043
0.66449493
0.85985
0.69259655
0.18207337
0.20958592
0.10328072
0.085381344
0.08840153
0.122803524
0.14631814
0.8791618
0.75211245
0.75003964
0.78486526
0.8941571
0.11795439
0.082182616
0.07455003
0.07867428
0.09266019
0.12906812
0.14817731
0.68567705
0.8609122
0.6540176
0.18122347
0.12188798
0.10389206
0.13721356
0.14543334
0.13235442
0.2514158
0.64843625
0.63548905
0.6123763
0.1569298
0.14216354
0.22240938
0.87398696
0.7824894
0.75743216
0.7400238
0.71663177
0.6821497
0.27473107
0.16394795
0.1774475
0.8599059
0.77176607
0.867176
0.24802889
0.18581918
0.25927952
0.25601244
0.16758892
0.16786787
0.28938365
0.5692501
0.22036877
0.285947
0.18872571
0.21029906
0.36455464
0.6311119
0.6553176
0.6252941
0.20588611
0.21446724
0.2136026
0.18088447
0.38932613
0.8835696
0.71240675
0.22522572
0.10059831
0.07053644
0.07115752
0.06862851
0.08599335
0.19680755
0.13600841
0.084900446
0.064758494
0.06527155
0.07911091
0.14141944
0.9064868
0.12067259
0.07009638
0.057322253
0.055482373
0.06866717
0.08167901
0.057452906
0.06379557
0.09375441
0.86086434
0.26395977
0.8978376
0.10698957
0.06145679
0.05526322
0.047727983
0.05160872
0.049410272
0.058998395
0.13107488
0.9210623
0.92597055
0.9427297
0.117570594
0.05793007
0.0470564
0.045172278
0.045278862
0.055828277
0.07174949
0.09490662
0.8979317
0.9000014
0.23874567
0.78220195
0.17357501
0.105990976
0.14103535
0.8527167
0.15810728
0.107065104
0.11226213
0.13886176
0.87141836
0.87993246
0.779677
0.80893093
0.8856465
0.8194344
0.8999044
0.9043657
0.79350543
0.8954393
0.11429701
0.07267327
0.06396986
0.0711993
0.08224961
0.099084854
0.12289334
0.6392161
0.6348444
0.8253477
0.615987
0.55159825
0.6156276
0.6292208
0.8433389
0.8434188
0.25229383
0.24813679
0.24352503
0.21392915
0.57593685
0.32436422
0.1709293
0.13988727
0.13556181
0.136181
0.19676699
0.85900587
0.72684175
0.8428801
0.24232008
0.23016559
0.1630382
0.19510731
0.15511478
0.16348107
0.21740042
0.23138808
0.8179857
0.36524677
0.22536337
0.30659285
0.21315473
0.22960666
0.83966833
0.20842941
0.1269015
0.1272932
0.19401945
0.10982988
0.10320991
0.1624907
0.8076759
0.9035379
0.8966417
0.736522
0.13015133
0.11789361
0.15119946
0.8431808
0.24575678
0.17109741
0.2124541
0.36362028
0.6419751
0.68081135
0.70124906
0.72714496
0.86138266
0.8442783
0.47972435
0.63222396
0.77830046
0.36440232
0.35129663
0.7573176
0.25770688
0.22135064
0.22098264
0.23254608
0.46566507
0.78898954
0.37588412
0.49849412
0.61977834
0.60833013
0.22808142
0.22015366
0.1545688
0.13932593
0.14079584
0.14343545
0.19275443
0.8559562
0.72784305
0.8586582
0.85727787
0.18498288
0.13424215
0.1672865
0.16370074
0.70453966
0.8356331
0.2440473
0.27450258
0.39567944
0.80360305
0.89878064
0.9000933
0.7635313
0.3761426
0.37323788
0.30097756
0.8618516
0.8630769
0.22112308
0.26941743
0.17217861
0.17408043
0.72814924
0.86587095
0.7595126
0.87018013
0.85623604
0.21242973
0.17986417
0.21163164
0.20831162
0.7669254
0.88421005
0.78800577
0.88782513
0.75659174
0.19459946
0.251814
0.15296458
0.10439483
0.09791555
0.08979215
0.10298973
0.15872756
0.86993927
0.76522696
0.8879392
0.8841454
0.7251552
0.717426
0.83184105
0.27277958
0.325886
0.32121497
0.26521236
0.860799
0.8674252
0.14633691
0.13963766
0.7223455
0.26661623
0.8650026
0.8274456
0.8360067
0.898274
0.88083726
0.2406569
0.69172615
0.20378117
0.19567421
0.8669111
0.8777404
0.13981466
0.13814102
0.14775996
0.150295
0.87619126
0.886959
0.77711785
0.8909075
0.78671926
0.7241429
0.1090693
0.0864542
0.09393233
0.11713496
0.86097854
0.74459434
0.89139915
0.8922686
0.71168816
0.21582314
0.1329707
0.09772442
0.12427853
0.8883774
0.75834996
0.1076332
0.09855533
0.066557206
0.054124735
0.052289344
0.05601925
0.071768664
0.08471996
0.7951914
0.1219126
0.12920664
0.8662391
0.82093936
0.9171283
0.09606992
0.05551852
0.04875944
0.053703416
0.07252566
0.8618836
0.86830366
0.88252634
0.91193706
0.87243867
0.8790386
0.9144385
0.8836546
0.8910489
0.91207623
0.097288676
0.062285256
0.07065537
0.06356322
0.08398927
0.8764234
0.7906695
0.8999913
0.39857304
0.23850484
0.87210464
0.11673073
0.08286273
0.056139044
0.05465593
0.066564865
0.12265069
0.11415107
0.10774888
0.72171164
0.716866
0.11868103
0.11970741
0.19718437
0.15030946
0.11315019
0.097845085
0.08144912
0.08546414
0.10448625
0.21252221
0.15280567
0.18342225
0.1897898
0.6112296
0.22502066
0.16821712
0.15123953
0.21824947
0.23510148
0.5207114
0.2337974
0.25220487
0.5580565
0.69280696
0.5385516
0.7791648
0.79194784
0.67736924
0.6705584
0.75067025
0.66656345
0.66137046
0.71488947
0.25623995
0.20371842
0.25708494
0.25046286
0.32635018
0.5470885
0.26457268
0.3337864
0.2260276
0.23964363
0.57330126
0.42457035
0.2884288
0.3761595
0.21112178
0.14984035
0.15610112
0.12614702
0.12847249
0.14749569
0.22601877
0.22676064
0.32501796
0.25882977
0.29820472
0.7461541
0.7556132
0.65071774
0.22239813
0.2677528
0.15398636
0.09986879
0.10114895
0.1359859
0.8713487
0.87251735
0.7370797
0.73276174
0.8355216
0.7624702
0.8575094
0.8465369
0.7040647
0.63597935
0.17789051
0.14384308
0.16481864
0.2815003
0.27217892
0.27842632
0.71826273
0.6185022
0.39392352
0.2773517
0.19678244
0.17732076
0.20383096
0.18151025
0.18057425
0.28271985
0.587626
0.5750716
0.29329586
0.2284371
0.23439682
0.3329316
0.29879728
0.5528495
0.29044732
0.20557846
0.22200182
0.27824113
0.33121938
0.68793297
0.6368832
0.20490228
0.17457952
0.13343325
0.1298419
0.15304543
0.1271587
0.13272816
0.16938782
0.19765222
0.24398617
0.6798858
0.34251174
0.26434082
0.36340696
0.23615703
0.24716066
0.5753895
0.27573738
0.1861113
0.16336522
0.16530603
0.18373044
0.32925835
0.34595177
0.55554396
0.60642105
0.68339586
0.30542493
0.3253972
0.6997169
0.27676043
0.24169038
0.3047587
0.50139505
0.7089907
0.8394106
0.78577566
0.8680598
0.86761683
0.76740295
0.76471233
0.8011188
0.8541903

