0.8603426
0.84379107
0.77379274
0.75486714
0.80927306
0.88225967
0.8850087
0.787191
0.81218725
0.8864107
0.8895989
0.86702603
0.30798846
0.4591926
0.19533324
0.21705107
0.8484739
0.665219
0.6662041
0.19436596
0.09346396
0.08005378
0.116003126
0.7744808
0.82198465
0.11209491
0.06878813
0.0765461
0.052802134
0.049963724
0.050064147
0.048802942
0.04709185
0.045871135
0.047850102
0.05364426
0.07681459
0.8963022
0.8525088
0.91447806
0.08646184
0.057885792
0.06300534
0.055150986
0.04845393
0.049843136
0.058160737
0.0586811
0.06401587
0.078201346
0.07678802
0.09101416
0.14157847
0.098716326
0.10237891
0.15193735
0.65006423
0.6451353
0.8347713
0.19715618
0.19735202
0.49139184
0.23986566
0.54707325
0.36383003
0.2648329
0.47754824
0.31477067
0.2991384
0.82636493
0.38063768
0.18539083
0.1629319
0.15702622
0.15546755
0.19719552
0.823093
0.36338228
0.5555651
0.80445886
0.30115026
0.29082358
0.2779554
0.23269612
0.33045632
0.26463145
0.5478894
0.24791673
0.26553783
0.22827995
0.32400653
0.18545644
0.15054233
0.16381389
0.17110208
0.17538697
0.23608091
0.78245825
0.5635014
0.23363398
0.2077755
0.19722489
0.24481206
0.77305686
0.23401688
0.20161298
0.19946484
0.21313545
0.6413987
0.78780586
0.6057632
0.26723227
0.2331004
0.28075185
0.8311652
0.68420845
0.6730055
0.71432227
0.8384402
0.6484573
0.24604939
0.22505878
0.2613332
0.830644
0.806849
0.3107319
0.2734194
0.32404727
0.36332196
0.806991
0.65250516
0.609422
0.57816565
0.3389572
0.2831526
0.3654521
0.3410259
0.21902134
0.23573261
0.22319032
0.18108998
0.27930015
0.20939767
0.17239282
0.23467523
0.63133687
0.66896325
0.83294487
0.6774443
0.20633994
0.26620913
0.13801304
0.19867492
0.103354186
0.09947235
0.11274134
0.28827575
0.89305526
0.7441063
0.78309655
0.13963127
0.07838691
0.06322143
0.07193339
0.120505475
0.11983684
0.17405881
0.18304433
0.6437077
0.6408729
0.629445
0.2836183
0.19068342
0.15925199
0.13360709
0.13932012
0.16461092
0.34311274
0.20100805
0.22261472
0.6052655
0.58831954
0.24856949
0.22726801
0.26277646
0.25884894
0.78690964
0.2737486
0.2707755
0.8209473
0.17910992
0.13424599
0.1288223
0.18289624
0.17211819
0.26253304
0.663732
0.22012553
0.30916345
0.8827842
0.791687
0.10555649
0.067761354
0.053309012
0.058001243
0.07242828
0.07542101
0.11104925
0.91217583
0.838087
0.09646081
0.056920968
0.047287423
0.04960908
0.053269126
0.060709875
0.105515264
0.87685555
0.78655076
0.8491659
0.10648512
0.09057472
0.15450671
0.8845183
0.8645813
0.87920135
0.87356216
0.84626204
0.86790633
0.15595607
0.08633361
0.10339034
0.89018124
0.86151797
0.9243573
0.12056359
0.074059375
0.09075097
0.087812476
0.059705243
0.06063549
0.093733184
0.074390486
0.080455504
0.138745
0.10867441
0.14969705
0.84701353
0.2555053
0.33093697
0.6935427
0.6738343
0.7084986
0.7312498
0.7520498
0.88011175
0.8836795
0.7419909
0.87027645
0.70681036
0.11379585
0.08997205
0.086544
0.12226655
0.8971811
0.8165302
0.098077886
0.061290562
0.056551922
0.068872094
0.122979
0.8997429
0.110729046
0.0643114
0.053294756
0.05142235
0.05615617
0.061199255
0.053684752
0.06152661
0.093343385
0.87690073
0.27634868
0.8997018
0.107645705
0.06095141
0.0545416
0.047388628
0.051685043
0.049179383
0.058484267
0.13169315
0.9228893
0.93099993
0.94398165
0.12365824
0.058914334
0.047363717
0.04486364
0.044027653
0.051095404
0.062903404
0.08721051
0.89809394
0.90633607
0.2564082
0.8267753
0.17526667
0.10097894
0.13389844
0.8602977
0.14506447
0.08325625
0.08072195
0.10228228
0.87559944
0.89048
0.81197876
0.8374701
0.89480364
0.8357427
0.90672314
0.912501
0.8365452
0.9081749
0.10448663
0.060495775
0.05038954
0.055071328
0.063001074
0.0750514
0.09369636
0.70901406
0.70068586
0.84865755
0.17771618
0.14504315
0.17876709
0.21102135
0.7785258
0.37213242
0.29202932
0.56508857
0.29154503
0.24313696
0.5766893
0.3391375
0.18937969
0.15772933
0.1578303
0.1817674
0.2554197
0.6974836
0.28006846
0.3504693
0.2274412
0.24464421
0.56261516
0.5597794
0.23853289
0.22604279
0.29358473
0.600101
0.77858084
0.8195241
0.16962749
0.15453482
0.6839713
0.15784541
0.22234558
0.112314306
0.06665754
0.06497141
0.08506412
0.058475863
0.05806165
0.08280911
0.8962214
0.9296316
0.9283513
0.86151624
0.11346846
0.089945585
0.117319554
0.8519756
0.17042936
0.10315413
0.12354318
0.22204499
0.63576573
0.62033105
0.29408088
0.2670765
0.83860236
0.8413965
0.18618391
0.1455274
0.1828602
0.095066935
0.08886862
0.13500448
0.105597764
0.10333137
0.7951635
0.7756644
0.89771694
0.8929711
0.19329716
0.25245634
0.15371007
0.08953645
0.08286823
0.11158236
0.09565918
0.09114463
0.09109842
0.09290138
0.123331204
0.2787117
0.70357
0.8484027
0.8688711
0.13701229
0.091415465
0.11095612
0.12316596
0.73012084
0.8386836
0.20895085
0.22505854
0.3484435
0.786381
0.89277446
0.89139915
0.743343
0.40321115
0.38606998
0.3502787
0.833432
0.82372123
0.25279823
0.2906414
0.20740925
0.21459545
0.59259635
0.8061997
0.7211183
0.8299174
0.8435515
0.1402301
0.11039812
0.12805147
0.13892645
0.78085643
0.8764455
0.77797973
0.870292
0.7508982
0.20812984
0.2847134
0.16752471
0.104637325
0.07607188
0.06763886
0.078521535
0.121329926
0.8745175
0.78882027
0.889471
0.8803021
0.7524995
0.74624926
0.8361738
0.7647791
0.8553962
0.8543473
0.7614738
0.84171927
0.82490134
0.20558256
0.17040499
0.18137395
0.23075321
0.77621394
0.6670259
0.66168976
0.7514772
0.38426775
0.19818045
0.17371733
0.2162793
0.22350916
0.36864153
0.3612844
0.23415783
0.26857236
0.2718557
0.25440615
0.4125102
0.82009363
0.7136302
0.8351742
0.7052621
0.5629394
0.21001826
0.18886928
0.19705313
0.22964731
0.82709575
0.7442135
0.8669756
0.8728075
0.77785337
0.85254264
0.7416164
0.66508734
0.65037245
0.8056752
0.26354054
0.24994789
0.84650403
0.13350648
0.09391183
0.07897217
0.075602286
0.11483467
0.0834836
0.09000834
0.76454335
0.74032384
0.7293258
0.7519224
0.89057666
0.13094245
0.0920397
0.113977045
0.12330877
0.63008183
0.13326514
0.13112967
0.16585612
0.8275729
0.23948975
0.25177526
0.8395396
0.69470495
0.7246805
0.8587654
0.6836753
0.16915889
0.18429315
0.11146501
0.10524722
0.17216718
0.16317734
0.88926893
0.900437
0.15194872
0.17037272
0.13125494
0.77903557
0.082386605
0.05583508
0.051777016
0.063868605
0.06301957
0.07961805
0.8585185
0.80131686
0.8646039
0.09860484
0.07704787
0.058089603
0.05277835
0.05997972
0.08473244
0.75318295
0.73045
0.7697973
0.1153136
0.09376273
0.07495928
0.07347221
0.09437923
0.089188986
0.09268992
0.12592039
0.14631385
0.6465143
0.6242902
0.6008188
0.22262095
0.2543391
0.19838451
0.343508
0.86245674
0.7658851
0.7808915
0.8785769
0.79535383
0.8069126
0.8788021
0.7477527
0.6581207
0.21144608
0.1492952
0.16962883
0.16537416
0.685549
0.87310195
0.7606999
0.10968524
0.0885254
0.13814664
0.09368251
0.11810961
0.066302195
0.05479001
0.054868124
0.059886873
0.08076412
0.80015355
0.10355736
0.08410766
0.105396435
0.8723299
0.86908036
0.9216942
0.91100293
0.16283539
0.16471098
0.8412713
0.090128906
0.05927013
0.06028524
0.08756663
0.8815807
0.90614694
0.87015074
0.87106556
0.90891564
0.86996806
0.91216105
0.9032369
0.26119158
0.8190699
0.10397347
0.08317082
0.12094273
0.871409
0.106244124
0.07427413
0.09895998
0.08820225
0.15548052
0.85329807
0.10734547
0.07962908
0.08404606
0.08015467
0.083524466
0.1266489
0.79990965
0.12561586
0.13436677
0.12751128
0.1603228
0.8499743
0.18551835
0.18457186
0.18382585
0.16512816
0.5916525
0.26487628
0.26935425
0.75967073
0.22891621
0.2258804
0.61696786
0.6261674
0.17910933
0.15281771
0.1255891
0.13751535
0.20111108
0.57736516
0.31295452
0.66942495
0.3535606
0.27965292
0.3761609
0.29490426
0.5511623
0.22732575
0.2422854
0.19829485
0.19351673
0.21124347
0.25999722
0.65076476
0.37213504
0.34623957
0.59190387
0.6854355
0.59920913
0.42836013
0.6522484
0.27426955
0.21437526
0.27201834
0.2858412
0.42258328
0.6961361
0.43467683
0.5595185
0.7200014
0.43807086
0.47636357
0.72932774
0.8399059

