0.8629525
0.838514
0.7509676
0.70497376
0.7135912
0.7096274
0.82108647
0.38017425
0.36842117
0.85703087
0.8664997
0.6560969
0.52109724
0.179857
0.16337562
0.6026535
0.84011936
0.6701046
0.678371
0.8728075
0.12771049
0.08480597
0.09459243
0.08443453
0.101016484
0.10060867
0.08140733
0.12385069
0.069453396
0.06998152
0.09732637
0.82614505
0.08911166
0.06814687
0.071583875
0.09417589
0.8377286
0.851881
0.086019196
0.053550124
0.04641368
0.049615394
0.07119244
0.09304642
0.8970307
0.8782748
0.86610025
0.8865475
0.08879004
0.06171481
0.063763626
0.098897405
0.85954285
0.13677976
0.13326268
0.7627963
0.7637625
0.11260915
0.10066158
0.07386916
0.0934851
0.7166396
0.13827582
0.16668381
0.883742
0.7332277
0.12673657
0.11807339
0.11416896
0.19189265
0.19207627
0.10146523
0.100402094
0.10782172
0.11739317
0.15308948
0.2979835
0.24372238
0.85478026
0.8382382
0.28811184
0.3164597
0.5870103
0.23268938
0.30673346
0.19072182
0.17547704
0.6094883
0.24239647
0.17630048
0.19304782
0.113542594
0.102950804
0.11622859
0.12567577
0.14409186
0.18148898
0.8459966
0.18566307
0.15083405
0.14217152
0.15181442
0.6606288
0.30508542
0.14233832
0.11377326
0.111300796
0.12336464
0.72524416
0.27655816
0.14822288
0.16884817
0.7713834
0.75794643
0.8778108
0.75770915
0.7473272
0.7770514
0.8891835
0.7835139
0.10277828
0.081373386
0.11171853
0.87174875
0.1671204
0.07315803
0.06889428
0.09839986
0.8824987
0.9242978
0.095188335
0.05887237
0.05309301
0.06609956
0.112500004
0.88046837
0.21149203
0.101933904
0.12434759
0.8237059
0.2581438
0.88391215
0.8829691
0.8825365
0.8798566
0.24611007
0.8429509
0.17344972
0.100891545
0.15960254
0.88028353
0.107385494
0.07841504
0.059121896
0.06839049
0.118783176
0.90557945
0.20256934
0.0763069
0.058637217
0.06447243
0.060864225
0.057093825
0.057518497
0.0608909
0.07068406
0.084154084
0.07484479
0.06703756
0.07045709
0.08436596
0.12531571
0.78137314
0.11995555
0.10165342
0.11136134
0.1471145
0.8664358
0.1436645
0.11763419
0.1251551
0.18377924
0.588434
0.575733
0.6344639
0.65484023
0.8456074
0.67977107
0.17768373
0.20224659
0.100399904
0.08302557
0.08589053
0.1192556
0.14368142
0.8801215
0.7590422
0.7590692
0.7907097
0.8967541
0.11403121
0.07851361
0.07082245
0.07514329
0.08858196
0.12170054
0.14152752
0.6915394
0.8633079
0.67324513
0.16449538
0.10878423
0.09373821
0.12573363
0.14373039
0.14532655
0.87243235
0.1407733
0.10952396
0.18140832
0.80987686
0.10553158
0.086225405
0.08709417
0.052795324
0.048392177
0.05302781
0.07057749
0.8709028
0.9172977
0.8314906
0.80813
0.88981885
0.11614253
0.10685436
0.09071003
0.10944393
0.88972837
0.9097474
0.82624465
0.8179428
0.89879024
0.11322137
0.08482287
0.12917045
0.8505548
0.08521343
0.06307279
0.049643233
0.0577254
0.08642468
0.90733874
0.92590076
0.9278462
0.9303076
0.15105388
0.0921162
0.05104655
0.045916017
0.044084072
0.047488343
0.04674463
0.046202198
0.050004
0.06841678
0.07210241
0.08406186
0.747141
0.719831
0.74646854
0.7635225
0.9062707
0.09977418
0.062395334
0.057014264
0.068305366
0.10070375
0.1419792
0.11885365
0.6747168
0.16113172
0.13909039
0.15612516
0.8554113
0.15977529
0.14039327
0.19566968
0.12700908
0.12264884
0.1554683
0.63881356
0.8415667
0.17573148
0.15423088
0.2358986
0.18403727
0.15394138
0.6607681
0.17045999
0.12683994
0.1686026
0.8274375
0.81637007
0.9044862
0.89481634
0.16296439
0.14557672
0.22747725
0.62680453
0.17712985
0.2147424
0.17109333
0.15113252
0.16851714
0.68517184
0.8702815
0.8758538
0.7577215
0.77552253
0.8624453
0.7661816
0.841902
0.62684405
0.40917557
0.8127414
0.2638899
0.30255422
0.16099261
0.13781781
0.12352648
0.12162355
0.11888815
0.14418587
0.6762962
0.83318686
0.23412071
0.20553897
0.24675393
0.23641714
0.3772029
0.44310597
0.56982213
0.2957578
0.2617394
0.23803228
0.1970987
0.27251375
0.18292715
0.19941384
0.5881699
0.6072392
0.6380323
0.80994934
0.24828044
0.30900875
0.16086686
0.16005695
0.7277939
0.16244662
0.10686623
0.10293238
0.134951
0.15224588
0.8902456
0.90201926
0.10553928
0.07961468
0.09858856
0.82044977
0.92180985
0.110319845
0.060619436
0.05155154
0.05771792
0.048542846
0.046539072
0.048640393
0.05102624
0.067477375
0.071416184
0.074856445
0.8676257
0.8633257
0.8926628
0.9225155
0.8908573
0.8801316
0.8676837
0.90559024
0.095928326
0.069130555
0.07209057
0.09821028
0.9049348
0.92737556
0.090630345
0.055682085
0.04888851
0.042436402
0.04312168
0.051930055
0.053883545
0.070504956
0.90539706
0.9259781
0.9443333
0.93692386
0.107842095
0.08689383
0.053184167
0.045552462
0.051646832
0.074722886
0.8171222
0.710499
0.78838456
0.14096238
0.14039655
0.8861439
0.8309419
0.9241027
0.20054525
0.07621177
0.052837644
0.05267834
0.04888179
0.056282345
0.07812582
0.07031835
0.09041875
0.14809477
0.8660432
0.9140139
0.9046658
0.7487125
0.27299845
0.29972363
0.23288266
0.87454194
0.90064913
0.12113424
0.12125494
0.06068856
0.048413567
0.0520335
0.08390208
0.080194525
0.10497737
0.09635874
0.07119131
0.07638197
0.88156873
0.8804369
0.900997
0.92699665
0.112747885
0.104183614
0.07822457
0.08241978
0.109659925
0.08029983
0.06203699
0.05991305
0.064297296
0.0921001
0.119852856
0.8713651
0.7392991
0.87900144
0.8661355
0.72232175
0.7153208
0.8120103
0.7350022
0.8333074
0.8283739
0.73371714
0.8155857
0.803802
0.19950075
0.15848427
0.15284295
0.16350114
0.31617993
0.29177567
0.26844454
0.48020172
0.6764956
0.26829952
0.23475924
0.27827764
0.33705086
0.7605747
0.73805594
0.2816192
0.28852364
0.2904952
0.2666835
0.37739894
0.40858248
0.37446105
0.74363595
0.32669324
0.24463813
0.17400791
0.17106475
0.17329529
0.21157743
0.8174511
0.713545
0.8465268
0.84646034
0.20202394
0.22420414
0.15641914
0.11913878
0.14349519
0.8803039
0.73555225
0.1155523
0.118071444
0.07859306
0.058872707
0.054227415
0.05567888
0.06635893
0.053110383
0.05377602
0.058807123
0.084764555
0.8854064
0.82695824
0.9210285
0.09648347
0.05580927
0.048956122
0.05382613
0.072527155
0.8614895
0.8662646
0.88084596
0.9116142
0.8706278
0.87763137
0.9140978
0.8826448
0.8902871
0.91198623
0.09486723
0.060515374
0.06814628
0.061705492
0.0832652
0.8910879
0.8173095
0.92229784
0.20311098
0.08990503
0.10593848
0.061222598
0.065324016
0.05303235
0.054293755
0.065597504
0.11007311
0.10165889
0.10170786
0.69414836
0.7143578
0.1031222
0.099996515
0.15422265
0.119501986
0.09412707
0.08872749
0.08636925
0.07929593
0.08069538
0.086692765
0.10243541
0.12541932
0.114862695
0.12319177
0.18786377
0.65699375
0.6574411
0.17799003
0.11164365
0.08964856
0.09706908
0.16906069
0.13297537
0.2083347
0.20013072
0.34523624
0.8828027
0.79578954
0.8050222
0.8956089
0.76506865
0.2291585
0.20875585
0.14390552
0.11272566
0.14094481
0.16010642
0.85246843
0.16994439
0.1485519
0.2443963
0.12946145
0.113906145
0.12478519
0.24050479
0.15274148
0.22725376
0.12808444
0.14073154
0.13407157
0.7303292
0.10402927
0.08689556
0.113139845
0.13631696
0.8548623
0.17912109
0.16616048
0.87693083
0.8895758
0.16571444
0.17645852
0.8722125
0.10943709
0.057754986
0.051161762
0.068873964
0.080931
0.078392304
0.07666743
0.8933202
0.9326528
0.85387814
0.9311795
0.13780646
0.056637645
0.04133801
0.038327694
0.038660213
0.040863942
0.049156383
0.05130959
0.08007183
0.9213954
0.9325816
0.9481755
0.9314763
0.08385254
0.0519876
0.042700578
0.039850798
0.040413123
0.04358875
0.045965996
0.05291442
0.077303454
0.84675974
0.7847767
0.91612715
0.12235008
0.08813934
0.08377928
0.090478785
0.104535505
0.8120297
0.118024975
0.12676564
0.081827454
0.0975977
0.7894735
0.7256223
0.7732474
0.12474819
0.07447803
0.06776768
0.082255244
0.10072849
0.1435334
0.86558676
0.69911593
0.20240822
0.28209582
0.1440892
0.16161358
0.11817136
0.15038909
0.13360205
0.14612947
0.19527622
0.62909067
0.72520596
0.6226601
0.25124034
0.23047146
0.31389633
0.22957058
0.28742847
0.68239546
0.25105402
0.20753926
0.27470344
0.30433226
0.5085639
0.4324819
0.43994024
0.79131943
0.77877754
0.41370806
0.40283686
0.5479479
0.80798703

