0.8639784
0.78247076
0.27149668
0.21077038
0.23290393
0.20775844
0.24521129
0.23461573
0.728173
0.8704193
0.85410833
0.498591
0.36064664
0.61439794
0.8243717
0.70481855
0.83065665
0.6708737
0.67165786
0.84366393
0.67972904
0.16373517
0.20009118
0.71984607
0.17044757
0.13652103
0.09582629
0.16261925
0.06877776
0.057715926
0.05895524
0.05689987
0.054192085
0.053369373
0.05865425
0.060969252
0.08431766
0.8781575
0.8047529
0.88967794
0.0905089
0.067174956
0.10192678
0.07445526
0.052716404
0.053762417
0.07096975
0.06928618
0.07744986
0.09941486
0.097202405
0.11658263
0.20090999
0.13025264
0.10917956
0.14336607
0.11692379
0.123885706
0.2152645
0.106542714
0.12092669
0.6889198
0.12948035
0.13288778
0.24228689
0.67826134
0.66498345
0.6958561
0.14336948
0.16486105
0.14308308
0.108822994
0.7626975
0.73155624
0.7710355
0.82132953
0.9089133
0.86114264
0.91960406
0.92047477
0.10638864
0.07826805
0.06627081
0.054871373
0.066657946
0.06614141
0.09016273
0.7819503
0.13374555
0.10221348
0.10655379
0.08214841
0.0824596
0.09787848
0.11352885
0.13355555
0.68721205
0.3060978
0.15902306
0.12653638
0.11798788
0.11670874
0.16016941
0.8680906
0.1427574
0.10294581
0.09571348
0.105060376
0.75578845
0.88460344
0.7287445
0.13076086
0.101824895
0.12737735
0.8619772
0.74365723
0.7489926
0.7944798
0.889545
0.7359117
0.13140851
0.11268221
0.13891159
0.8589939
0.20311037
0.09755429
0.0845098
0.11852829
0.77787673
0.9068346
0.09904778
0.06169033
0.057314858
0.07458838
0.109158084
0.8884634
0.8899678
0.16680211
0.17478932
0.7799839
0.27330112
0.8723819
0.8319302
0.8164203
0.8003632
0.24273308
0.74249315
0.2638265
0.17123443
0.7876365
0.8879698
0.13028203
0.12720852
0.08402092
0.09089061
0.13172278
0.88143647
0.23549466
0.112714596
0.09217964
0.11210217
0.09704428
0.09172666
0.10041887
0.12464658
0.6625559
0.18722259
0.13587625
0.11716726
0.12292544
0.14322782
0.20572205
0.6010372
0.17921397
0.14936443
0.15463491
0.18671419
0.85782397
0.16303198
0.12025814
0.10845595
0.13929307
0.11293946
0.119762346
0.17060952
0.71889776
0.8876837
0.7412469
0.16981834
0.21935068
0.087586395
0.07086001
0.07557926
0.115026906
0.14496613
0.8860558
0.76634026
0.7703994
0.7930333
0.904582
0.10048147
0.064495675
0.056234647
0.060745906
0.07522002
0.10772112
0.12513486
0.72049296
0.87444377
0.71773106
0.15549338
0.09461788
0.08041267
0.10913434
0.1284167
0.13647637
0.8778184
0.13311017
0.10260301
0.16815303
0.82402164
0.10102602
0.07806809
0.075696215
0.050297275
0.047203794
0.052067857
0.06957848
0.8769963
0.92061216
0.8501662
0.82880557
0.89535403
0.11254239
0.1019287
0.08651531
0.10657074
0.8905553
0.91301346
0.8423309
0.8359265
0.90195704
0.112645924
0.0847446
0.13030949
0.8522842
0.085004285
0.06303178
0.04944471
0.05748232
0.08620922
0.9079385
0.92745256
0.9291974
0.9307276
0.15035643
0.09289378
0.05110332
0.045838196
0.043925177
0.047363795
0.046701793
0.04601939
0.04992429
0.069211364
0.07301317
0.08317252
0.80918235
0.7592921
0.7799465
0.7990164
0.91290843
0.10619936
0.06378273
0.056035195
0.06466483
0.096897945
0.14636564
0.118146695
0.7430895
0.1663174
0.13744546
0.1526957
0.85513246
0.15144196
0.12698427
0.17616104
0.10811413
0.10319579
0.14037907
0.6872591
0.86484456
0.13121733
0.10958744
0.185926
0.13689466
0.12321473
0.77167904
0.13946596
0.09954671
0.13180938
0.85799
0.84172994
0.91255254
0.9032852
0.14876753
0.12330683
0.2131694
0.64095074
0.15490216
0.1884096
0.1378394
0.12286201
0.14428799
0.6872455
0.8693968
0.87079585
0.7481738
0.7661718
0.8552239
0.78036976
0.86746
0.8578529
0.70129037
0.30057618
0.15595417
0.1468352
0.25052384
0.15288119
0.14961144
0.17311098
0.57513785
0.13662647
0.13342212
0.1971598
0.16207555
0.5225682
0.6330286
0.68022496
0.86532885
0.85964805
0.6643013
0.23664436
0.19723953
0.15896077
0.2019881
0.8220125
0.16127916
0.12514168
0.12030154
0.12485979
0.16494346
0.2956065
0.2044219
0.31025153
0.17791335
0.16398412
0.1698377
0.221552
0.42531955
0.22373201
0.24476688
0.553673
0.86983323
0.87706715
0.749459
0.8356466
0.26861244
0.24152026
0.32073963
0.27978072
0.238055
0.602685
0.81657356
0.26010025
0.22529411
0.30875653
0.65757823
0.838825
0.38579738
0.20599137
0.17734283
0.180574
0.20440385
0.4471227
0.62858844
0.58332616
0.33735844
0.36163428
0.29913118
0.3702296
0.6356569
0.6886231
0.850129
0.82669216
0.36967358
0.35696918
0.76015216
0.2794856
0.24368362
0.30737126
0.18672131
0.1875649
0.19459239
0.25283265
0.85404706
0.85724854
0.7461446
0.8512524
0.709732
0.6445481
0.60192084
0.2802962
0.18919225
0.16436146
0.16537777
0.1801792
0.7325371
0.8629991
0.7458384
0.8657622
0.8624598
0.1893405
0.13600212
0.16927882
0.16526332
0.70291024
0.8354754
0.24861509
0.27833307
0.40127215
0.80396515
0.8987015
0.90013254
0.76462376
0.3826531
0.37693095
0.30521294
0.86190814
0.8635146
0.22157536
0.2678763
0.17262879
0.17493346
0.7266617
0.865348
0.7600898
0.8701196
0.8547946
0.22128165
0.18913269
0.22188322
0.21900529
0.7604718
0.88244826
0.7867396
0.8856375
0.7489875
0.20662574
0.2647114
0.16595255
0.11449538
0.10902922
0.10008174
0.11475286
0.1748075
0.864639
0.76240075
0.8818493
0.88165724
0.74675155
0.76243937
0.8651168
0.7861781
0.8828059
0.8907113
0.80190516
0.8867778
0.88139194
0.1517522
0.12104021
0.13038775
0.16527985
0.8565328
0.7384983
0.6581264
0.48563448
0.3793121
0.29448214
0.60782194
0.7056624
0.73415303
0.87619257
0.86557466
0.27586263
0.28572688
0.3319301
0.7388835
0.8793938
0.883201
0.75747854
0.8711991
0.74692464
0.67542315
0.13694046
0.103341065
0.09608128
0.10416944
0.20902275
0.1756501
0.8891702
0.8961886
0.14486521
0.16151375
0.10289603
0.08139505
0.11511819
0.9004194
0.7933018
0.0990771
0.083217055
0.058691904
0.05069382
0.04968788
0.051112026
0.056600478
0.049030837
0.050618477
0.056645673
0.08414404
0.897314
0.8595343
0.925696
0.09368797
0.05446445
0.04758725
0.052750185
0.07169585
0.86452115
0.873681
0.8887679
0.91330266
0.8807079
0.8879167
0.91723025
0.8951818
0.90144044
0.9154829
0.09100506
0.056953218
0.05981504
0.057169564
0.079530105
0.8951185
0.8325605
0.9268713
0.1975247
0.08587099
0.09714008
0.058789898
0.062200237
0.051647685
0.052215964
0.06091553
0.09953318
0.096412115
0.09863714
0.7553138
0.7358902
0.1090563
0.102528565
0.15346605
0.1332939
0.13900484
0.6663698
0.6404165
0.6490598
0.6468463
0.6415779
0.1783065
0.15491754
0.12402115
0.11869967
0.18423483
0.21982133
0.6259759
0.6302528
0.2087
0.14523706
0.1436096
0.17089988
0.26395667
0.7479322
0.67774296
0.80386716
0.80212116
0.6808959
0.6729843
0.75393784
0.6685963
0.664682
0.7222983
0.24751383
0.19255958
0.24012437
0.21667145
0.24680914
0.20738533
0.25151154
0.6777008
0.25842184
0.25867087
0.5769351
0.42495725
0.26243195
0.26041448
0.1877164
0.23350081
0.16822267
0.12720786
0.12856664
0.15579925
0.26774824
0.5693262
0.3724009
0.27301463
0.30573964
0.7846499
0.78556746
0.57723224
0.27754948
0.32128254
0.26048002
0.20003901
0.21898943
0.55328965
0.75116813
0.46801838
0.37895668
0.5636059
0.4399986
0.36213478
0.8357599
0.26436785
0.10736274
0.070679486
0.06389754
0.062345114
0.067832
0.095515884
0.07411157
0.09808784
0.8998746
0.821919
0.92125916
0.8367528
0.09092864
0.063148364
0.064401485
0.05569167
0.06255914
0.085891426
0.08113827
0.07921804
0.099864334
0.08493938
0.08656802
0.11809352
0.07330622
0.06834332
0.059610683
0.051519554
0.057588283
0.080098584
0.8655138
0.92178816
0.7963791
0.8274313
0.10329725
0.07529232
0.09504167
0.82439715
0.08848659
0.074357
0.05547592
0.060065273
0.09294814
0.9117061
0.90833294
0.9018643
0.93219775
0.09677658
0.055423964
0.0456631
0.049955174
0.050910484
0.055953346
0.06769984
0.09533025
0.8836674
0.72781754
0.70550466
0.7167412
0.21302144
0.1041776
0.10610385
0.16968563
0.10349016
0.098761
0.13345054
0.13754383
0.21730381
0.85620934
0.75491977
0.8746048
0.87438476
0.77028805
0.806353
0.87823194
0.801624

