0.82898414
0.6161624
0.35387182
0.3618296
0.68603784
0.8227269
0.47012794
0.35820705
0.64405215
0.8641659
0.8760491
0.84648865
0.31324512
0.2827852
0.37079993
0.53603995
0.3409428
0.22922757
0.22839913
0.8095085
0.21010658
0.1876059
0.6837574
0.694756
0.18312366
0.1438648
0.10149682
0.18260758
0.07200383
0.060425613
0.06273353
0.060060535
0.056781087
0.055911627
0.06187891
0.062884256
0.0856941
0.86824465
0.79810005
0.88428485
0.0919236
0.070173614
0.116336316
0.08230407
0.05619082
0.058546104
0.08416574
0.07709244
0.08426808
0.10799677
0.10431548
0.12614556
0.22304127
0.15506376
0.13551198
0.1873211
0.15401633
0.16946203
0.2888466
0.1972204
0.57365197
0.5093778
0.27994308
0.5903332
0.79414743
0.3322522
0.60192066
0.6955758
0.7368285
0.8826896
0.8918577
0.7767834
0.6808948
0.5904917
0.27752173
0.72458905
0.85587525
0.48895147
0.8831482
0.89242667
0.15766175
0.13861638
0.12574661
0.10432408
0.16496561
0.11859816
0.13165884
0.61194247
0.62702954
0.60949224
0.63540107
0.618532
0.63527644
0.17961954
0.14437924
0.1470836
0.6378024
0.26308805
0.12677372
0.10303432
0.10684526
0.14426404
0.16282421
0.87722737
0.12305929
0.08198411
0.07720265
0.09115944
0.80471516
0.89931715
0.76631963
0.11335726
0.08734757
0.11252112
0.8697628
0.7919907
0.8036367
0.83532506
0.9075794
0.7982011
0.10739635
0.08517774
0.11423812
0.8659328
0.17164445
0.07874904
0.071807876
0.09992042
0.85310197
0.9175861
0.09503059
0.05875498
0.0533627
0.06636942
0.10383587
0.8897358
0.8957623
0.1593619
0.16636786
0.80098325
0.27108046
0.8757151
0.8654037
0.85957164
0.85023904
0.23731682
0.80148476
0.22749119
0.15620872
0.85513484
0.91163546
0.10509103
0.080466956
0.05946741
0.06861764
0.1166031
0.8985229
0.18417275
0.07939889
0.06341746
0.07608695
0.0706653
0.06808137
0.07709122
0.102773264
0.766287
0.15036675
0.1078595
0.09116828
0.09542018
0.112651914
0.17179495
0.6824673
0.14975815
0.12731957
0.13434313
0.16252129
0.30234608
0.18711387
0.19609486
0.60898536
0.6175848
0.20841232
0.18533136
0.22226858
0.22090583
0.8277543
0.25506693
0.250984
0.8485523
0.15803899
0.109646805
0.1047124
0.14998242
0.14633872
0.25586534
0.6583564
0.21141617
0.3104017
0.89283377
0.790727
0.10303238
0.06476189
0.05130928
0.05517829
0.068456165
0.07308628
0.109892346
0.91303355
0.8371164
0.0966068
0.056920957
0.047295306
0.04955447
0.05346704
0.060941692
0.106503084
0.8789225
0.7924407
0.8491336
0.1063042
0.09040224
0.15407297
0.8844633
0.86494756
0.87869155
0.8728193
0.845631
0.86672246
0.15756118
0.08688698
0.10379617
0.88954335
0.8588437
0.92369
0.12073017
0.074359976
0.09067707
0.0880989
0.06058275
0.061555848
0.09497418
0.07532684
0.08095015
0.1387753
0.10745019
0.14495687
0.8477486
0.231711
0.28996405
0.6881955
0.6536398
0.68765223
0.7091374
0.727876
0.872728
0.87461764
0.72253966
0.85827816
0.6754659
0.1209455
0.09790189
0.094495974
0.1266604
0.8933547
0.80069715
0.102047406
0.06434272
0.058676813
0.07042381
0.12259898
0.89872795
0.111640826
0.065383814
0.054259714
0.05241784
0.057680547
0.06288971
0.05455363
0.061974306
0.09237162
0.8720895
0.27289855
0.89932144
0.10817996
0.061037485
0.05389203
0.04739617
0.05141288
0.04921598
0.058500446
0.13322148
0.9228478
0.92987305
0.9437053
0.12490502
0.05929653
0.0478742
0.04544164
0.044639874
0.052458882
0.06508909
0.089046694
0.897202
0.9037055
0.25374183
0.81639713
0.18219301
0.10406718
0.13691433
0.8600957
0.14884987
0.086765535
0.08471115
0.10671386
0.87418014
0.8817932
0.77874607
0.80075336
0.8756119
0.79985994
0.8826729
0.87650514
0.7737235
0.8639782
0.13878712
0.08982684
0.07880641
0.09023607
0.100796714
0.11734831
0.14583409
0.6188982
0.6409456
0.7255338
0.23807478
0.20601127
0.25315583
0.29562208
0.6877474
0.44357902
0.32913607
0.5401277
0.30494195
0.2513236
0.57352453
0.32852933
0.16590962
0.13767684
0.13979383
0.16165194
0.22125159
0.7728564
0.2659384
0.33354184
0.22014384
0.22923085
0.5395207
0.5598475
0.20324461
0.18566987
0.22849914
0.25323585
0.8446339
0.8752788
0.12767854
0.089167945
0.08591615
0.09505254
0.15180798
0.10097065
0.066650346
0.06646642
0.08460747
0.059859604
0.059353013
0.08353532
0.88172454
0.92814356
0.92545813
0.79800516
0.1075037
0.0890146
0.11959075
0.8623462
0.1475214
0.0939954
0.10141726
0.15124539
0.14551447
0.16349667
0.19013086
0.7224104
0.88228714
0.87892187
0.17582592
0.15310705
0.20596114
0.12847422
0.1234298
0.18326437
0.14699583
0.13587719
0.68944556
0.7409869
0.8974387
0.89325845
0.20070052
0.23411222
0.16404504
0.112470224
0.11075224
0.15073285
0.12632976
0.116003394
0.11553042
0.11640347
0.14663015
0.8715387
0.7521903
0.88410693
0.8865002
0.15465629
0.10923345
0.12937626
0.13224943
0.706121
0.85108733
0.2189511
0.23794389
0.35970277
0.81480277
0.90186036
0.9025992
0.77154064
0.36070523
0.3390402
0.2882674
0.86137384
0.8636886
0.21471564
0.24198914
0.17549616
0.17718934
0.6988909
0.86390996
0.751216
0.86990035
0.8611272
0.18859488
0.1574979
0.17860015
0.17452516
0.78160006
0.887876
0.7942239
0.88759893
0.74958766
0.21114554
0.24656689
0.17872268
0.13174382
0.120701924
0.113091946
0.12706436
0.7066353
0.87434924
0.7794762
0.8863681
0.881873
0.722106
0.71216124
0.82520694
0.297256
0.3349012
0.33695978
0.2986338
0.8567977
0.86180323
0.16843139
0.15808547
0.6292307
0.26111034
0.8591238
0.80428797
0.80373746
0.8893368
0.8685516
0.27821997
0.4932503
0.26588875
0.26073265
0.85172546
0.84655696
0.23141722
0.24417518
0.25398737
0.26632336
0.85242856
0.86287427
0.74960405
0.85491884
0.75752133
0.71479493
0.80303264
0.26039454
0.2223376
0.2545176
0.82357305
0.733479
0.8629897
0.8620621
0.6795699
0.2723397
0.17603175
0.12916467
0.150383
0.8749509
0.7320472
0.11640342
0.11996325
0.07961848
0.059235755
0.054370757
0.055820033
0.066822015
0.05321591
0.053837888
0.058825023
0.08473718
0.8858106
0.82919
0.92132676
0.096515484
0.055799995
0.04895002
0.053804994
0.07245338
0.8618106
0.8675639
0.8819451
0.9118302
0.8715656
0.8783888
0.91425574
0.8831365
0.8907746
0.91209066
0.0950926
0.06068379
0.06850021
0.06183224
0.08324895
0.89050376
0.8147015
0.9215759
0.2036556
0.09087308
0.10879581
0.06258346
0.0680286
0.054306258
0.055527925
0.06730187
0.11645652
0.10643284
0.10444335
0.70577306
0.7245297
0.10799316
0.10600776
0.16527206
0.12608013
0.09650284
0.087600954
0.0828535
0.09269696
0.11826417
0.66970474
0.15443546
0.17415409
0.7121844
0.117810965
0.11812692
0.13056113
0.8150935
0.113906905
0.06766677
0.056480706
0.062920585
0.10245958
0.118068896
0.8865087
0.8439632
0.90721816
0.90649855
0.8344114
0.83052903
0.8912838
0.8260742
0.8350045
0.8909447
0.79333186
0.1523385
0.16070801
0.1741785
0.82296044
0.17680958
0.15363306
0.28969592
0.6157317
0.6021042
0.23836885
0.3353753
0.2948457
0.82162344
0.16364443
0.10529603
0.10141202
0.09064304
0.09894933
0.121840864
0.20128673
0.57777095
0.24961065
0.19988555
0.24207179
0.83740395
0.8307345
0.5780497
0.31887203
0.40102836
0.56450844
0.4965528
0.25787258
0.25042844
0.39751646
0.8028351
0.6562331
0.6658644
0.82284576
0.7200855
0.86615187
0.22388078
0.09489942
0.06325208
0.05775847
0.05677112
0.062204104
0.08686245
0.069675855
0.0944065
0.9025537
0.8336672
0.92523307
0.85151666
0.09128887
0.06288966
0.06270486
0.05436506
0.0606767
0.082009725
0.07845109
0.0806001
0.10858761
0.12099175
0.75519913
0.17064695
0.08356993
0.07322997
0.06258331
0.053096846
0.059728317
0.08372317
0.8597469
0.9198055
0.7917754
0.8211832
0.103527635
0.07534346
0.09509555
0.8229578
0.088715926
0.07486682
0.055687528
0.060259633
0.09324085
0.91166013
0.90789574
0.90138966
0.9321086
0.0967968
0.05549356
0.04572113
0.049868815
0.050750803
0.055781055
0.06757484
0.09573137
0.88311726
0.7238358
0.701348
0.71037066
0.21005164
0.102775685
0.10407653
0.16337542
0.10960359
0.11431784
0.1708518
0.49674657
0.36550283
0.8492325
0.7688694
0.8738351
0.8719827
0.7562567
0.7588587
0.7983098
0.85858

