0.8283688
0.61471844
0.34401298
0.32076263
0.4355275
0.8532821
0.86944824
0.7462604
0.7786149
0.8778541
0.88561696
0.86683816
0.6601317
0.3294749
0.31108463
0.5740795
0.7597087
0.35293213
0.35883757
0.76730937
0.55125934
0.25444
0.2703597
0.23047641
0.272458
0.26625618
0.20734929
0.31763598
0.16956215
0.15863824
0.18142948
0.20752056
0.5790803
0.23917164
0.2649599
0.24956836
0.5900844
0.59292006
0.21450543
0.17133293
0.17420326
0.20642328
0.8215409
0.24305102
0.15951198
0.15199664
0.20244178
0.60735285
0.19777149
0.23510565
0.6803163
0.7007758
0.8932426
0.11904686
0.07421299
0.07777402
0.06661993
0.07488226
0.11785528
0.10513358
0.8198561
0.10174784
0.08694646
0.12605152
0.8700991
0.25446913
0.8402913
0.10165863
0.06829181
0.08223138
0.08145582
0.07881042
0.8487572
0.8329198
0.8717615
0.89111984
0.92646796
0.90290534
0.9319947
0.9295834
0.08892141
0.058147468
0.04846277
0.046086077
0.061706826
0.05053989
0.0495372
0.057027407
0.07191064
0.07269747
0.08142769
0.06303169
0.062518395
0.07338232
0.08558925
0.10125203
0.71492547
0.86448747
0.6699414
0.6541219
0.1667635
0.15781882
0.6402893
0.2410925
0.13103402
0.11317331
0.11718217
0.1407613
0.16852129
0.29998115
0.21130311
0.60832787
0.5953768
0.24382672
0.31932724
0.1934739
0.19126205
0.28427392
0.8368814
0.19492738
0.16710468
0.16852418
0.19091633
0.83992404
0.3470979
0.1916123
0.16580766
0.23960316
0.7151242
0.8685966
0.7303912
0.6983068
0.6997493
0.71509194
0.7103838
0.8459737
0.35586193
0.20370154
0.23403034
0.2711533
0.6944234
0.8715446
0.73941654
0.1499401
0.14284529
0.100286655
0.095855415
0.20501544
0.09033835
0.0941594
0.19621773
0.09761909
0.16012584
0.0824569
0.079521485
0.09199561
0.2535361
0.907271
0.77599514
0.8359823
0.12296374
0.068149686
0.053399675
0.0580813
0.08854152
0.094528235
0.13312685
0.15222105
0.66271186
0.6447983
0.6222424
0.33307374
0.5260874
0.17111783
0.13235854
0.14947075
0.79418856
0.88523346
0.7365784
0.6903833
0.6730339
0.66655964
0.14554524
0.12621035
0.183886
0.66783273
0.422606
0.6829531
0.17836411
0.2394641
0.08887905
0.07040971
0.07380321
0.109490134
0.13879387
0.8882772
0.7722297
0.7771276
0.8000907
0.9077433
0.09711263
0.061337456
0.0526494
0.056314018
0.0697954
0.09975862
0.120394915
0.726833
0.89787966
0.13359715
0.1065433
0.073606245
0.0643601
0.08100888
0.08556799
0.07871375
0.11560304
0.83318406
0.097672485
0.085188486
0.05950598
0.06009047
0.07788641
0.13224402
0.8805098
0.85688555
0.08923617
0.07049951
0.05691393
0.073426776
0.07941367
0.89424276
0.9306292
0.8808553
0.922797
0.11513254
0.068436675
0.07866941
0.083676256
0.08968605
0.8276532
0.19124398
0.13692214
0.871264
0.9167305
0.88775903
0.88253963
0.9062451
0.1528532
0.15820797
0.8423749
0.08870033
0.06516965
0.06548354
0.077393666
0.17418592
0.8992476
0.11427932
0.071520075
0.057979524
0.07035606
0.08857809
0.8358112
0.80081254
0.92215055
0.14634663
0.07215573
0.051890057
0.05389463
0.07674915
0.0879075
0.13070314
0.08507823
0.07614871
0.07831501
0.090635754
0.124863125
0.17313665
0.09052828
0.0916742
0.10218657
0.09112125
0.09447152
0.15606847
0.13900891
0.6078976
0.23325782
0.17896603
0.61223966
0.6435369
0.27977014
0.8524146
0.12291074
0.09317209
0.14810432
0.11359716
0.11047478
0.81720006
0.12564525
0.089799166
0.1184101
0.87527907
0.86996716
0.9213499
0.9132259
0.13689846
0.10601273
0.17448622
0.7661426
0.13846578
0.16490304
0.116249494
0.0974746
0.10479985
0.13119888
0.8588939
0.8288914
0.31541154
0.41835144
0.8153207
0.73383224
0.83898306
0.8311928
0.72800297
0.7880616
0.68046653
0.6368215
0.62070936
0.6185885
0.6215252
0.17878142
0.12209045
0.124073625
0.17111832
0.29808596
0.20359132
0.20889002
0.26223946
0.31755972
0.7122742
0.6828538
0.32010314
0.3124471
0.31050038
0.29124555
0.58642066
0.6670439
0.24747105
0.19303785
0.1913828
0.21910001
0.5993921
0.6782298
0.31424314
0.38265073
0.28028792
0.55661243
0.18623945
0.19517253
0.15591986
0.16402504
0.21870805
0.22499236
0.36362183
0.359372
0.25363287
0.30926067
0.26489523
0.52507734
0.7679367
0.32709852
0.2726112
0.58163124
0.79352146
0.22943726
0.18925019
0.21733406
0.20746893
0.29727396
0.29371142
0.22481354
0.4197133
0.5167223
0.6836378
0.86375266
0.7579369
0.69096464
0.6883531
0.8228809
0.23666106
0.22908583
0.2314297
0.21648808
0.34506607
0.36333695
0.26437208
0.5398657
0.34544414
0.24661486
0.56535876
0.28315234
0.14354719
0.12908107
0.13271402
0.15794365
0.32510835
0.8805794
0.80924255
0.89181006
0.7605642
0.22555766
0.14683193
0.16386288
0.13082503
0.12078304
0.12203509
0.123742506
0.15886791
0.86604136
0.7505012
0.8821103
0.8835573
0.18156299
0.13104011
0.15239914
0.12187162
0.13530971
0.23021765
0.18239619
0.2722113
0.8628275
0.77544075
0.8835502
0.88708746
0.79111254
0.80766475
0.888626
0.81287366
0.9005798
0.9073664
0.13392822
0.13345516
0.06286686
0.049336776
0.053976238
0.09607071
0.08945615
0.115846395
0.1022299
0.07752953
0.083284914
0.862615
0.8281019
0.8648525
0.9197319
0.11447659
0.11347586
0.084938355
0.09258863
0.123116806
0.08103713
0.06402449
0.06669383
0.07754487
0.12243429
0.15018229
0.86628735
0.7372295
0.87650615
0.8701431
0.6319108
0.3003793
0.40858996
0.70845455
0.87357235
0.88388175
0.77916586
0.8805353
0.87622434
0.25289583
0.18737489
0.56382394
0.16721307
0.22288308
0.1821599
0.1669843
0.8778812
0.88875073
0.11801573
0.089944325
0.11614289
0.78435355
0.40036523
0.8719529
0.15390557
0.15568298
0.83868915
0.10205955
0.094141096
0.08515959
0.06392276
0.07355658
0.05686682
0.04962815
0.048106726
0.05007083
0.05827587
0.08918871
0.86235756
0.28298885
0.8871632
0.9123974
0.89673334
0.9193148
0.8880136
0.8726329
0.28480005
0.8498331
0.16084816
0.16545092
0.8706965
0.09972973
0.061445322
0.056516152
0.0742485
0.071215056
0.07008989
0.10059702
0.8339832
0.15069552
0.14246869
0.78420967
0.23639305
0.17424041
0.7691205
0.25864366
0.82118815
0.10497678
0.06538245
0.06283645
0.087328605
0.15378979
0.12693976
0.10569218
0.17597447
0.13173689
0.20291601
0.86405796
0.14490679
0.12316676
0.1911354
0.14615
0.1635779
0.83079594
0.71008927
0.86225283
0.8613684
0.7449785
0.85644865
0.11781857
0.07753768
0.076245025
0.0961497
0.8090206
0.89282614
0.7708968
0.7193009
0.12555042
0.095945984
0.10642817
0.15437151
0.8721375
0.72652876
0.14062253
0.10299129
0.084420346
0.08440596
0.0896693
0.1011708
0.12882434
0.19040318
0.59009504
0.19290675
0.24778347
0.57089233
0.20831794
0.25149134
0.5698979
0.13408387
0.10936449
0.113330916
0.15193473
0.866675
0.7563869
0.88249534
0.88167083
0.18366571
0.12140793
0.17911577
0.1583921
0.20573807
0.8780329
0.75042784
0.7378421
0.7972323
0.10367881
0.074846216
0.071304776
0.110452004
0.8783445
0.09877953
0.06451859
0.0575516
0.079577945
0.09790265
0.89552623
0.86477053
0.87446845
0.8803956
0.86947846
0.88213164
0.083645634
0.05897154
0.054442663
0.07540183
0.08341515
0.87362987
0.92239714
0.9195943
0.11038243
0.07980279
0.10585532
0.1031457
0.72503823
0.6904246
0.6679305
0.2815185
0.22180815
0.1522788
0.13513346
0.21428803
0.7091087
0.8842928
0.8864235
0.71020544
0.115263194
0.09666738
0.09964977
0.121296406
0.21070938
0.14473149
0.16449833
0.28339437
0.6530859
0.8305603
0.6627686
0.53404385
0.5064315
0.5987963
0.13635433
0.109981135
0.15319863
0.67738473
0.7368448
0.123322606
0.076450035
0.07040849
0.09594528
0.06308491
0.05892607
0.053183056
0.048999414
0.055492416
0.07903258
0.8891543
0.92659885
0.8290142
0.8525165
0.0963272
0.07159899
0.08400226
0.83523685
0.8146283
0.82838976
0.13489433
0.12471979
0.8525872
0.90696967
0.88691586
0.8710946
0.89059013
0.14851369
0.13292111
0.8203408
0.8139238
0.83670026
0.099886455
0.077473775
0.09587089
0.8804448
0.81319094
0.7890963
0.8544856
0.14605203
0.068329126
0.0634636
0.09383966
0.06365557
0.059223592
0.074428506
0.07798072
0.11409521
0.17897542
0.7714479
0.87563914
0.3110606
0.19877483
0.25404885
0.7718746
0.87398165

