0.86104655
0.8429799
0.771348
0.74425465
0.77769566
0.79482
0.8693313
0.78648025
0.8137483
0.8833542
0.8908821
0.8806769
0.7395636
0.71708965
0.8438537
0.7203194
0.82492244
0.25229722
0.21415517
0.28952685
0.17656648
0.15165895
0.20849335
0.18269978
0.23674792
0.2430506
0.18757735
0.3239876
0.15339404
0.13640893
0.14991291
0.15179324
0.1575393
0.16976057
0.21543962
0.17710628
0.1793491
0.21488996
0.18050472
0.17674778
0.21366632
0.68535495
0.80765456
0.65987
0.612858
0.5916818
0.54848546
0.27415085
0.24130976
0.26532304
0.23760438
0.279952
0.75977415
0.6011024
0.55779636
0.31335
0.23669796
0.22923134
0.3156318
0.18438558
0.18535165
0.1891078
0.2042204
0.24655579
0.75109816
0.27278897
0.27529046
0.34012216
0.61216855
0.7974073
0.77299
0.35375094
0.26007578
0.24816065
0.2718356
0.6504255
0.8169937
0.7131739
0.83546233
0.8039382
0.34048465
0.31884494
0.29729426
0.2479988
0.33122262
0.26789618
0.54269296
0.25739154
0.27744827
0.2507081
0.5933496
0.18195109
0.15230975
0.16011865
0.16475153
0.17924581
0.21246059
0.81145734
0.19712217
0.1687798
0.16332981
0.17106096
0.64273506
0.28593788
0.14546564
0.12144586
0.120624036
0.13251938
0.7528861
0.85400593
0.68079877
0.64496523
0.67725587
0.7337006
0.8791216
0.75705564
0.7474607
0.8284276
0.13656147
0.059289947
0.04732951
0.046390742
0.052583694
0.076237164
0.07212943
0.054606758
0.05948799
0.09019053
0.89301324
0.9282752
0.095619306
0.05895856
0.052952234
0.06536474
0.108362064
0.87460506
0.20217082
0.10318485
0.12636065
0.868435
0.88135445
0.91626686
0.8903288
0.88547945
0.88667923
0.86688554
0.8893438
0.18652147
0.10295636
0.1587536
0.87472194
0.10385008
0.07741338
0.057857674
0.0667435
0.11529801
0.90436494
0.20194255
0.07673871
0.060530517
0.072714
0.07686428
0.061216637
0.05872524
0.060797483
0.06882838
0.07931975
0.07033501
0.06305612
0.065325685
0.07787617
0.11661875
0.79455936
0.11243277
0.09308952
0.10320968
0.14502321
0.8800471
0.13099782
0.09815962
0.09608553
0.122264706
0.12093146
0.1470228
0.6655648
0.6637813
0.8567908
0.68980044
0.19035421
0.22188431
0.11044786
0.09163482
0.09530141
0.135058
0.15624326
0.87535024
0.7442132
0.7410909
0.77671146
0.88952935
0.12417719
0.08801103
0.08063887
0.08566205
0.10281808
0.14865234
0.16794999
0.665956
0.8382258
0.21277922
0.20239818
0.15428206
0.14057331
0.20553185
0.21635927
0.16652274
0.2891511
0.17594115
0.1728416
0.60085803
0.59381974
0.27745903
0.34675148
0.8528847
0.16446224
0.110274106
0.09491434
0.09990605
0.13510321
0.26073927
0.18827048
0.7615556
0.8745538
0.73652065
0.8502162
0.25358135
0.18631649
0.26603538
0.2508598
0.18775746
0.68611056
0.29162753
0.20663333
0.790391
0.88522583
0.7591859
0.7431707
0.86948466
0.1725728
0.19492587
0.79590297
0.10635217
0.10370709
0.1101927
0.11157306
0.2522711
0.89173394
0.14467165
0.12061482
0.07824286
0.07398225
0.08654481
0.091332465
0.13596803
0.89990705
0.16133
0.08016598
0.05865005
0.058297366
0.071346655
0.12702668
0.90342575
0.11234873
0.06533082
0.055125177
0.055069294
0.062387437
0.06914459
0.055366375
0.054328915
0.05773527
0.06812755
0.11596681
0.9058054
0.1072759
0.06355516
0.05814726
0.049907375
0.053440824
0.050249387
0.05915593
0.1317094
0.9230823
0.9307431
0.94412404
0.12353248
0.058663905
0.04706098
0.044632677
0.043952703
0.051345844
0.06436023
0.09462915
0.91411823
0.92769504
0.10940562
0.0720681
0.08000161
0.07369851
0.11403193
0.87692213
0.13855757
0.082276806
0.08049144
0.10209163
0.87655514
0.8891921
0.8083865
0.8325124
0.8929997
0.8308807
0.90544796
0.9108387
0.8324802
0.9076666
0.103584394
0.060264867
0.049949292
0.053628616
0.060089692
0.06971674
0.08418968
0.15851659
0.7121345
0.86254287
0.14075871
0.12070374
0.15143311
0.18250073
0.86751807
0.8891478
0.12548839
0.102200784
0.082544
0.05837236
0.061543312
0.083804704
0.05370193
0.050107233
0.055667073
0.082134
0.9049016
0.93637025
0.899286
0.19519354
0.07334098
0.054697923
0.056939557
0.07889312
0.093196936
0.71987826
0.6583804
0.1959566
0.2699638
0.2842443
0.21432124
0.8434733
0.18095809
0.24326238
0.20919149
0.09842609
0.05957561
0.057646256
0.07306951
0.05439695
0.05583948
0.08014812
0.8962388
0.9298695
0.92815065
0.85649186
0.11376369
0.091059074
0.11946706
0.8603756
0.16155134
0.091834836
0.099922664
0.16093653
0.14576994
0.16401003
0.20034648
0.6889843
0.8558742
0.83530897
0.6861067
0.672651
0.21062316
0.09799706
0.08491642
0.124716975
0.09958863
0.09874605
0.81405044
0.79858834
0.90583056
0.9018706
0.18551958
0.24066643
0.14033608
0.081590205
0.07394378
0.096070506
0.08535593
0.08618842
0.097391404
0.12944986
0.61586386
0.3421614
0.28994894
0.8506357
0.8447002
0.16661014
0.123264164
0.15161072
0.13626829
0.15925285
0.2657928
0.20919204
0.2568939
0.3000509
0.29444242
0.8436112
0.8545625
0.72891223
0.7583797
0.8578396
0.76915747
0.87018096
0.8755152
0.18410993
0.1961964
0.09796596
0.07624081
0.08221673
0.14387444
0.12371601
0.15455438
0.13632116
0.09996576
0.0970845
0.82322496
0.7892091
0.8376773
0.90712535
0.133505
0.13752806
0.110531144
0.11520808
0.1398631
0.10195189
0.0801869
0.08087891
0.08964202
0.13044359
0.15443476
0.8601756
0.72106934
0.8663271
0.86206836
0.20200521
0.17047805
0.26545247
0.2022221
0.32458514
0.33484465
0.20710391
0.31805274
0.27116403
0.10743171
0.092257716
0.09241107
0.112152785
0.22058147
0.2372978
0.7833814
0.90041834
0.9086333
0.113966726
0.07676265
0.077113174
0.07777404
0.13475792
0.14481816
0.122389644
0.14694896
0.8660003
0.84953976
0.923004
0.9209832
0.13105825
0.13513865
0.08709858
0.07182189
0.05509938
0.06188179
0.07270066
0.108404405
0.87675357
0.75041574
0.88642925
0.88539785
0.1764909
0.21017967
0.12710817
0.092746764
0.12332907
0.8805845
0.73599595
0.1471285
0.18630354
0.8042718
0.089408785
0.060850687
0.056863073
0.06728773
0.057641502
0.057387095
0.056441143
0.062466897
0.07585274
0.11845585
0.89842564
0.10080223
0.059590083
0.05252526
0.05676006
0.07574453
0.86910534
0.8770846
0.8932372
0.9152154
0.8845475
0.8921069
0.9199726
0.90110713
0.90750736
0.9200985
0.09186007
0.057931878
0.059832696
0.06098914
0.095732
0.8852235
0.12623093
0.12713887
0.11924299
0.07330306
0.09782885
0.064680845
0.068954304
0.06049653
0.06822678
0.10232964
0.8785637
0.18605681
0.14497977
0.7230152
0.7308644
0.10535733
0.09799238
0.15526764
0.12321845
0.10001583
0.09910595
0.11266649
0.08135008
0.07608569
0.08095473
0.1052379
0.1385997
0.1483774
0.117418565
0.16126844
0.16556482
0.12513767
0.1670048
0.15664321
0.180478
0.536251
0.54171836
0.60645825
0.7570592
0.69571114
0.80657715
0.79711396
0.63773066
0.3365136
0.3817379
0.35478237
0.6085074
0.71341556
0.606864
0.26053137
0.2706542
0.25787345
0.34326547
0.26856148
0.2782613
0.674033
0.22653164
0.19260468
0.22220267
0.4542598
0.6445386
0.7397886
0.21224467
0.13339278
0.12788534
0.105093494
0.106313765
0.1213529
0.17979819
0.16282703
0.19519906
0.16237101
0.19142227
0.375389
0.78386706
0.24032943
0.2421771
0.830124
0.16222966
0.09519763
0.09570706
0.17132115
0.18982345
0.17280714
0.11657309
0.7998307
0.90133786
0.79898024
0.9164376
0.18458176
0.06873278
0.04622288
0.042166714
0.04229178
0.04530919
0.058297902
0.05527072
0.081175
0.9169528
0.9117355
0.9432552
0.9209322
0.08800155
0.05551004
0.0477345
0.043258276
0.045283075
0.054867044
0.05742964
0.062785216
0.09227945
0.7910908
0.7313725
0.883141
0.15765545
0.13898689
0.14011584
0.14926995
0.15429214
0.6292625
0.19591424
0.2862326
0.15147379
0.15736917
0.6913874
0.13569754
0.1121384
0.1199363
0.09897184
0.10068242
0.12372692
0.13710412
0.14731288
0.31547225
0.2626917
0.20299879
0.35399568
0.16326788
0.13764866
0.14197639
0.20232403
0.19209985
0.23575164
0.58844995
0.6114562
0.66445154
0.32535267
0.24155793
0.24301684
0.333429
0.27213553
0.5597718
0.3773329
0.22501549
0.19656642
0.24780549
0.24049872
0.350438
0.81194127
0.756155
0.8620579
0.8628959
0.7536199
0.7545828
0.79529893
0.8524283

