0.88880855
0.8362178
0.119513564
0.07665385
0.070919976
0.13028224
0.09397593
0.15267508
0.10605757
0.08744924
0.060791966
0.06714022
0.12972154
0.11248847
0.05417536
0.050893974
0.0567249
0.08017723
0.14371985
0.9009138
0.896181
0.9372696
0.89914477
0.12347317
0.09719268
0.04892534
0.04384177
0.05038
0.0722551
0.095530555
0.11800262
0.900435
0.90376747
0.1270864
0.12021718
0.065826416
0.0631582
0.0944053
0.17855391
0.9145594
0.92810935
0.92894596
0.26143703
0.1433759
0.07239859
0.06392736
0.08641197
0.09930322
0.74904764
0.732042
0.7326346
0.74246967
0.88625354
0.8977222
0.8203981
0.9083934
0.9131404
0.82934344
0.09019288
0.064134315
0.07567434
0.06632244
0.045337357
0.046623643
0.06109366
0.1080921
0.903814
0.9139551
0.94001067
0.9354315
0.13082023
0.08930937
0.052975744
0.049702037
0.060842734
0.07524661
0.08939798
0.09477358
0.79571015
0.8084409
0.8984042
0.8212824
0.8004069
0.7741992
0.7761922
0.8056659
0.83093894
0.8949553
0.8283271
0.89740634
0.7918163
0.12814686
0.10623865
0.15110222
0.12832807
0.12734397
0.12485092
0.11499096
0.14528076
0.15320998
0.6662195
0.6592618
0.6164693
0.2500774
0.2476353
0.17643148
0.2642204
0.3514389
0.74401075
0.74265176
0.7863054
0.100481525
0.063103765
0.059371274
0.07948759
0.113523334
0.113057114
0.7993549
0.13050242
0.13909227
0.885007
0.90656525
0.8297766
0.8863022
0.17265925
0.18120171
0.8590635
0.20959443
0.1255177
0.11921787
0.08209545
0.08967666
0.13283287
0.7537895
0.69323015
0.19682643
0.16505563
0.14929542
0.18976884
0.29054865
0.7707703
0.8806281
0.8136739
0.8927017
0.89175206
0.7582843
0.38541844
0.3672178
0.31244487
0.20666449
0.2265371
0.25526214
0.3309414
0.42712665
0.7507525
0.7749415
0.77004176
0.7585288
0.7249091
0.72228265
0.7758273
0.097367086
0.070256956
0.05241883
0.049718153
0.055094123
0.0824078
0.87248933
0.86481047
0.8835205
0.9290083
0.8731551
0.08336269
0.053100903
0.047291372
0.05692166
0.10185846
0.10285091
0.844739
0.910735
0.9106914
0.7746225
0.7457198
0.20219563
0.1638189
0.17123872
0.10315731
0.097983316
0.14079532
0.17071433
0.18726075
0.6446433
0.6344789
0.28663105
0.2403376
0.18840434
0.21132609
0.17954066
0.19110538
0.6311771
0.62199825
0.2532748
0.23353599
0.5714031
0.24919286
0.23790286
0.55871797
0.2902109
0.31974217
0.33856258
0.44178
0.80111176
0.4629277
0.39472982
0.34160393
0.40342182
0.42118698
0.40293828
0.53433996
0.77790016
0.43716395
0.30484065
0.26338118
0.21552563
0.22914049
0.33541846
0.32016295
0.58187914
0.3518282
0.19966443
0.19310324
0.5865768
0.19002528
0.19744605
0.16444238
0.18508188
0.30996397
0.3319724
0.6464222
0.18816867
0.12778859
0.11277755
0.17020771
0.2232388
0.13044554
0.08476183
0.09153777
0.10311404
0.21403928
0.23539647
0.6738792
0.7159432
0.13632162
0.13182522
0.7686369
0.79185647
0.0933229
0.06756293
0.06390112
0.09362723
0.84899825
0.7718446
0.87490296
0.1221984
0.06672521
0.064794496
0.09076741
0.8452712
0.11225364
0.09534354
0.1531811
0.876077
0.09022356
0.057946112
0.05040437
0.05541679
0.07805164
0.9070412
0.92237556
0.9373495
0.103405654
0.06025469
0.05652814
0.07493445
0.092065364
0.8558689
0.11742489
0.09147673
0.14041692
0.88361555
0.8863599
0.089828126
0.061342694
0.066966295
0.087801516
0.84995383
0.85047776
0.8650707
0.8560511
0.8531907
0.18301597
0.09770782
0.119696125
0.111599006
0.8195068
0.10361901
0.08845407
0.08681197
0.083189026
0.06841324
0.06699352
0.09196913
0.74910814
0.1392246
0.16860631
0.24334148
0.757445
0.12367215
0.0851598
0.094629176
0.12052443
0.12505728
0.09591738
0.109158166
0.21719941
0.22373247
0.6355916
0.6173135
0.18986623
0.17828296
0.25420815
0.5775352
0.38404372
0.30532312
0.28284034
0.2577075
0.38385937
0.4510305
0.4511674
0.57117033
0.5631419
0.3967264
0.32605714
0.38990986
0.5288116
0.8258499
0.76476717
0.79014546
0.8740904
0.8795812
0.81359154
0.86280483
0.77440363
0.70006007
0.63093287
0.33314064
0.27338552
0.22806807
0.31545874
0.6797885
0.847361
0.86156094
0.7593848
0.12474455
0.093044855
0.06687694
0.06015509
0.07294015
0.15198137
0.84360695
0.83267385
0.8044418
0.8014791
0.8987769
0.16043234
0.0850174
0.06993316
0.0746095
0.13770828
0.10066845
0.14402552
0.20891969
0.15596093
0.14156303
0.12054512
0.15884174
0.18674514
0.8470806
0.6738655
0.6211298
0.35216334
0.25083554
0.30449143
0.23711428
0.45669135
0.2276891
0.22984143
0.5916481
0.58795667
0.23788358
0.25459272
0.29566002
0.24161096
0.38891372
0.8624685
0.858001
0.19942646
0.19374253
0.19684424
0.8669483
0.87069225
0.24352291
0.7305518
0.7434254
0.10769056
0.09440389
0.12049143
0.11102927
0.06633278
0.05069988
0.04970645
0.05325189
0.06762662
0.086275384
0.8601835
0.86609685
0.1070493
0.089038774
0.119997986
0.86152893
0.11976521
0.07578293
0.08249312
0.88392925
0.90910774
0.9095509
0.8964507
0.911931
0.080369
0.053429745
0.05087451
0.0484656
0.06533686
0.05932404
0.053694006
0.06179582
0.06657381
0.06806299
0.09658922
0.8270208
0.17155784
0.11797191
0.10105853
0.08943449
0.100895144
0.6697571
0.19406816
0.6894811
0.84796447
0.21704666
0.26919457
0.20672531
0.68521446
0.84929943
0.23519123
0.1738895
0.21802986
0.27956805
0.19218451
0.20078526
0.28443184
0.22359592
0.56566477
0.56776464
0.2685406
0.21877182
0.24773315
0.2590988
0.8163887
0.34003654
0.45953223
0.6073987
0.32114485
0.413876
0.47650862
0.5836679
0.24907903
0.29456592
0.15694092
0.14849712
0.20985848
0.21686713
0.67754644
0.68812853
0.7495963
0.87311065
0.86262953
0.5665276
0.45656464
0.8691646
0.8864522
0.88656807
0.20976956
0.12790753
0.19203924
0.10763689
0.15161599
0.75031006
0.8081549
0.11336967
0.06426135
0.053844187
0.06782647
0.09041206
0.068029016
0.109321624
0.11645565
0.87043244
0.91982305
0.10203592
0.0772691
0.108255126
0.14828818
0.87174106
0.0858091
0.055847768
0.050910406
0.05361851
0.062085934
0.07842509
0.8771177
0.8922777
0.9150007
0.89189655
0.8912235
0.907312
0.8871919
0.915059
0.92372084
0.9309046
0.9061625
0.9127892
0.08043708
0.050668217
0.043061435
0.047978856
0.04333422
0.042898748
0.04884484
0.05343705
0.053683728
0.07065166
0.8514406
0.9257085
0.81829095
0.8405114
0.09257003
0.06666888
0.05790789
0.07337887
0.100695856
0.06742204
0.06270515
0.095137395
0.07273968
0.07229732
0.0854328
0.09168416
0.13269627
0.08419325
0.098443575
0.08774948
0.14014563
0.09257535
0.08986972
0.10803791
0.11986636
0.12904425
0.13552967
0.13909067
0.6365128
0.15532571
0.11823958
0.12217106
0.22704355
0.24315464
0.39194095
0.6854989
0.83784765
0.17364843
0.14765744
0.098726206
0.08687464
0.0875902
0.12953795
0.19899215
0.16411297
0.8648143
0.13825308
0.1159644
0.18659838
0.8188413
0.11372008
0.07487506
0.07485739
0.100277275
0.8801728
0.89925843
0.848945
0.86030924
0.89549917
0.8584768
0.8931654
0.89511913
0.89371866
0.84800875
0.8484936
0.8897593
0.8949966
0.89462423
0.83570516
0.8874485
0.8215615
0.86587584
0.45305088
0.83126867
0.16381773
0.13869406
0.26283634
0.66754615
0.22060977
0.14788441
0.17079574
0.8090836
0.22205985
0.23961946
0.31937352
0.1628464
0.13184638
0.20108514
0.11474525
0.12245366
0.12442613
0.23375146
0.75533235
0.88857895
0.8899029
0.79743487
0.8473379
0.28708434
0.20461039
0.14706807
0.14280637
0.24621125
0.6017876
0.58974004
0.2539812
0.24664901
0.5796599
0.5767977
0.29196182
0.3085091
0.33980173
0.2679253
0.31233177
0.34033585
0.7370882
0.8820307
0.88142955

