0.8619534
0.84268457
0.7678274
0.7385167
0.7713894
0.78908116
0.7863212
0.76056606
0.76542604
0.8823918
0.89149594
0.87344015
0.25174516
0.21353593
0.27978554
0.19549344
0.2609324
0.17680489
0.19647868
0.8395895
0.6567376
0.65879756
0.6832574
0.6950661
0.16343711
0.12129338
0.08777238
0.15052935
0.06559379
0.056089222
0.0578489
0.05617958
0.053789984
0.053135246
0.058373313
0.06070153
0.083850674
0.87688106
0.80440706
0.8900347
0.0903744
0.06724297
0.10301068
0.07531661
0.052884027
0.053791944
0.07117413
0.06861141
0.07639292
0.098011516
0.09601982
0.11541969
0.19843547
0.12934288
0.10860626
0.14282005
0.11709099
0.124286234
0.21689565
0.10652507
0.120967396
0.6912646
0.12927029
0.1325768
0.2418158
0.6799852
0.66569954
0.6979128
0.1422068
0.16334924
0.1416784
0.10804882
0.7657692
0.73379904
0.77304256
0.822293
0.90911406
0.8617144
0.9197314
0.9206456
0.10614909
0.07797551
0.06606072
0.054865327
0.06680034
0.06647997
0.09102776
0.7865813
0.13528684
0.1022534
0.10636719
0.080921
0.08048121
0.094250925
0.1094009
0.12946193
0.68267614
0.8516943
0.18023227
0.1439778
0.13386428
0.14085074
0.6545867
0.25871718
0.12337522
0.09757651
0.094392695
0.10255381
0.7525551
0.8739526
0.692148
0.6473059
0.66325825
0.71696883
0.87213284
0.73534024
0.71973664
0.78637135
0.15496923
0.06816513
0.053974465
0.05164752
0.05796854
0.08433031
0.08132273
0.05836465
0.06134617
0.08999723
0.883459
0.92674005
0.09784265
0.06013897
0.05401558
0.0667285
0.11099474
0.8805291
0.21406096
0.102189444
0.12374976
0.82369137
0.2600737
0.8839072
0.88187206
0.88032377
0.87672937
0.24531573
0.83992547
0.1755003
0.101339564
0.15672533
0.8787728
0.108602144
0.08062679
0.06034605
0.06933745
0.118805856
0.90332824
0.18653777
0.07511291
0.060061477
0.07323242
0.07766215
0.06122364
0.059484567
0.06414327
0.079211645
0.09732344
0.086108446
0.07643047
0.079959996
0.09446173
0.13684858
0.7372115
0.12880974
0.1108829
0.11875412
0.1501796
0.85153264
0.19814485
0.19443794
0.6478002
0.6900626
0.12540303
0.09285933
0.097294785
0.0950733
0.17380849
0.8112517
0.8126959
0.9004555
0.77230954
0.72535706
0.68990034
0.17197655
0.12068822
0.15601312
0.110941395
0.12582691
0.7550565
0.8882028
0.751963
0.122046426
0.084993966
0.06455378
0.06784784
0.08074616
0.08130745
0.10810321
0.9044482
0.7953308
0.09972664
0.060974665
0.05177348
0.058406044
0.06072492
0.056185924
0.06795797
0.051024556
0.047245324
0.045753706
0.051158324
0.071999736
0.90786713
0.93886155
0.9069743
0.9098453
0.08056036
0.05133523
0.047986545
0.06477912
0.07176433
0.86413
0.92190194
0.8487756
0.9180952
0.13814823
0.08523997
0.112629615
0.11017653
0.06833119
0.066693515
0.10265239
0.0801939
0.0832383
0.12555657
0.10559929
0.13933967
0.87037337
0.14920889
0.15165062
0.14166613
0.11925405
0.15369953
0.17730725
0.18088757
0.8728274
0.87550104
0.18503669
0.2162382
0.10990093
0.08186518
0.08210391
0.07763251
0.09327846
0.19297627
0.13659564
0.08608279
0.06623595
0.06585849
0.07833386
0.13423263
0.89938897
0.11780926
0.072236046
0.065654255
0.07756174
0.1523322
0.9000204
0.10629798
0.06634288
0.061062552
0.06967951
0.11770983
0.89929795
0.106595784
0.06315118
0.05743175
0.049576502
0.052797187
0.05034456
0.05965878
0.1340946
0.9220182
0.92712045
0.9430728
0.11806879
0.05806016
0.047114555
0.045197498
0.04510028
0.054570004
0.06953507
0.09804234
0.90910274
0.9180168
0.10782026
0.079246745
0.098807916
0.08528048
0.12455093
0.8741412
0.6732647
0.14161997
0.13119982
0.15029821
0.86609215
0.8772411
0.7787885
0.80841297
0.8843644
0.8154594
0.89702755
0.8994936
0.7845341
0.88582885
0.12573668
0.084522076
0.07628404
0.084035434
0.09770707
0.11828097
0.1499164
0.84275246
0.668765
0.81832886
0.61352617
0.54612947
0.60473907
0.621903
0.8385093
0.8383564
0.25450265
0.2468635
0.24173325
0.21495292
0.57024425
0.32860282
0.17656273
0.14517863
0.1411114
0.1421497
0.2058613
0.85772467
0.7264174
0.837006
0.26614106
0.25529242
0.19177142
0.22699039
0.18956035
0.20060971
0.25761294
0.28197378
0.7880863
0.4437648
0.2979669
0.35319436
0.28754076
0.33082953
0.7778562
0.61588234
0.38113475
0.34272546
0.4145791
0.5389835
0.52118796
0.3829257
0.38788447
0.80036324
0.786853
0.25894386
0.21286395
0.20622043
0.22501186
0.3319029
0.2740975
0.22698501
0.27440992
0.7589911
0.33827657
0.39348775
0.60215884
0.63711745
0.77032024
0.45522147
0.32885045
0.6061146
0.7818253
0.22619598
0.18595874
0.2447627
0.13398534
0.1430466
0.16830395
0.33795956
0.87622815
0.88470393
0.18731147
0.25524884
0.13237594
0.073571794
0.063800864
0.076004215
0.060708072
0.071229436
0.09281059
0.8394049
0.80270505
0.9131542
0.8252186
0.91404176
0.92417735
0.08659184
0.051228598
0.042077485
0.039788198
0.04212682
0.052063115
0.052548245
0.07276044
0.13689399
0.9028641
0.9295557
0.9289145
0.879031
0.16091114
0.17954299
0.14275016
0.8987006
0.9232949
0.08961889
0.063007995
0.04419457
0.040963814
0.04324078
0.05590341
0.05799934
0.07957262
0.073835246
0.059700288
0.07117303
0.9027054
0.92358553
0.9323698
0.9380183
0.100444056
0.08144133
0.057392277
0.057576913
0.07035764
0.052931707
0.04636733
0.045632053
0.048414983
0.06138194
0.08843022
0.8859287
0.8092315
0.9104775
0.9082567
0.79100233
0.77647096
0.87161714
0.15259135
0.16625573
0.17381965
0.15314062
0.87210965
0.8829473
0.13327274
0.12499555
0.7663484
0.2410227
0.8684431
0.8671623
0.87733704
0.908803
0.89136124
0.25993162
0.77366084
0.18153173
0.16920783
0.87097967
0.890989
0.11538535
0.098211624
0.100865565
0.10809373
0.8944702
0.9116046
0.8283567
0.91342425
0.14947636
0.06741584
0.05343287
0.059248913
0.07352049
0.09960326
0.86825246
0.74677134
0.8876966
0.8828027
0.76431656
0.84220004
0.22018386
0.12676677
0.13204348
0.214478
0.14411667
0.15702546
0.26497364
0.23377274
0.23772262
0.60433114
0.60866207
0.25954098
0.15577762
0.13987164
0.17186263
0.22210611
0.19082975
0.24618702
0.71363133
0.6196022
0.20999862
0.22692624
0.19566399
0.22113945
0.5050799
0.20461668
0.22802256
0.3292753
0.30827674
0.32028443
0.7616214
0.6692057
0.70044464
0.8195182
0.7219932
0.15225567
0.18335621
0.08950276
0.0769817
0.12293323
0.089299425
0.13362636
0.1335679
0.09336613
0.16096428
0.88027734
0.8878001
0.08245943
0.05262884
0.04702887
0.057822052
0.05884759
0.07593657
0.8916563
0.86330163
0.90521896
0.09722913
0.076053865
0.054794237
0.04948453
0.0558601
0.079258315
0.8074338
0.8134491
0.12259366
0.08153706
0.08886344
0.092386134
0.07590549
0.09698018
0.08780981
0.07854104
0.10021891
0.087191924
0.07411912
0.07844384
0.09793199
0.75358105
0.84465504
0.2838431
0.46140042
0.79798484
0.31918347
0.25709057
0.38755602
0.60504395
0.6431441
0.7445079
0.20528941
0.16098188
0.21475254
0.21156523
0.2900164
0.56306946
0.24514534
0.32627502
0.2132788
0.22857775
0.5803486
0.42532867
0.28294578
0.3868
0.2021699
0.13971478
0.14183368
0.11262906
0.11265865
0.12832984
0.19593406
0.195172
0.29549897
0.2251191
0.2599017
0.78422654
0.790036
0.6584969
0.18913706
0.22158615
0.13236362
0.09158734
0.0948108
0.12827651
0.87499166
0.8758251
0.73687637
0.7312452
0.84164727
0.763671
0.8658932
0.8573944
0.71264875
0.64409155
0.15057853
0.12016627
0.1388082
0.24592529
0.23448694
0.24338071
0.800561
0.6550051
0.34777588
0.20491049
0.13557562
0.1236153
0.14656052
0.124004744
0.12622023
0.18408556
0.17274226
0.66184807
0.15676397
0.10152022
0.096499346
0.13919276
0.08568068
0.08289442
0.069965415
0.05552274
0.058527447
0.071835555
0.10492081
0.913632
0.8658556
0.10325041
0.065357044
0.0639847
0.08984033
0.8539611
0.085559085
0.063197866
0.05189143
0.05702707
0.09317407
0.91819644
0.92965573
0.9281112
0.93857425
0.09062726
0.05248729
0.042147826
0.04237045
0.042672142
0.044392727
0.048735153
0.059221983
0.10188158
0.8371308
0.824943
0.11504894
0.115841076
0.06777399
0.07649704
0.11524806
0.07719069
0.07020349
0.08676847
0.088354595
0.12176445
0.180085
0.7798369
0.89656055
0.8895937
0.745741
0.7597861
0.80044746
0.86850274

