0.8607177
0.8416824
0.7694042
0.74409944
0.7826863
0.8124458
0.87389416
0.7831389
0.80523777
0.87972695
0.8734992
0.70634127
0.63897634
0.66905206
0.8338301
0.710133
0.8347196
0.31036395
0.6702317
0.87966985
0.115994744
0.07422056
0.08057957
0.072871506
0.08660642
0.08742562
0.07356454
0.10878424
0.061692286
0.05520602
0.054769702
0.05256819
0.050156537
0.048725758
0.051236883
0.056081306
0.07913038
0.88719434
0.82327753
0.9025153
0.09079451
0.064513125
0.08487382
0.06607081
0.05105777
0.051644906
0.06369833
0.06251559
0.070853636
0.09267322
0.10355122
0.72557247
0.87075174
0.70326155
0.6916968
0.70351875
0.68138206
0.1524569
0.16504219
0.091755435
0.09146254
0.10274491
0.12303802
0.6536159
0.8153402
0.285303
0.53602594
0.32345802
0.30228928
0.826622
0.3741424
0.17152241
0.1452263
0.13237327
0.12548657
0.1505614
0.3220147
0.23070581
0.4480462
0.8232906
0.25393233
0.25162843
0.23870869
0.18572333
0.2934129
0.18666732
0.21160421
0.1712387
0.20652777
0.16652717
0.19552022
0.12766033
0.12099799
0.13764416
0.14511119
0.1478072
0.19719337
0.840655
0.17836228
0.14581828
0.12733619
0.11207621
0.14007191
0.23151492
0.11937786
0.10905165
0.117194586
0.15962939
0.17358036
0.8771129
0.7511833
0.11108429
0.07854987
0.089948185
0.18853025
0.7845827
0.82672536
0.1314804
0.1125223
0.055197258
0.04960152
0.050559986
0.056943484
0.081149116
0.07330866
0.0555414
0.06009185
0.09035849
0.89058435
0.92843324
0.09626202
0.059233736
0.053166658
0.065600015
0.10872893
0.87468493
0.19981349
0.10292872
0.12607108
0.8683901
0.88151485
0.91639024
0.8903294
0.88563734
0.8868946
0.8669719
0.8895421
0.1859463
0.10294763
0.15917905
0.87485284
0.10397506
0.0773788
0.058032982
0.06702298
0.11623953
0.9045817
0.2060282
0.077138975
0.060218606
0.070528984
0.072288774
0.056008704
0.051806863
0.052032955
0.05928081
0.07599343
0.09586719
0.77375054
0.7293923
0.77802503
0.12610753
0.08059586
0.0787065
0.099204846
0.72821534
0.19393125
0.21482076
0.09699956
0.081720464
0.08420842
0.10486418
0.095144175
0.11522335
0.16878214
0.68301594
0.8659019
0.69728667
0.19112855
0.22671168
0.11124578
0.092107795
0.09573385
0.13591957
0.15678385
0.8748256
0.7416816
0.73878634
0.7746429
0.888711
0.12501198
0.08886155
0.08156932
0.086769976
0.10435558
0.15118262
0.17066807
0.6643517
0.8352467
0.21966423
0.21013254
0.16235462
0.14974973
0.21750551
0.23086052
0.18472385
0.30557758
0.20986067
0.21021318
0.8145878
0.2617816
0.24991098
0.33346382
0.82840335
0.19623017
0.14597102
0.13521627
0.14829105
0.20544788
0.81447595
0.2838888
0.31090355
0.83719134
0.70378417
0.8231858
0.2946486
0.22776923
0.31197867
0.29260138
0.21983038
0.62758917
0.29076815
0.20495678
0.664687
0.26244798
0.19274397
0.19006135
0.87790877
0.74107754
0.82273585
0.10020309
0.057851333
0.058724806
0.06873228
0.09945945
0.9204959
0.9338432
0.8905884
0.08242308
0.050437815
0.043433826
0.042383358
0.043291796
0.04617039
0.054045666
0.04775034
0.04387741
0.04418948
0.04963815
0.07044214
0.91473895
0.9457037
0.9302167
0.08566161
0.05400622
0.04605256
0.051334243
0.07182585
0.07356284
0.10222689
0.875447
0.09407159
0.06670823
0.07534362
0.07821799
0.12408708
0.8934263
0.1295484
0.10749935
0.07566929
0.08488276
0.14298046
0.84009403
0.11938222
0.13398425
0.09964325
0.08616884
0.12331457
0.79817927
0.10960742
0.10828391
0.11157041
0.11378022
0.2027957
0.8580966
0.19747916
0.2016573
0.81468326
0.20865647
0.22691606
0.83477557
0.6222052
0.17469001
0.16141243
0.19653648
0.81122684
0.3691066
0.25295183
0.32145488
0.79510236
0.27625483
0.34829667
0.39985636
0.66862136
0.871405
0.13183087
0.0933613
0.11001767
0.73669726
0.09611915
0.065367185
0.055361006
0.057076424
0.069012895
0.110224664
0.8303934
0.09133929
0.07400665
0.07989092
0.18318509
0.90511507
0.8210767
0.8428433
0.8832518
0.07989126
0.051363815
0.04695492
0.042538337
0.047333136
0.06248452
0.88111144
0.9000799
0.94002044
0.9035114
0.9283875
0.09072411
0.051408514
0.042011816
0.044801917
0.050049994
0.06840558
0.84254044
0.83379674
0.9232554
0.9224379
0.1635433
0.08446669
0.08459782
0.11388658
0.85269725
0.20041518
0.13069397
0.16824284
0.83407676
0.16774057
0.13604872
0.20025246
0.693979
0.8372185
0.825547
0.19278175
0.15670522
0.19100639
0.60976714
0.7336419
0.3945315
0.35587382
0.39784825
0.75743544
0.6547055
0.644601
0.65932155
0.6945118
0.8132078
0.801014
0.6705899
0.6545125
0.76205677
0.25132728
0.24452417
0.8263992
0.11119485
0.07928642
0.07805566
0.0988122
0.26652813
0.8986457
0.8163718
0.90534294
0.18109402
0.08574949
0.074722394
0.10003447
0.11874671
0.5966946
0.575662
0.18478924
0.20919761
0.8416407
0.7425932
0.8649627
0.8602574
0.16589689
0.119300276
0.1446894
0.1300663
0.15301766
0.25814822
0.20374742
0.2518351
0.29636425
0.2911009
0.8468197
0.86307913
0.7752613
0.7794453
0.8628983
0.7756359
0.869952
0.868908
0.19741051
0.20706524
0.11101927
0.091992304
0.106290966
0.20362508
0.7363739
0.26423207
0.20550098
0.13839835
0.1259086
0.7860907
0.7657018
0.80910265
0.88181406
0.18372385
0.2188557
0.20285521
0.24007481
0.8663482
0.1730257
0.10809265
0.097863525
0.10451083
0.14603509
0.17318714
0.85344845
0.7258874
0.8685636
0.8644617
0.6960005
0.70489156
0.83680516
0.7299563
0.86302507
0.8672421
0.73606664
0.8534673
0.30458513
0.16385517
0.1077647
0.09274354
0.09983431
0.16054419
0.15068606
0.14857434
0.8856676
0.8917465
0.121433124
0.09352488
0.11966353
0.77205586
0.39033288
0.8708743
0.15481679
0.15536052
0.82818097
0.10327722
0.09778038
0.08872849
0.06548699
0.07388862
0.057299767
0.04979033
0.04816584
0.05003463
0.05818904
0.088825576
0.8622275
0.28491467
0.8871254
0.9119976
0.89429647
0.91861695
0.8856385
0.870121
0.28528234
0.8495485
0.1612063
0.16575748
0.8707416
0.09937995
0.06149956
0.056680273
0.07443275
0.07018234
0.06926393
0.099070385
0.81564325
0.14328013
0.13805276
0.752119
0.21452416
0.16474289
0.7029226
0.23302083
0.7542154
0.10082307
0.068529226
0.06929224
0.09354028
0.15398812
0.15014444
0.15111312
0.854537
0.17553
0.20872441
0.28727028
0.25242698
0.6631174
0.21825002
0.10336672
0.086161666
0.13049549
0.098784596
0.14722164
0.15010157
0.10098277
0.15631954
0.83383745
0.08865029
0.056538418
0.04841575
0.049023338
0.059321802
0.060487267
0.078326605
0.86845386
0.81153244
0.87768096
0.09824074
0.0747735
0.056912545
0.050474484
0.052527323
0.061589792
0.08474738
0.75124985
0.11534384
0.09160622
0.10288881
0.102524295
0.0859161
0.10469052
0.09446462
0.09101087
0.1148048
0.09319307
0.07512096
0.0796833
0.12658457
0.10200464
0.15297067
0.14952709
0.2642569
0.8868007
0.777719
0.7900032
0.89242864
0.7502552
0.20343034
0.18976365
0.1262513
0.10034436
0.13037024
0.15202028
0.87102073
0.14523475
0.11746813
0.17251937
0.08237509
0.07052317
0.0778848
0.12722032
0.093909055
0.11307907
0.06642254
0.05591016
0.055727273
0.060422134
0.08083093
0.79599935
0.102383815
0.08364436
0.10469832
0.8706071
0.86433196
0.92102647
0.9106997
0.16340038
0.1652095
0.8414369
0.090416625
0.059419528
0.060410194
0.08740621
0.8814851
0.90583754
0.8673689
0.8685548
0.90817654
0.8673748
0.911456
0.9026679
0.260513
0.81589013
0.10437154
0.08350377
0.121153936
0.87097955
0.105973
0.074440345
0.100287616
0.0887549
0.15770446
0.8504967
0.10855562
0.081405796
0.08703517
0.07954344
0.07811914
0.10787303
0.113299474
0.721113
0.17870738
0.15060063
0.17535272
0.821541
0.25233954
0.30233732
0.5973212
0.58755946
0.5877098
0.5965907
0.62043434
0.7254426
0.2497909
0.23535159
0.60816604
0.6285841
0.17573808
0.14645737
0.116423264
0.12327518
0.16735329
0.22558555
0.48467785
0.7076279
0.61176
0.29334864
0.35377714
0.25569066
0.34710407
0.21333672
0.2395465
0.19348739
0.18827255
0.20554264
0.2543436
0.650981
0.3644771
0.33935198
0.5857922
0.6564708
0.42315355
0.38719988
0.6644246
0.26451516
0.20826536
0.26561037
0.27778494
0.39937097
0.72095215
0.4385916
0.5566309
0.7984366
0.7154523
0.7331816
0.78418374
0.8492665

