0.8609155
0.83959687
0.7631228
0.73504275
0.77215457
0.7957412
0.80617595
0.81182855
0.894213
0.90000844
0.8896522
0.34159613
0.16167007
0.13744995
0.17684656
0.6152157
0.25874457
0.15799233
0.17804392
0.88241446
0.11893064
0.07401632
0.08169977
0.07392649
0.089281686
0.087348714
0.07072172
0.09742335
0.06242911
0.066396885
0.09407527
0.84535176
0.0880629
0.06599961
0.068025455
0.09168276
0.867619
0.8802185
0.08491839
0.052694045
0.045344695
0.048306227
0.06890612
0.0898152
0.9019009
0.9030584
0.8947068
0.9047193
0.08874052
0.0609561
0.06210801
0.09544727
0.85640216
0.13789938
0.13390793
0.8247395
0.8325553
0.103495374
0.08302049
0.066695176
0.08726736
0.74858385
0.13370891
0.160244
0.890035
0.75576997
0.11401893
0.09980592
0.09763181
0.16916105
0.1599989
0.08446686
0.08470752
0.094646044
0.11027642
0.72714704
0.8651669
0.74713904
0.8803866
0.8772168
0.68014926
0.679966
0.18685171
0.116299585
0.11775454
0.08471562
0.08556273
0.11184991
0.7696821
0.73639363
0.89146805
0.7361897
0.10610004
0.08979478
0.10371467
0.18429902
0.14795494
0.24420442
0.14253102
0.1194789
0.10520061
0.093150765
0.113174014
0.19721763
0.105205506
0.09854031
0.11501732
0.70079654
0.7178018
0.8899881
0.765421
0.10594756
0.07297121
0.08060629
0.15799053
0.82136023
0.10450851
0.08955041
0.09354812
0.05806049
0.054680463
0.05487036
0.059299644
0.07766946
0.07313168
0.05655115
0.060863692
0.09092
0.8946431
0.92865956
0.09721398
0.05957736
0.05328173
0.06542547
0.10774311
0.8747845
0.20991212
0.104431875
0.12755555
0.8688252
0.880763
0.9160368
0.88961685
0.8840046
0.88501483
0.86447376
0.887594
0.18911825
0.10333436
0.15692353
0.8737372
0.10533854
0.079989865
0.058948033
0.06746787
0.115234375
0.90329725
0.20747007
0.07971105
0.062388152
0.07687472
0.08178972
0.06128177
0.05653745
0.05728823
0.065734066
0.07963428
0.08158326
0.097164154
0.7384322
0.7127426
0.14637713
0.09899756
0.0954391
0.109683864
0.78744847
0.89695483
0.9036196
0.12570146
0.08792434
0.084051
0.10756845
0.098904096
0.122269794
0.1827222
0.642349
0.817421
0.25404036
0.26551443
0.81983423
0.62540364
0.1910816
0.17974254
0.24658482
0.5535541
0.3203786
0.20572478
0.2057732
0.28668925
0.8487116
0.16276154
0.12228831
0.101489104
0.09185112
0.09134572
0.108428374
0.10415974
0.12387866
0.88024145
0.69755036
0.14019138
0.09837144
0.10405889
0.81574965
0.7995209
0.78123546
0.88816035
0.14214309
0.11183592
0.18322293
0.7141626
0.14499119
0.16015738
0.19346392
0.10512251
0.09527561
0.10181977
0.121173315
0.17519243
0.8497083
0.6363682
0.2965636
0.3666883
0.3196955
0.8049715
0.41303858
0.36773065
0.8481415
0.85154885
0.2320719
0.19412166
0.29384845
0.21438526
0.22323012
0.8494371
0.67821187
0.24521098
0.2808167
0.17849205
0.22539382
0.27672327
0.70997804
0.7361638
0.7193522
0.6710122
0.3826272
0.27973855
0.15806197
0.16026293
0.12447858
0.18180862
0.1412112
0.12784693
0.15029357
0.3467892
0.2676499
0.22210135
0.61321855
0.16209775
0.13536718
0.15812674
0.2675054
0.14728196
0.14053318
0.16514066
0.63179106
0.6747834
0.8371
0.23249821
0.15827927
0.1703077
0.14235805
0.15788053
0.8604062
0.14831276
0.12123497
0.18330759
0.103537716
0.14489329
0.08988793
0.1033192
0.21970826
0.8368364
0.8003285
0.9110803
0.15412576
0.084523775
0.09869693
0.09827296
0.08434274
0.12746498
0.15452752
0.15806666
0.85782945
0.8257728
0.28348136
0.2934626
0.7986006
0.311517
0.63877666
0.83602244
0.20133059
0.12209034
0.11922874
0.14396533
0.87296635
0.8850829
0.8015745
0.82542145
0.8891818
0.8257146
0.8920959
0.88127184
0.36208755
0.8378435
0.13274516
0.11278372
0.21057881
0.75476164
0.90512425
0.1037892
0.06411836
0.058101863
0.07361597
0.11625023
0.07236284
0.06470222
0.06943412
0.06701147
0.10513072
0.099108145
0.060040455
0.057978686
0.060991053
0.07451883
0.8569141
0.9183051
0.7977542
0.090406224
0.06804847
0.07628388
0.862313
0.9170667
0.86902535
0.92232466
0.8699612
0.079561286
0.05344611
0.053713497
0.06838608
0.8653132
0.8868226
0.9017974
0.92717206
0.9160033
0.10880036
0.0905819
0.070401296
0.09342291
0.8722996
0.8171143
0.7877205
0.7848464
0.8828442
0.116918765
0.083768435
0.10638617
0.8485855
0.91469264
0.9174385
0.10574399
0.07087079
0.074017935
0.109385036
0.871389
0.15932582
0.12074026
0.10143446
0.13052388
0.09651515
0.12085578
0.14156152
0.14812896
0.88080573
0.88224465
0.1345938
0.108263314
0.14971976
0.12422842
0.67341864
0.14438656
0.08908691
0.072924905
0.087172456
0.78515434
0.9159092
0.1965763
0.11091812
0.10866445
0.0669103
0.053158514
0.04562923
0.04696423
0.05137497
0.06686761
0.8676225
0.87323326
0.8941102
0.9249418
0.8945299
0.931215
0.9327892
0.89841396
0.07883078
0.05363869
0.044039883
0.04576719
0.060558904
0.061336078
0.08332442
0.12417622
0.14853808
0.89292413
0.88153625
0.16690467
0.19140072
0.2557895
0.29029557
0.8733722
0.8697097
0.16663964
0.15988849
0.13485731
0.15025891
0.6974081
0.86289376
0.74898094
0.8662311
0.86536723
0.14699697
0.11666982
0.13315813
0.13559932
0.7998138
0.89014566
0.79596096
0.887587
0.7574517
0.1820444
0.21985272
0.14171231
0.10057873
0.08823073
0.09010778
0.12979917
0.77330464
0.8862145
0.7753816
0.8569141
0.4155219
0.23618443
0.24085678
0.815403
0.7104052
0.8558316
0.8585055
0.74541813
0.8504519
0.86467105
0.1314836
0.10481495
0.12569244
0.69079894
0.20777728
0.11334524
0.082608715
0.11805524
0.118105814
0.10195163
0.8118528
0.80333185
0.8109087
0.8984181
0.8823636
0.16534075
0.17741431
0.21706274
0.7820904
0.89543283
0.8912122
0.18975331
0.21692495
0.1307559
0.08374498
0.07692837
0.08690542
0.098789856
0.115785144
0.20601775
0.17492954
0.33263877
0.85445094
0.7267283
0.85227305
0.7147834
0.6709719
0.6141936
0.22090086
0.12443071
0.11839076
0.1896161
0.17112786
0.7368197
0.09609273
0.06913731
0.06576613
0.05928122
0.08089965
0.070162155
0.09536272
0.8731371
0.8221735
0.92416704
0.106611885
0.06467585
0.062099263
0.059127916
0.06390545
0.07085668
0.0950868
0.7282112
0.2513982
0.21799192
0.19315754
0.8304073
0.2544041
0.33051184
0.8573763
0.67785954
0.18015741
0.20505783
0.12225397
0.11431816
0.1917784
0.17649803
0.85995024
0.26652205
0.1608527
0.26578414
0.7477686
0.73131853
0.7746734
0.0902882
0.063475475
0.0765456
0.068392426
0.08135933
0.80218446
0.74170995
0.8048566
0.102555424
0.089170806
0.07254115
0.07086001
0.09269469
0.7180768
0.6875869
0.7084413
0.1608023
0.11911609
0.14850329
0.69329995
0.116024084
0.12321881
0.1007629
0.09638897
0.12373956
0.100364015
0.08106494
0.07831498
0.086977236
0.12267769
0.8815401
0.76264995
0.89327294
0.89453894
0.15966405
0.102680124
0.14781639
0.13390568
0.17982045
0.8823371
0.7559774
0.7436937
0.8043389
0.10224685
0.0735422
0.07073745
0.110120974
0.8784637
0.09884752
0.06455966
0.057641536
0.08009912
0.0981254
0.8954888
0.86494434
0.87401557
0.88029045
0.86848444
0.8816548
0.08416351
0.059619937
0.05506098
0.07651986
0.08406807
0.87440664
0.9218746
0.9193142
0.11364503
0.081665434
0.10918195
0.10415058
0.73555356
0.6936629
0.6719238
0.2884256
0.23289408
0.15978117
0.14259407
0.22704229
0.6838845
0.8661914
0.86157274
0.67689025
0.12527992
0.11266665
0.12752795
0.17105083
0.816064
0.66832083
0.70006365
0.8375368
0.7459341
0.88031656
0.14451659
0.0836938
0.06962243
0.07382743
0.061212596
0.055612177
0.06003273
0.05499037
0.054784574
0.06541926
0.092967495
0.87557095
0.124598764
0.07158352
0.07210595
0.097742915
0.8915642
0.87066776
0.90412587
0.10694796
0.0872032
0.069978885
0.103114225
0.85341656
0.10175533
0.09864386
0.06670481
0.06671429
0.107165836
0.10999429
0.80650496
0.12513259
0.18262205
0.13571134
0.10809566
0.18473606
0.09143485
0.079669796
0.08418774
0.11206509
0.08701701
0.094942495
0.09832841
0.10211979
0.18864734
0.15869804
0.14710346
0.18121403
0.80639166
0.22497126
0.25935087
0.77164894
0.20260976
0.1577824
0.2113707
0.22349757
0.34320062
0.72749335
0.3714119
0.5301842
0.7222055
0.36876386
0.37391397
0.5158298
0.81301814

