0.85706425
0.7747327
0.34913024
0.2865231
0.31979126
0.3537403
0.80160016
0.6073183
0.3567676
0.516227
0.7673003
0.28143206
0.23268639
0.2417108
0.30910975
0.54386795
0.3729045
0.2730198
0.2877592
0.7432635
0.33594263
0.5442983
0.31666872
0.27060506
0.5863206
0.2660627
0.1882082
0.29632163
0.12828614
0.1079246
0.11403486
0.11065321
0.11068744
0.116095506
0.14417307
0.11643037
0.11692755
0.13921458
0.10551227
0.08728428
0.09156875
0.11116552
0.22210287
0.13804455
0.09188679
0.09517838
0.13681407
0.743576
0.15773574
0.18406066
0.7368747
0.7131168
0.87101024
0.7077796
0.6920892
0.6944463
0.6770215
0.73436195
0.20893632
0.14152406
0.76567644
0.095290534
0.07915679
0.100018024
0.20187728
0.73571414
0.6943019
0.7424972
0.7655178
0.90334326
0.9125327
0.14569381
0.082663074
0.07162071
0.07925355
0.09936858
0.20145258
0.18906097
0.8672503
0.8621194
0.70568043
0.7204695
0.7341144
0.74403286
0.8513532
0.69112587
0.64333916
0.6221098
0.64156413
0.6274112
0.6545659
0.65264857
0.681485
0.15736753
0.11774758
0.123514086
0.7589108
0.21865198
0.093554616
0.07306205
0.074986786
0.101347856
0.13770914
0.8873307
0.10605031
0.06715301
0.064425565
0.082238145
0.864772
0.915866
0.8397565
0.10137375
0.07808516
0.10077128
0.8753765
0.8369351
0.8649688
0.88261575
0.9200277
0.85250044
0.099310964
0.078625835
0.107294
0.86628985
0.16065764
0.07290739
0.068789214
0.09774198
0.8817652
0.92194766
0.0932426
0.057560336
0.05209605
0.064533524
0.10376371
0.8902372
0.8977957
0.16131352
0.16967522
0.8064423
0.27052316
0.8761408
0.87421745
0.87103915
0.8615748
0.23878261
0.81225175
0.22984067
0.1558562
0.86718965
0.9144405
0.1071192
0.08403331
0.058833744
0.06700195
0.11477496
0.9018714
0.21599306
0.08118502
0.06078802
0.06646997
0.06131387
0.058635276
0.066815175
0.09695291
0.8480386
0.13571082
0.089463145
0.06804388
0.06986277
0.08536388
0.13537093
0.8357053
0.11804843
0.081107445
0.079238735
0.09725613
0.17999119
0.09101721
0.07692271
0.078269936
0.09748281
0.08963257
0.09501659
0.11994762
0.13450232
0.25855073
0.6715647
0.17719483
0.25118965
0.12460807
0.11410576
0.12893862
0.19450058
0.5859641
0.293583
0.18573166
0.18585028
0.273709
0.8414166
0.6548244
0.1774829
0.14196594
0.12859757
0.1568346
0.63399047
0.16598438
0.1469313
0.27073804
0.14411892
0.15121809
0.10358126
0.09305867
0.13445014
0.14652178
0.1326205
0.27245495
0.65609485
0.6342473
0.6083657
0.169034
0.15602064
0.26133555
0.87304413
0.76921135
0.74510086
0.7292431
0.70842516
0.69773275
0.2521902
0.13188937
0.15137644
0.8660977
0.7698804
0.88481045
0.18924248
0.13191706
0.2024984
0.18525825
0.10137205
0.096759126
0.18555637
0.107590415
0.09876176
0.18049271
0.09022622
0.0999641
0.15981168
0.080784835
0.09288443
0.08340002
0.0654881
0.08245683
0.09588319
0.10751977
0.9030766
0.90697217
0.7584555
0.8939788
0.094494894
0.058862403
0.05768613
0.075213924
0.8693632
0.91981995
0.8626417
0.09239384
0.06860576
0.07856088
0.8467273
0.8471896
0.9209974
0.8440721
0.091745414
0.07071212
0.08354644
0.86840284
0.92218786
0.83273655
0.09458668
0.070949666
0.07076223
0.105890706
0.87841016
0.10463519
0.07883771
0.103695385
0.08816658
0.11976435
0.0898835
0.09655996
0.14063288
0.07910825
0.0800992
0.1297388
0.105728544
0.10119435
0.7833633
0.116415806
0.08878942
0.11634569
0.86379653
0.8598632
0.9182393
0.9071065
0.13342908
0.113118775
0.18331932
0.71916956
0.1410096
0.15971485
0.12310946
0.11100411
0.12359598
0.18417962
0.87357736
0.88026875
0.7959137
0.800981
0.8760479
0.81708175
0.8829119
0.8784606
0.7652911
0.8592018
0.70300865
0.21586102
0.13959917
0.13489081
0.1615864
0.14508453
0.1551013
0.215411
0.61214894
0.8188307
0.19701314
0.16771553
0.20185356
0.23388363
0.31500512
0.37572515
0.6326809
0.6796202
0.68078375
0.6457894
0.1878576
0.20173633
0.16219851
0.57261884
0.6330617
0.70757186
0.75380075
0.88522464
0.8173411
0.86632764
0.19547696
0.19075108
0.1855707
0.678459
0.66694313
0.6014365
0.27228588
0.26422116
0.32371026
0.32040954
0.24340603
0.21180698
0.59371287
0.64022905
0.28803265
0.17864265
0.1388136
0.10596909
0.13452925
0.08885804
0.085383296
0.13032588
0.8726793
0.91815466
0.91469556
0.9013413
0.1511839
0.12421903
0.15092814
0.83974874
0.18645765
0.13257153
0.15246874
0.24112917
0.25515524
0.71413213
0.70872283
0.71498126
0.8738159
0.8686892
0.63611084
0.5425307
0.24299927
0.14208144
0.12876794
0.18273227
0.14989594
0.1387391
0.70743126
0.76387197
0.90146685
0.89607584
0.20121844
0.23360403
0.1620383
0.11009928
0.10804775
0.14743748
0.12443713
0.11465554
0.11424398
0.11499239
0.14567943
0.87206656
0.752687
0.8844672
0.887067
0.1531144
0.10774282
0.12748241
0.13064666
0.7084955
0.85160255
0.21691729
0.23599797
0.3571904
0.8154664
0.9020388
0.90273035
0.77169704
0.357327
0.33634257
0.28578326
0.8615375
0.8640196
0.21253105
0.23944761
0.17311837
0.17486286
0.69959575
0.8642764
0.7510301
0.87001246
0.861967
0.18338792
0.15173519
0.17151396
0.1680087
0.7839309
0.88852227
0.7933779
0.88867515
0.7544776
0.20310886
0.23886114
0.17002645
0.12232344
0.10732569
0.09838708
0.107014924
0.14703672
0.8688774
0.76961106
0.88963765
0.88543475
0.7233439
0.71240115
0.82967824
0.25969544
0.29823998
0.30228093
0.25847813
0.8594952
0.8656088
0.15209161
0.14299391
0.64954454
0.24623501
0.86000544
0.80570424
0.80583775
0.8903985
0.8692591
0.2671696
0.5069112
0.25639904
0.25121215
0.8521615
0.84721375
0.21524717
0.22706722
0.23766424
0.2493874
0.85606015
0.8638012
0.7432254
0.8518182
0.725743
0.6034812
0.17398348
0.15409103
0.16397072
0.1943861
0.8306785
0.7268257
0.8648651
0.8626038
0.6789341
0.2744715
0.17807707
0.13203625
0.15630782
0.86947167
0.717587
0.12237755
0.12133196
0.08086537
0.065217465
0.07062617
0.10482255
0.86160433
0.21350783
0.7099577
0.13474633
0.13777345
0.83125925
0.79127
0.91104907
0.09876675
0.056827676
0.05059038
0.055196192
0.07359461
0.8565675
0.8585908
0.8734068
0.90996075
0.862014
0.8684639
0.911419
0.8732061
0.88080454
0.90872097
0.10273023
0.06688928
0.08031002
0.07001407
0.09002609
0.8672165
0.7690658
0.8771247
0.49709582
0.43015093
0.84456927
0.3538151
0.8508471
0.12844543
0.08558956
0.09242482
0.18443827
0.15546542
0.14044286
0.6496504
0.6633678
0.14052299
0.14592688
0.25708568
0.17078306
0.11732204
0.09983532
0.089557655
0.10038285
0.13802218
0.63620496
0.6495856
0.67020065
0.16857542
0.12993757
0.16560413
0.13556252
0.13118997
0.17591222
0.15803231
0.16347809
0.19909725
0.81868386
0.69016486
0.84463143
0.77541935
0.8699879
0.8743467
0.7736884
0.7689833
0.8569341
0.7742002
0.78412044
0.854452
0.72781426
0.6326031
0.37302703
0.3525631
0.80043495
0.61939806
0.22517046
0.27383113
0.16551578
0.1515474
0.15844695
0.25218984
0.22427931
0.86588943
0.6997543
0.1157786
0.09018065
0.0832266
0.107162565
0.7466693
0.12519217
0.08349753
0.07904416
0.07662946
0.114075474
0.88118905
0.20675062
0.11063456
0.13586996
0.85101104
0.14135556
0.0920088
0.11183038
0.8794806
0.9038154
0.91251373
0.8583175
0.85671026
0.9224214
0.927486
0.93197125
0.14003664
0.056969225
0.04069096
0.037299912
0.03736671
0.03956796
0.047472358
0.050397888
0.07833544
0.9211619
0.9314462
0.9480213
0.9310612
0.08296443
0.051991902
0.043435857
0.04149213
0.043466635
0.048129767
0.048025496
0.04736021
0.05133176
0.053438768
0.06359718
0.100075446
0.806444
0.7664768
0.7742837
0.7914971
0.098647155
0.07489266
0.07737783
0.1365492
0.8603485
0.8512433
0.09611588
0.0731751
0.08686738
0.8536322
0.80869174
0.86047745
0.10987659
0.08605044
0.115666576
0.8804233
0.17360574
0.09959459
0.15168004
0.074323334
0.06535599
0.07080741
0.095286176
0.08678662
0.08359484
0.086818166
0.0975268
0.17709559
0.68305564
0.17947091
0.19576475
0.8197948
0.21177745
0.23794986
0.8157423
0.60277367
0.19897373
0.22728032
0.23340064
0.7039704
0.8504842
0.77527595
0.8704038
0.8715354
0.77619785
0.8094365
0.8770257
0.80326366

