0.8622701
0.8394182
0.7551272
0.7129522
0.72582716
0.72742045
0.84431744
0.67455995
0.39757594
0.5539557
0.824876
0.6497603
0.5822403
0.54117864
0.32795924
0.2884773
0.8245657
0.19774505
0.15986869
0.24390145
0.11887964
0.10191189
0.14936306
0.14106005
0.7565183
0.7702394
0.16191539
0.24341565
0.08103569
0.062701285
0.06418503
0.0617575
0.05904594
0.059080813
0.06786008
0.06684977
0.089548446
0.8638718
0.78910905
0.8750083
0.0934946
0.07281566
0.12621681
0.08760537
0.0579713
0.05934188
0.08308165
0.077870384
0.08648552
0.1115032
0.107011326
0.12971334
0.21682736
0.11519206
0.09996515
0.14208497
0.16752619
0.1761374
0.8800319
0.1617331
0.089930706
0.077733815
0.09235155
0.7628656
0.24200572
0.20165904
0.7688289
0.75040686
0.75081944
0.887882
0.32569164
0.21092246
0.7917447
0.08821986
0.061977256
0.068276405
0.1293246
0.10554305
0.2031753
0.20277905
0.12458779
0.14481905
0.1467713
0.121299945
0.17495127
0.12128038
0.11814131
0.1415668
0.18992938
0.15385032
0.18225186
0.10961164
0.10052574
0.11263818
0.12117843
0.13789448
0.17228417
0.85421324
0.17855796
0.14252312
0.13335945
0.14320056
0.65507984
0.29077664
0.13464831
0.1065044
0.10391097
0.114339255
0.74659836
0.86587083
0.68947124
0.64661795
0.67169404
0.72875327
0.8782998
0.7512655
0.736378
0.8077138
0.1483815
0.06327654
0.049982723
0.048495144
0.05511671
0.08171452
0.07709073
0.05608848
0.060294855
0.09074025
0.88818103
0.9272048
0.0958088
0.059130788
0.053116273
0.065569766
0.10817446
0.87452954
0.20394336
0.10382271
0.12764208
0.86813647
0.87927586
0.9158712
0.88803613
0.88231176
0.883814
0.86415213
0.88831586
0.18712078
0.10359
0.15941757
0.87476754
0.10135634
0.07274147
0.057020713
0.06655664
0.11479831
0.9020727
0.17381288
0.073268816
0.05998814
0.074420005
0.07898525
0.061708577
0.059136625
0.062764816
0.076658286
0.09366258
0.08259743
0.075208895
0.08050632
0.09632193
0.14662433
0.73356616
0.1306032
0.10877127
0.11316209
0.13832563
0.3092916
0.15338154
0.1413691
0.1872346
0.17575829
0.12943259
0.13044001
0.17434028
0.18047045
0.8628605
0.15387286
0.12961124
0.22850156
0.10630469
0.12083158
0.096476704
0.13788001
0.15360484
0.8808667
0.13196231
0.13624781
0.1394416
0.17886461
0.104982555
0.067183554
0.056151725
0.050609794
0.054162905
0.06356739
0.06873471
0.10495197
0.9167514
0.84724456
0.092382185
0.056301318
0.048105545
0.050864454
0.05255341
0.05079746
0.056583326
0.04739135
0.04508758
0.044766184
0.050735395
0.07262765
0.9086617
0.94031566
0.91289496
0.9172755
0.078352675
0.04943768
0.04475902
0.05765567
0.06908671
0.89177054
0.93153626
0.8835916
0.9286069
0.11443693
0.06959942
0.081088796
0.07879737
0.055593174
0.056315344
0.08290949
0.06726441
0.07203506
0.11532901
0.09449068
0.13373154
0.88198715
0.12998562
0.12604159
0.10456163
0.077541195
0.0948425
0.106720135
0.11773944
0.91251093
0.9138816
0.8278039
0.08952444
0.05388881
0.048336223
0.046025727
0.04592249
0.048313793
0.05560542
0.04912374
0.044598505
0.044549156
0.0498171
0.06999479
0.9096482
0.94427055
0.91381574
0.083176754
0.053256676
0.04665585
0.053453185
0.07423806
0.0771616
0.09819205
0.807138
0.09105994
0.073176004
0.09688668
0.09012138
0.12477422
0.8793945
0.12843838
0.1277431
0.091680154
0.104485705
0.17718528
0.7251494
0.17767207
0.19180357
0.10502975
0.07080224
0.078544706
0.07500175
0.061735228
0.06903275
0.06886274
0.06442412
0.08713657
0.079786666
0.057049334
0.056067303
0.068321735
0.084187366
0.879615
0.918952
0.09812934
0.06563779
0.0665595
0.095999226
0.87556905
0.8843102
0.2042943
0.3231205
0.87231886
0.8630688
0.9068536
0.9095611
0.8692698
0.91154355
0.8588015
0.87458587
0.23877451
0.16049972
0.81432676
0.087272085
0.060709957
0.06445992
0.09841452
0.8819626
0.7526923
0.11083957
0.103647284
0.11431272
0.9006109
0.9149278
0.8172088
0.111350104
0.080079764
0.07156411
0.06760484
0.09249916
0.0666821
0.06687479
0.0793739
0.12091798
0.11291956
0.18302986
0.17220047
0.21517272
0.0843749
0.065521546
0.06318185
0.07662816
0.083840966
0.7395191
0.15168375
0.1445946
0.8991442
0.917371
0.14164726
0.11814719
0.07429552
0.102617934
0.10162273
0.061002996
0.047670323
0.046820883
0.05113256
0.046929106
0.05116339
0.075299345
0.907813
0.93786305
0.93911165
0.90427905
0.10168998
0.0797398
0.11063175
0.8784689
0.123762764
0.06321915
0.058781274
0.081658
0.078723915
0.08337467
0.09383191
0.11609026
0.18216722
0.8864937
0.69426066
0.16783577
0.22633094
0.6010558
0.18109795
0.25033286
0.5683579
0.14294687
0.12995294
0.16548032
0.8496348
0.8512002
0.2417953
0.27130878
0.1675812
0.18879303
0.07289898
0.06278392
0.047567386
0.04558335
0.047053646
0.053900514
0.0795328
0.91257566
0.9011901
0.9396481
0.9361961
0.10473801
0.05997432
0.054569304
0.0494933
0.06119606
0.09670849
0.08364083
0.10615705
0.15642373
0.1630281
0.25378165
0.856219
0.70016396
0.7424203
0.8581891
0.7688973
0.870149
0.89022726
0.14332506
0.15855496
0.070909694
0.052639693
0.056080002
0.09486879
0.08700972
0.1145048
0.10340298
0.07451114
0.07803141
0.8771521
0.8741119
0.89450663
0.9246006
0.1104257
0.103062764
0.07729522
0.08224954
0.11157494
0.08263678
0.062935755
0.058329288
0.058339804
0.07938767
0.092345074
0.1472996
0.14241143
0.19629338
0.18387607
0.09955529
0.09113457
0.14735496
0.13642289
0.2441857
0.8330764
0.3752332
0.85434103
0.85084444
0.19674519
0.12467051
0.11479888
0.12930936
0.25789234
0.22299547
0.1945504
0.3168579
0.3049598
0.19678095
0.19344985
0.23433913
0.5242163
0.85188884
0.8622106
0.7387786
0.7351255
0.74003977
0.75030404
0.8649591
0.8665536
0.74998385
0.85411114
0.73963493
0.6715482
0.14804247
0.11163024
0.100789696
0.10593614
0.19501472
0.15477875
0.3269302
0.87835175
0.15572068
0.17356354
0.11019764
0.08573148
0.11905115
0.90131617
0.79404974
0.10116987
0.08623559
0.060197916
0.05131091
0.050100718
0.05156161
0.05741327
0.04938932
0.050879423
0.056878503
0.08449179
0.895978
0.85166925
0.92552155
0.09546714
0.05570295
0.04881287
0.054464325
0.07516259
0.85669845
0.8637222
0.3075154
0.8793515
0.8731423
0.8861329
0.8982229
0.33342427
0.8770327
0.9098298
0.0886768
0.055382326
0.056419905
0.05673076
0.0809512
0.8993205
0.84285265
0.9297594
0.18885203
0.08088444
0.084654234
0.054996464
0.057486083
0.050193507
0.051877633
0.061122164
0.09671579
0.09360815
0.098922566
0.71001977
0.70163476
0.10384662
0.095276065
0.13145125
0.119516164
0.12591411
0.65004086
0.6421146
0.66106945
0.66116637
0.17395824
0.117990434
0.12542747
0.10732253
0.1126716
0.16541266
0.17729585
0.6449862
0.17962779
0.11363128
0.09004024
0.09643446
0.16528654
0.12879972
0.19904125
0.191849
0.33423582
0.8842088
0.7979991
0.80760705
0.8968096
0.7692784
0.2268196
0.20752843
0.14286016
0.11259672
0.14069715
0.1604786
0.85134774
0.17205325
0.14778708
0.22468516
0.14202207
0.13715969
0.16342622
0.8532211
0.31787026
0.86553913
0.14857242
0.09915973
0.1191561
0.74336565
0.095284045
0.06451373
0.06301687
0.0604394
0.07074344
0.08010452
0.19490112
0.9169458
0.9219687
0.10455463
0.07055978
0.07809762
0.08680759
0.787554
0.1228055
0.1287323
0.87961936
0.9041273
0.8302066
0.8372379
0.9153597
0.8325731
0.92070764
0.14111651
0.057307106
0.04141247
0.0382891
0.038578216
0.040734686
0.048795927
0.051163714
0.07977679
0.9215973
0.9317688
0.9481716
0.9310193
0.08443887
0.053054914
0.044427678
0.04244261
0.04458816
0.04987066
0.0506456
0.05183616
0.061610352
0.07250566
0.113507286
0.89348197
0.11945018
0.0938198
0.09333776
0.10135855
0.8130924
0.1296536
0.10798673
0.15373874
0.104754634
0.1736119
0.105543934
0.07758042
0.07443226
0.08309327
0.07107792
0.071114704
0.0845436
0.10003018
0.13690399
0.8686035
0.72812766
0.72359574
0.84323263
0.15201326
0.10400505
0.09871004
0.13702758
0.11875409
0.117104985
0.122685395
0.13040386
0.26635
0.2151766
0.18401237
0.20772178
0.37691122
0.5813974
0.26292974
0.3238299
0.20535384
0.1794211
0.23985705
0.23771745
0.37752008
0.7112185
0.4164552
0.5628839
0.7737352
0.64169157
0.4940417
0.5890136
0.8064426

