0.86210364
0.8414397
0.76290387
0.7259319
0.7446609
0.73825705
0.7833817
0.8049434
0.88372004
0.8928226
0.8926786
0.8793468
0.72700286
0.70689553
0.8509537
0.7163133
0.85874116
0.16573763
0.12804955
0.1946028
0.09334219
0.076371014
0.09931493
0.09091427
0.11804655
0.12515472
0.09979596
0.19085282
0.07617359
0.06387356
0.066922516
0.06389103
0.060396336
0.06005293
0.068730794
0.067398325
0.08980209
0.86534476
0.78878057
0.8740876
0.09671947
0.07655915
0.1376603
0.09352388
0.0602803
0.0609063
0.084357895
0.079246424
0.09026243
0.123812094
0.13889267
0.68269646
0.85774165
0.1737817
0.1264648
0.15160519
0.11747511
0.124103844
0.2231071
0.108072676
0.12373941
0.7001218
0.13293521
0.13692959
0.25120857
0.6865648
0.6660076
0.6968597
0.14505735
0.1700279
0.14694598
0.10963337
0.7719391
0.73747134
0.7772853
0.82604504
0.9100466
0.8645454
0.92037994
0.92129636
0.10452491
0.07615371
0.06434341
0.05370229
0.06542404
0.06569984
0.090894744
0.7964307
0.13566719
0.10150291
0.1056389
0.077901855
0.07762633
0.09204589
0.107419476
0.12708007
0.68557787
0.85079145
0.18239449
0.1461596
0.13526446
0.1419125
0.6551194
0.26267743
0.12531918
0.09896112
0.09564515
0.10392887
0.7495604
0.8720867
0.69067657
0.6460076
0.6622921
0.715947
0.871644
0.73461264
0.7189201
0.7849825
0.15638535
0.06871634
0.054401573
0.051998954
0.058388267
0.08522695
0.08219483
0.058620665
0.06148336
0.0900587
0.88136756
0.9263814
0.09781041
0.060168695
0.054061487
0.066791646
0.11104126
0.8804735
0.21277194
0.10202947
0.123650745
0.8234532
0.2602202
0.8837804
0.8802125
0.87850535
0.87603223
0.24548542
0.8397985
0.17521903
0.10139861
0.15681623
0.87886316
0.10725859
0.07817274
0.059675194
0.06891066
0.11798618
0.9023847
0.17831437
0.07444591
0.06049919
0.07505794
0.079831
0.06267754
0.06091885
0.06607528
0.0816371
0.10057213
0.08895837
0.080041245
0.08447735
0.09976074
0.14713682
0.7087575
0.13690947
0.11955237
0.12973681
0.1660336
0.859097
0.66735524
0.18684264
0.15323184
0.18213181
0.15650813
0.17336194
0.6577876
0.6679166
0.8555983
0.70352525
0.68935895
0.84325397
0.1715352
0.124078274
0.12451
0.1787954
0.7227297
0.8745901
0.7407637
0.76144445
0.7795672
0.89888346
0.79314923
0.09455454
0.059744257
0.048098244
0.049950987
0.05797371
0.06497917
0.09991952
0.9120737
0.82516325
0.091276884
0.056630563
0.048702586
0.051634982
0.053280044
0.051217716
0.056005545
0.04739127
0.04505118
0.044736926
0.050552696
0.072315045
0.9096857
0.94040173
0.91460294
0.9174349
0.07864033
0.04950876
0.044669054
0.056683805
0.06768025
0.8847204
0.9291325
0.87015057
0.92590564
0.11495374
0.07011091
0.081786
0.07979073
0.056787696
0.057410054
0.08465733
0.06845377
0.06997614
0.10441983
0.06934258
0.073925465
0.097511016
0.068718925
0.083929405
0.10312999
0.83267534
0.81027246
0.807972
0.79439557
0.2742863
0.19674724
0.11429763
0.11943463
0.11865189
0.58597517
0.13819745
0.12780087
0.1560768
0.8495778
0.68172663
0.62488073
0.6111323
0.60268235
0.5914487
0.5695609
0.27700403
0.16367856
0.15507235
0.18458265
0.5387933
0.6950469
0.8329331
0.6645955
0.6080741
0.57767123
0.19741479
0.18055174
0.26669005
0.20544487
0.22566514
0.78847706
0.26293376
0.33067632
0.58787036
0.602658
0.23707008
0.120084845
0.110967465
0.18294409
0.14252782
0.12501991
0.73847514
0.14225481
0.103998646
0.14027876
0.85933745
0.8591672
0.915189
0.90579575
0.13536559
0.11416685
0.18192777
0.7562121
0.1387505
0.15324262
0.11992712
0.10906231
0.1244342
0.18990931
0.8675687
0.8525715
0.44779176
0.46661115
0.8534363
0.7912582
0.8798405
0.8733478
0.65855026
0.29945627
0.1752419
0.18133242
0.14151357
0.16050483
0.6198445
0.16231202
0.14066446
0.19606912
0.6590374
0.85560393
0.15184644
0.12388907
0.15663035
0.23419695
0.90352774
0.90923357
0.79774773
0.10918949
0.07378646
0.059587356
0.053160224
0.06347122
0.05941498
0.07910928
0.81134564
0.8106153
0.1352778
0.16874017
0.19240354
0.8836119
0.094075836
0.05911006
0.051373594
0.06114176
0.08717983
0.879901
0.89197016
0.90524584
0.91705406
0.89834434
0.18413526
0.13700138
0.8325245
0.8711995
0.9100753
0.8775873
0.88476723
0.17989291
0.2280321
0.8545015
0.8555607
0.8731363
0.892142
0.15903169
0.10382167
0.059101596
0.05929966
0.08205466
0.81995845
0.16706178
0.1173131
0.11176413
0.8389823
0.9159314
0.108934164
0.08294796
0.073923096
0.07044326
0.12048186
0.14473052
0.12399233
0.7655819
0.14505151
0.07261101
0.065257646
0.087619714
0.07753256
0.08368567
0.85521543
0.829797
0.91925126
0.91378707
0.16577926
0.2013905
0.116071075
0.0771741
0.081730835
0.12667911
0.6796591
0.119306155
0.10499609
0.1076696
0.1463952
0.86161345
0.73572373
0.8480554
0.38027644
0.2039312
0.19351102
0.5229048
0.18504608
0.19554092
0.27671504
0.23720644
0.32070443
0.83330315
0.74896777
0.8631558
0.8663396
0.7537832
0.77006984
0.8599317
0.77489185
0.8711518
0.87959814
0.17053355
0.18043248
0.087620735
0.067718565
0.07222641
0.12318988
0.10729256
0.12937574
0.11279175
0.08611081
0.087148964
0.8423614
0.8134611
0.85616577
0.9142603
0.12195907
0.11800456
0.096310265
0.101422474
0.12381719
0.09221523
0.074285224
0.07554339
0.08476836
0.12040908
0.14550027
0.86618865
0.7594574
0.87792015
0.8711017
0.7022566
0.7094865
0.8390426
0.73149365
0.85977167
0.86348826
0.74643695
0.8603603
0.8601704
0.22410196
0.6217257
0.11764225
0.09873766
0.13806494
0.09961288
0.08367307
0.12430306
0.12553623
0.106671885
0.7818834
0.7832177
0.7935825
0.89616966
0.880365
0.17916697
0.19364272
0.22922622
0.7896214
0.89488
0.8852473
0.2083159
0.22963686
0.16388088
0.12468391
0.1390873
0.38643047
0.22784515
0.65089715
0.85307163
0.7751633
0.87683016
0.8837696
0.818803
0.86903983
0.7671325
0.6911592
0.6872932
0.8246799
0.64661515
0.20834668
0.24666335
0.13672642
0.12775956
0.12784486
0.13213545
0.17704004
0.14413396
0.14476603
0.1604536
0.19307247
0.15550303
0.14899835
0.25336578
0.15825477
0.14780088
0.21718276
0.5970272
0.5875174
0.5773227
0.23182952
0.24347614
0.81744224
0.20716798
0.18796131
0.30549043
0.27848348
0.35940662
0.8704249
0.71547526
0.69366175
0.23228927
0.10545054
0.085907616
0.15138416
0.10422714
0.1773173
0.1794206
0.11575717
0.20909645
0.7931368
0.8439257
0.08279046
0.053973854
0.05026583
0.068420134
0.06348465
0.07855073
0.8619271
0.79655087
0.87839293
0.099896066
0.08179258
0.05741617
0.051544644
0.05888739
0.08492053
0.80600125
0.7993494
0.11725777
0.07970819
0.08957014
0.09076317
0.07583826
0.09829859
0.08817427
0.08661573
0.11827521
0.10020704
0.0832186
0.092685565
0.17615378
0.13171111
0.22275597
0.20678179
0.34318778
0.8809518
0.7761301
0.7883621
0.89389974
0.75823796
0.21654347
0.19736537
0.13801825
0.10927126
0.13867474
0.15666632
0.8362411
0.22597699
0.22251104
0.8390967
0.16132902
0.123652406
0.12854189
0.2417749
0.15346962
0.22726977
0.12820327
0.14124298
0.13471311
0.7354204
0.10425103
0.08685041
0.11337155
0.1368471
0.854946
0.17984702
0.16685773
0.877076
0.8896841
0.16561328
0.17656647
0.8723255
0.10931763
0.05765613
0.05109403
0.068919845
0.08096633
0.07834614
0.07662118
0.8935069
0.93278694
0.8545541
0.9312906
0.13765359
0.05657245
0.04130194
0.038295843
0.03863887
0.04085512
0.04916673
0.051305994
0.080086105
0.92140543
0.9326127
0.9481884
0.9315011
0.08382921
0.051974244
0.042682044
0.039836813
0.040388424
0.043531653
0.045902073
0.05284696
0.07718361
0.8473047
0.78511316
0.9162242
0.12227878
0.088012084
0.0836651
0.090385914
0.104523465
0.81317544
0.11734204
0.125126
0.081182495
0.097032145
0.79157966
0.7271692
0.7760349
0.12330773
0.07342996
0.06672775
0.08083004
0.09876146
0.14004304
0.8667344
0.70099396
0.19446188
0.27280793
0.13863921
0.15749972
0.11501513
0.14516175
0.11906556
0.11480328
0.12251047
0.14846903
0.26496324
0.22115198
0.19765736
0.24062635
0.73117995
0.20727967
0.20704818
0.31352636
0.18058655
0.15752985
0.21592976
0.21672761
0.28010756
0.32429162
0.34855178
0.8270386
0.8426292
0.7175141
0.7292246
0.78189665
0.85047644

