0.861943
0.84228426
0.76628166
0.73498166
0.7631613
0.7674891
0.784343
0.77220875
0.7910372
0.859856
0.47790903
0.22894649
0.18846034
0.18477173
0.20982246
0.6166232
0.7872816
0.26582277
0.24047941
0.32495052
0.20717156
0.1821483
0.2389031
0.21506882
0.26632386
0.2784365
0.2600924
0.7863396
0.60721356
0.19906391
0.17612784
0.17055342
0.20502262
0.17721176
0.21668003
0.20945042
0.16741903
0.18663473
0.14075197
0.121969156
0.13370728
0.18056062
0.29983217
0.6022921
0.22240187
0.17018375
0.2262512
0.6375267
0.6397153
0.6971095
0.1440594
0.1175225
0.17789744
0.08806931
0.07802568
0.11354966
0.13505493
0.15870054
0.8893158
0.13666302
0.076119825
0.06935234
0.08815074
0.80238503
0.20839311
0.16856223
0.81983596
0.7884446
0.7902071
0.90099734
0.3086687
0.19606148
0.83109456
0.08046501
0.05366022
0.0554797
0.10252076
0.08245397
0.16069092
0.15703286
0.09538244
0.11321086
0.11570336
0.092215575
0.120878644
0.089380465
0.08726982
0.10656489
0.1369768
0.127688
0.21426734
0.10574517
0.10174136
0.075105816
0.07017144
0.07300419
0.115212046
0.8796903
0.6699946
0.67707086
0.12500167
0.11132181
0.78941894
0.8851519
0.7134857
0.7199363
0.12651606
0.119540654
0.8010229
0.907348
0.096466154
0.06256544
0.05498251
0.06701588
0.12306755
0.091634676
0.12998192
0.1492545
0.1844684
0.10021755
0.10466761
0.12001513
0.16407502
0.33730662
0.35957506
0.20304629
0.22977528
0.22186987
0.18211325
0.28689146
0.14313078
0.14002472
0.20535347
0.22539067
0.2140662
0.36484677
0.8130162
0.25827777
0.26929212
0.27066538
0.23851483
0.8179834
0.23775667
0.15599415
0.18959719
0.16086471
0.17830153
0.86955863
0.73416793
0.17562951
0.25308722
0.084280536
0.06468265
0.06876774
0.07778272
0.09440282
0.25303265
0.90697086
0.7730855
0.8404422
0.12125614
0.0665519
0.050756514
0.051767886
0.066833846
0.088252395
0.12907952
0.13951956
0.7351159
0.12770729
0.11788225
0.12089966
0.084753454
0.07542176
0.0727737
0.0930057
0.2697347
0.8990987
0.7689393
0.7542705
0.7739814
0.12114865
0.0731074
0.06854104
0.08865683
0.08791489
0.16809152
0.10159967
0.12353366
0.23821953
0.11895802
0.14175816
0.09906943
0.12779158
0.11386338
0.19385514
0.099360876
0.13149098
0.15140735
0.21564925
0.12541741
0.078258686
0.0634692
0.054966163
0.061739262
0.07746905
0.07812136
0.10992877
0.9136126
0.83022463
0.0988668
0.05862612
0.049438447
0.05353321
0.055184312
0.05236133
0.06022757
0.04836152
0.045673158
0.045155827
0.05117422
0.0733239
0.90687245
0.93863213
0.8977269
0.9094957
0.07877685
0.050756834
0.047883566
0.0680853
0.074822694
0.8817523
0.9233407
0.849602
0.91884226
0.12403209
0.07877907
0.10358941
0.09758145
0.064061396
0.06599955
0.11153728
0.08279884
0.088086605
0.16060297
0.09756378
0.118864454
0.19529442
0.11227375
0.1474395
0.18160976
0.7837541
0.7608193
0.75432116
0.76113
0.2535859
0.18403155
0.09693517
0.09342988
0.06951928
0.069059364
0.08110215
0.087924056
0.13049985
0.90182215
0.15542553
0.078899406
0.057564817
0.053180125
0.055404287
0.06642007
0.09657414
0.110041775
0.82381415
0.0928888
0.065776706
0.06732583
0.075184576
0.056801345
0.055485617
0.058850173
0.068764105
0.116009116
0.90514696
0.107846014
0.06334809
0.056690253
0.04957347
0.052605096
0.05009024
0.059019174
0.13251711
0.92273855
0.9285235
0.9436266
0.124836855
0.059063293
0.047616858
0.045316096
0.044763528
0.053304173
0.0675262
0.09710072
0.9128737
0.92567974
0.11073808
0.07473993
0.08509157
0.075817004
0.115197316
0.8749343
0.13536713
0.08464646
0.08584104
0.10923518
0.87341166
0.8765771
0.76160926
0.7928907
0.87242216
0.7931103
0.88124055
0.8764771
0.76667094
0.85845476
0.14618756
0.12292177
0.084080964
0.08548198
0.09157611
0.1051613
0.12899327
0.24892038
0.6314477
0.80894583
0.18871139
0.16710605
0.20675714
0.23239772
0.8413222
0.8396832
0.6132637
0.1601977
0.12436938
0.10823064
0.09831114
0.15585582
0.16635787
0.12560321
0.75249404
0.08701035
0.07298446
0.10034713
0.084408715
0.08546426
0.05313322
0.050517052
0.057222802
0.0847
0.8829034
0.9024511
0.09520044
0.061562695
0.065848075
0.06019303
0.047114298
0.051143292
0.071115896
0.9013224
0.93353796
0.91295224
0.14194596
0.15498428
0.8768901
0.099048235
0.061398316
0.054502156
0.058388203
0.088310845
0.09577516
0.06215233
0.056696218
0.060472526
0.07740262
0.10683661
0.09177699
0.0806908
0.11764394
0.8876169
0.11787304
0.11117688
0.108317606
0.09858283
0.1814654
0.19511019
0.103311114
0.08594925
0.11876349
0.0693031
0.06643223
0.09255421
0.079560086
0.08366077
0.85253394
0.81351423
0.91335076
0.908038
0.17090695
0.21239361
0.12958036
0.082816385
0.08197182
0.11817475
0.11958803
0.7137047
0.13164333
0.10311672
0.11867854
0.24782202
0.24581014
0.33852303
0.31802118
0.19974351
0.2199405
0.2454353
0.30412227
0.24031018
0.30276984
0.27149555
0.37010142
0.75576925
0.69704086
0.8163918
0.818687
0.7110114
0.725653
0.8139603
0.75042343
0.8393124
0.86064714
0.18622825
0.22137038
0.090744376
0.06403153
0.067984074
0.12685598
0.10471218
0.13663296
0.1198483
0.083037704
0.08312607
0.87033546
0.8645438
0.8851519
0.921208
0.118829824
0.11603624
0.08679434
0.09142315
0.12345262
0.08752337
0.06662269
0.06334993
0.06663544
0.09612197
0.12459067
0.8748205
0.7463624
0.86880416
0.85587585
0.19368982
0.15178066
0.2524377
0.22258948
0.37448746
0.72690403
0.31761023
0.36569688
0.36029273
0.2931181
0.5086591
0.5695369
0.5933384
0.6542202
0.34605798
0.27275345
0.37598783
0.37013477
0.23850968
0.21319838
0.24398065
0.22622749
0.37377805
0.37628555
0.26408905
0.30600065
0.32125583
0.32798263
0.62992847
0.44321996
0.35011512
0.4737303
0.5867973
0.31272244
0.19300973
0.18297161
0.18145375
0.186524
0.32580644
0.25727847
0.41789415
0.39997777
0.2671949
0.3451504
0.26968735
0.20580094
0.25271088
0.7144201
0.20850015
0.1859412
0.28382483
0.13702638
0.13213593
0.12792598
0.12440732
0.16800438
0.119762085
0.11379457
0.11800899
0.14804822
0.16751732
0.17088851
0.87704486
0.11672155
0.073693044
0.07496678
0.07363114
0.094143316
0.78636354
0.26839045
0.21823616
0.873846
0.79212165
0.7937693
0.87071425
0.23974861
0.30631915
0.8469761
0.13347563
0.10475291
0.16133483
0.1279019
0.1516612
0.83232766
0.2569354
0.35148904
0.36882105
0.27857795
0.8290023
0.16717364
0.13011843
0.13352954
0.15990667
0.24008688
0.8556728
0.19572924
0.11939513
0.10406848
0.10234277
0.11716947
0.648687
0.8657238
0.23135859
0.68435514
0.73532
0.09371117
0.06265966
0.06264288
0.095258504
0.0720238
0.07010935
0.06204214
0.058654957
0.060670678
0.05733201
0.055083495
0.05835894
0.06563573
0.09290879
0.8625921
0.08777422
0.062519446
0.06446694
0.063666426
0.109458365
0.16385853
0.89530015
0.8990568
0.9266699
0.903995
0.9159499
0.9330264
0.9118865
0.10215545
0.06169195
0.047240548
0.04926616
0.056877
0.09093241
0.90506935
0.84671366
0.09669059
0.07180816
0.098880626
0.11315207
0.83073926
0.10869956
0.11381452
0.0716916
0.069401644
0.1015727
0.08233666
0.10554359
0.12673727
0.8515885
0.19167803
0.1866926
0.85964435
0.8461813
0.2966477
0.65744406
0.8385994
0.14820728
0.11411713
0.12086347
0.15493648
0.2875661
0.8352014
0.6647868
0.68810505
0.87403214
0.8847408
0.8987576
0.21199663
0.09291967
0.06268631
0.05744529
0.056677073
0.06243816
0.08748388
0.070367016
0.09472062
0.9005384
0.82297957
0.92306864
0.8413687
0.08879374
0.061332263
0.061884545
0.054164615
0.060848102
0.08309113
0.07937547
0.077782966
0.09833858
0.08551968
0.08865298
0.122492045
0.07879229
0.075047724
0.06502359
0.054288287
0.0577105
0.07086732
0.10377843
0.9131808
0.8488012
0.10502954
0.066062264
0.064415716
0.089679345
0.84878075
0.087407365
0.0678746
0.053545427
0.058290992
0.09276273
0.91606903
0.9215996
0.9169685
0.93635577
0.09275817
0.05354559
0.04338788
0.044927474
0.045141313
0.047197234
0.052606385
0.064440645
0.11776416
0.8058938
0.78227663
0.13593765
0.15583155
0.083066985
0.09220924
0.13969909
0.089623116
0.08372164
0.10721568
0.11299318
0.16997737
0.8660323
0.7646929
0.8817895
0.8925969
0.89409816
0.8545748
0.8993849
0.8891787

