0.8625932
0.8420952
0.763383
0.7254764
0.74155694
0.7327266
0.77222544
0.7850784
0.8210634
0.8871059
0.89243644
0.8806295
0.73153454
0.7113001
0.8504971
0.7195779
0.85263515
0.18390425
0.14222094
0.20379473
0.10545688
0.09142455
0.12810045
0.12600197
0.7743917
0.79090476
0.14847922
0.20638554
0.074128844
0.05843252
0.05910078
0.0573832
0.05520909
0.05518096
0.062236685
0.06325454
0.08643539
0.8732878
0.7974511
0.8831957
0.0914943
0.06895756
0.10852309
0.07787898
0.05437413
0.055665795
0.07433302
0.0728474
0.08113778
0.10345089
0.0991054
0.117689185
0.1856889
0.09848911
0.08464266
0.11636421
0.13879882
0.1561993
0.88930494
0.14151894
0.07690442
0.06890339
0.08650327
0.7824418
0.20788655
0.16905664
0.8041465
0.7793763
0.77634996
0.89647895
0.2974932
0.19541816
0.8072483
0.08439078
0.057642657
0.06036958
0.1033448
0.08950049
0.15801959
0.16075942
0.10791434
0.12990879
0.14466518
0.13660626
0.7210389
0.12144343
0.09769917
0.1064273
0.13027193
0.12050434
0.18925522
0.10040961
0.09497193
0.07228889
0.06777665
0.07132839
0.10951225
0.88039744
0.6695572
0.6624483
0.12369512
0.11106675
0.7554616
0.87733924
0.69332963
0.66905975
0.13311228
0.12548816
0.75038844
0.890126
0.11220022
0.0825746
0.07480766
0.089622684
0.15048021
0.11382127
0.15243475
0.17831929
0.23039748
0.12272693
0.12448132
0.13780808
0.17271343
0.31095728
0.32330194
0.19714174
0.2195657
0.2162962
0.18093388
0.28599417
0.14625183
0.14410913
0.21094722
0.23254187
0.22176844
0.38805386
0.8102847
0.27287686
0.28374785
0.28503084
0.25612712
0.8089784
0.25831848
0.17252779
0.20506337
0.176378
0.19623603
0.84520227
0.68727976
0.68485105
0.8507581
0.17643143
0.15197882
0.7398203
0.12151259
0.12448922
0.15844804
0.13761942
0.09160256
0.11960334
0.8180085
0.7505414
0.8333004
0.09395297
0.07333631
0.057255764
0.06619044
0.098265454
0.864085
0.08707579
0.057249203
0.04849808
0.04500345
0.04407939
0.04713193
0.0585892
0.17687161
0.92638606
0.92723984
0.9244353
0.9283452
0.09023409
0.05282409
0.042819362
0.042881005
0.04539426
0.058890805
0.06503887
0.11241831
0.90046704
0.10837178
0.0849353
0.059007403
0.06748242
0.07210503
0.099606164
0.07524305
0.098658144
0.12343896
0.16564775
0.12479452
0.7475011
0.0986343
0.076658025
0.0739577
0.085349
0.08413195
0.111435466
0.9057698
0.78971165
0.09969437
0.061214957
0.0520352
0.05798047
0.059988834
0.055721253
0.06487652
0.050706346
0.047171723
0.045875795
0.051391512
0.07227049
0.905721
0.9376061
0.8959758
0.90103006
0.080448925
0.051870953
0.0494859
0.06836117
0.07474547
0.84895605
0.9151557
0.8244593
0.90985435
0.14390753
0.09469427
0.12692636
0.12036856
0.07702029
0.07469371
0.10937765
0.08772746
0.09227378
0.14672177
0.12781738
0.6976756
0.86407554
0.6816312
0.68523496
0.15570289
0.09686979
0.10788359
0.11526356
0.124971785
0.9054273
0.91131103
0.8145812
0.093536176
0.056496754
0.05175191
0.047920834
0.04698064
0.04995584
0.060582805
0.051557764
0.04552523
0.044944927
0.050033588
0.06991313
0.9071629
0.94339025
0.9080324
0.083188094
0.053448003
0.047479626
0.056080002
0.07983898
0.081793875
0.09973376
0.7871202
0.09156903
0.07523641
0.10258975
0.09471594
0.12627879
0.874065
0.1364057
0.14415143
0.10147059
0.1136069
0.19344665
0.7099343
0.18323535
0.19960079
0.10775284
0.0719358
0.07934656
0.074531354
0.059990086
0.06685515
0.06671296
0.06378207
0.095199585
0.10335429
0.08567928
0.06315507
0.07345825
0.085613586
0.8769047
0.9175251
0.096986696
0.06507049
0.06615707
0.09567192
0.8753668
0.8841835
0.20442407
0.32376906
0.87237227
0.86369246
0.90695214
0.909666
0.8698406
0.911696
0.8594028
0.87504417
0.23897749
0.1606563
0.8148187
0.08732947
0.06072225
0.06447962
0.0984864
0.8819837
0.7556044
0.11146207
0.104388356
0.114558235
0.899404
0.9136036
0.8130407
0.11163465
0.08045588
0.073299125
0.0736622
0.11473727
0.11656275
0.077866726
0.08219157
0.121695265
0.11167654
0.182525
0.17205738
0.21651371
0.08452922
0.06553156
0.06316933
0.07672361
0.08395743
0.7394329
0.15208499
0.1449806
0.8991707
0.91745824
0.14159165
0.11799552
0.07418904
0.10240804
0.10135516
0.060879525
0.047623955
0.046769295
0.051014245
0.046888996
0.051141936
0.07531426
0.9078923
0.93790257
0.93914956
0.90454036
0.101651385
0.07971358
0.11059616
0.8785249
0.1236196
0.063139185
0.05864864
0.081313275
0.07838909
0.08298275
0.093387194
0.11559919
0.18131092
0.8868269
0.6951572
0.16717462
0.22526702
0.60206085
0.18040392
0.2493808
0.56875664
0.14247459
0.12949322
0.16480802
0.8502816
0.8518657
0.24090973
0.27019453
0.16682635
0.18781677
0.07267971
0.06261095
0.04751684
0.045553662
0.04703298
0.053883694
0.079520926
0.9125807
0.901179
0.93963337
0.93620527
0.104684114
0.05993586
0.054501515
0.049448784
0.06111742
0.09653557
0.083526365
0.10601298
0.15615387
0.16276492
0.25349346
0.8563114
0.70029426
0.74264795
0.8583717
0.76901895
0.87009585
0.89029986
0.14285536
0.15763634
0.07072498
0.052582715
0.056046925
0.094742954
0.08704956
0.114573225
0.103447996
0.0746706
0.07824928
0.87717766
0.87419486
0.8949103
0.92471933
0.11469078
0.10823496
0.08110411
0.08541626
0.11445034
0.08268726
0.06355279
0.06082282
0.064344026
0.09234237
0.12049716
0.87787426
0.7519425
0.8767819
0.8650329
0.18713126
0.1464149
0.24464285
0.21627405
0.37119767
0.74041927
0.3178663
0.36672765
0.37569094
0.35683832
0.47724596
0.6152743
0.7814844
0.7669248
0.34453133
0.25627008
0.36210167
0.34130126
0.19316065
0.17396046
0.21372727
0.20119452
0.3386489
0.33769998
0.21949553
0.25435084
0.26528278
0.25925067
0.82014996
0.3457691
0.19000965
0.24398117
0.13945286
0.0839475
0.07385175
0.0829757
0.10693828
0.124444626
0.84920627
0.2437326
0.45837364
0.87897944
0.80729204
0.8891916
0.77528363
0.23320313
0.20470041
0.8601587
0.71191686
0.12589526
0.13926698
0.10552585
0.089480154
0.101005234
0.16245045
0.13358009
0.10554359
0.12881772
0.118515775
0.14329271
0.1592789
0.1593078
0.8829187
0.1167292
0.07362248
0.0743886
0.07343805
0.0940222
0.77552724
0.25241682
0.21289599
0.8735963
0.78132087
0.7844591
0.8698167
0.2359756
0.29530808
0.84759295
0.1404082
0.11162109
0.16079721
0.13238202
0.1547739
0.83000463
0.2687159
0.35129887
0.39272055
0.40698063
0.8334921
0.65611297
0.60637444
0.57585937
0.22031592
0.21557567
0.8482382
0.19156653
0.13829687
0.095948175
0.094649725
0.14660384
0.11836862
0.19003306
0.7998258
0.09338056
0.06715119
0.06691355
0.090359546
0.77506554
0.8183712
0.09497781
0.06648921
0.05782922
0.05353298
0.05637065
0.05511602
0.053910583
0.054619417
0.051563457
0.048249345
0.047504734
0.053804666
0.054669373
0.08246242
0.08977153
0.20145486
0.9167083
0.91637784
0.9275216
0.9397798
0.9186475
0.11647286
0.094453715
0.056571975
0.04984379
0.06231185
0.102477975
0.8835771
0.11758127
0.088232964
0.13305315
0.85686535
0.09551671
0.06901255
0.09135514
0.08095116
0.10924866
0.07093583
0.059644695
0.060971223
0.05804881
0.059450086
0.06566698
0.08400475
0.07459482
0.08657534
0.07308306
0.08301952
0.1339673
0.15180247
0.12079235
0.14893618
0.8914702
0.12689121
0.06777738
0.057055026
0.065604575
0.10319974
0.11146912
0.0930605
0.8061784
0.90220994
0.3449293
0.8989213
0.18366063
0.06772584
0.047295272
0.0435586
0.043763887
0.046664566
0.059999388
0.056428637
0.08258163
0.9159677
0.90403044
0.9417333
0.9159233
0.08913225
0.05698657
0.050434377
0.04543521
0.04903273
0.063583404
0.06281169
0.06318186
0.08309494
0.09267816
0.78792953
0.8944637
0.14781983
0.13088784
0.116494745
0.09598138
0.12550427
0.64646393
0.22197093
0.36033052
0.7234892
0.1573505
0.094249904
0.07765911
0.09900395
0.81055045
0.105905384
0.109341025
0.06793158
0.068852134
0.100505
0.9038603
0.87171584
0.8601944
0.92189336
0.107173786
0.06406919
0.05671724
0.07386165
0.06872454
0.068887204
0.07510033
0.08782745
0.16938117
0.6729351
0.64395857
0.6884726
0.83387566
0.68538654
0.21050374
0.24314354
0.14095376
0.12677936
0.17345141
0.17456618
0.2733093
0.8375059
0.7550585
0.8677352
0.86948484
0.7694772
0.80528677
0.87577856
0.801617

