0.8596162
0.84074426
0.7685592
0.745154
0.79724234
0.878729
0.86386913
0.4918914
0.46582806
0.5899809
0.85332865
0.84384316
0.32153538
0.28863373
0.507383
0.2754851
0.3235351
0.21878758
0.21420828
0.30972743
0.2107541
0.24262461
0.24292587
0.22327138
0.29524562
0.6301419
0.6536376
0.8192588
0.174258
0.12631479
0.12423005
0.124566466
0.13179539
0.7056404
0.19790152
0.17473175
0.11986391
0.12839365
0.09117979
0.07434596
0.07759542
0.09696235
0.20287181
0.1326463
0.07817382
0.0716378
0.08740881
0.061278082
0.06423341
0.07275203
0.06835589
0.109054126
0.9014255
0.78240275
0.80013114
0.8717068
0.08787132
0.06533957
0.08559036
0.05024259
0.051062927
0.056871507
0.06897277
0.09303191
0.17095464
0.12487878
0.106862135
0.12221616
0.10738212
0.22497368
0.24570143
0.14699541
0.8047537
0.091044195
0.060968474
0.061329573
0.106324255
0.096653864
0.124067314
0.10798313
0.0775521
0.10439869
0.86279213
0.8661985
0.11709476
0.060603894
0.048832525
0.047564384
0.04824186
0.047183942
0.049324304
0.054700047
0.07299092
0.84901744
0.8618203
0.13452014
0.13941482
0.87486327
0.82180923
0.8187529
0.85661894
0.13651241
0.14590876
0.89918035
0.9251601
0.09154191
0.05792222
0.056685522
0.05151134
0.06200192
0.04935038
0.05057371
0.054481275
0.07403627
0.096189894
0.07050257
0.08747432
0.10210663
0.1239911
0.09200762
0.07940952
0.08658558
0.10889314
0.8892364
0.88052255
0.15861854
0.15539193
0.14923245
0.13716199
0.2136916
0.13231854
0.14267579
0.20463526
0.22195922
0.2004555
0.33598635
0.32467544
0.19284576
0.21919204
0.22591959
0.23478428
0.29076466
0.20981777
0.15948813
0.21785107
0.5676301
0.27969855
0.8507038
0.69534403
0.20652765
0.28819638
0.10192061
0.07793929
0.082281336
0.091891326
0.10992348
0.31455728
0.8956503
0.7452903
0.7760514
0.14488697
0.08040465
0.060687583
0.062075313
0.080485545
0.09971998
0.13665217
0.12311245
0.124166906
0.13850556
0.21783343
0.21797153
0.15128404
0.13084221
0.11369758
0.123579286
0.15523775
0.84223545
0.16805196
0.15712497
0.18669862
0.19107215
0.24199174
0.13323808
0.15545325
0.16613363
0.23531915
0.09925229
0.09919049
0.19729963
0.08332633
0.08085651
0.07404953
0.102705814
0.097576894
0.14379202
0.08297824
0.11077266
0.13309
0.18392445
0.83526903
0.09089108
0.06791375
0.079068646
0.05703833
0.06263104
0.07776789
0.88074267
0.93553954
0.87855405
0.08524272
0.05186931
0.04404352
0.046057716
0.04831633
0.048006337
0.053998165
0.046123933
0.044303276
0.044218343
0.050189592
0.0719583
0.90894735
0.94053656
0.9172532
0.9193801
0.07885453
0.049578186
0.04467647
0.057305947
0.06827911
0.8940596
0.9329115
0.90267223
0.9312271
0.12737283
0.06876412
0.07354895
0.068626985
0.051487956
0.055543344
0.087888554
0.8667143
0.82950824
0.9251799
0.8541502
0.109056935
0.096439056
0.058817588
0.066781715
0.07675492
0.086896114
0.8329678
0.82267433
0.16144633
0.17003512
0.13561329
0.07674678
0.076104194
0.07098185
0.10900861
0.0849738
0.08764876
0.13265434
0.8913316
0.12971526
0.06963795
0.05419841
0.05678216
0.07565567
0.83994937
0.9221384
0.81513023
0.09512611
0.06871548
0.07485546
0.113721825
0.16372147
0.07343487
0.06951762
0.07638257
0.07576951
0.11919488
0.89877415
0.11165495
0.07229194
0.08086432
0.060066786
0.07117952
0.056721956
0.06444161
0.12661017
0.90134376
0.8754343
0.9299906
0.14912142
0.075007945
0.074374855
0.07376315
0.066305265
0.09015094
0.112202615
0.12420084
0.88553655
0.8721548
0.16249691
0.1361272
0.20084591
0.13575332
0.1794128
0.8121529
0.21661942
0.15899421
0.16321297
0.22664143
0.33467567
0.33819324
0.24229407
0.30005535
0.39258134
0.61534745
0.77867734
0.76519907
0.64135647
0.35108787
0.20082645
0.21778917
0.6102551
0.15125471
0.11912957
0.1058035
0.09322115
0.10191079
0.13452171
0.23273158
0.14022759
0.13397218
0.14512704
0.1637362
0.243978
0.21377961
0.10302402
0.09517455
0.07891129
0.059707172
0.063545
0.08554579
0.09174546
0.81045634
0.12024054
0.12043005
0.8361815
0.8950703
0.13043405
0.13117088
0.108224146
0.84313446
0.81492037
0.8252269
0.82931024
0.121197775
0.11092405
0.12912619
0.87119204
0.879327
0.1529953
0.14059189
0.7293379
0.25017878
0.8524826
0.19138843
0.1081675
0.112547554
0.18041018
0.110305004
0.09977029
0.14743607
0.19392745
0.3000466
0.30300862
0.2096405
0.5700254
0.17427671
0.17871924
0.28839657
0.27874917
0.3365779
0.24309833
0.30874708
0.20014474
0.24735679
0.2585109
0.23003721
0.41444147
0.43219385
0.21661802
0.16140948
0.24395499
0.11676769
0.10862772
0.17332022
0.12833993
0.123292394
0.7453781
0.7426727
0.8788939
0.8752398
0.21105598
0.27560192
0.17449205
0.10089487
0.093422316
0.12618726
0.09329537
0.10270462
0.107338324
0.11558925
0.1259391
0.27503416
0.19140668
0.37221712
0.3533877
0.17353018
0.13748272
0.17839174
0.17955244
0.246134
0.7408277
0.62808216
0.5991043
0.42698535
0.3330802
0.39078823
0.38502848
0.32049093
0.41499755
0.7716198
0.54601216
0.8301479
0.8246551
0.25403813
0.23516329
0.18690483
0.1872359
0.22168466
0.81720906
0.7148167
0.8479151
0.84726423
0.22219586
0.5670859
0.1367142
0.093628906
0.11574869
0.16207716
0.12495444
0.14838599
0.10309822
0.09511345
0.105196394
0.067549214
0.052175127
0.047203388
0.045223393
0.04754592
0.05664139
0.096450046
0.13570167
0.9090581
0.9215225
0.84869635
0.83694017
0.8958908
0.1241114
0.12656517
0.13468881
0.13187322
0.889905
0.9107733
0.10531356
0.061636217
0.05982038
0.08181132
0.8843016
0.893242
0.91237813
0.9321795
0.9303676
0.9208908
0.11085197
0.07523712
0.07489718
0.16370049
0.8721104
0.09879768
0.07544975
0.07888085
0.09846061
0.9107296
0.9285685
0.88246834
0.1511589
0.08452784
0.061961334
0.04624933
0.04559277
0.047180064
0.058101553
0.09846058
0.108500674
0.14606686
0.1522832
0.12702054
0.15180266
0.12625761
0.15074691
0.1209186
0.17783123
0.60180706
0.21774806
0.8487593
0.6717923
0.69378513
0.114855684
0.09065669
0.12120843
0.07883895
0.07788119
0.07001628
0.0805676
0.091708966
0.123826474
0.8954295
0.106839545
0.063640475
0.05782287
0.062442984
0.085380524
0.8247523
0.21633443
0.18208916
0.88328266
0.8504305
0.85808015
0.8986565
0.18715453
0.23064335
0.86467856
0.10060762
0.06789359
0.0838087
0.07902515
0.10992397
0.87338793
0.15559943
0.19021386
0.17837341
0.11150226
0.15313026
0.09891105
0.11692578
0.106133565
0.12891717
0.6885087
0.8689801
0.17915533
0.106049836
0.09239772
0.09107873
0.10632592
0.6838587
0.87169313
0.22983862
0.6951071
0.7439453
0.091577135
0.060970016
0.060325775
0.089073986
0.069939174
0.06888745
0.061771095
0.058665544
0.060657445
0.057399374
0.05515962
0.05842013
0.065673955
0.092799515
0.8609741
0.087684564
0.062474415
0.06419046
0.06350808
0.10853813
0.16265889
0.8950945
0.89823455
0.9263001
0.9025971
0.9151518
0.9327544
0.91460353
0.10505976
0.06251749
0.047387216
0.049217727
0.056791205
0.090688415
0.90474975
0.8456702
0.096887685
0.07198211
0.09947523
0.11366106
0.832532
0.11000087
0.11742005
0.07256444
0.069703735
0.10230839
0.08216472
0.10541482
0.12671904
0.85136116
0.19127384
0.18673074
0.85933715
0.84518415
0.29794887
0.65776217
0.8379598
0.14667423
0.11265161
0.11945023
0.15394765
0.28605133
0.834347
0.66489536
0.6917157
0.8729464
0.8830628
0.89860624
0.20827186
0.09012753
0.060460214
0.055235483
0.054646846
0.060269617
0.08426681
0.068660066
0.09345683
0.9017044
0.82978714
0.9244179
0.84844345
0.09167819
0.06340181
0.06330632
0.054735303
0.061113548
0.082985885
0.08299349
0.08949703
0.1314054
0.7542719
0.124810904
0.14672914
0.08262137
0.078284696
0.0673713
0.0552056
0.058799896
0.07275517
0.10633602
0.9129415
0.8507551
0.105879486
0.066263445
0.06447301
0.08990324
0.8490509
0.08746838
0.067835465
0.053505406
0.058258858
0.092875004
0.9162067
0.9222583
0.91781723
0.9365121
0.092590034
0.05341319
0.043231387
0.044651974
0.044843003
0.046803754
0.052040104
0.06358151
0.11536126
0.80742794
0.7831936
0.1341546
0.15491813
0.08321009
0.09466143
0.14775208
0.09074697
0.07924499
0.09849869
0.09691282
0.13667536
0.19281435
0.1781029
0.8766099
0.89167374
0.8953746
0.82303345
0.8195921
0.87110084

