0.85892123
0.8409177
0.7711195
0.7509712
0.80384636
0.88097805
0.88407373
0.7833934
0.8041208
0.88247633
0.87696713
0.6960117
0.6005367
0.4882261
0.24662273
0.24135627
0.35833073
0.54449433
0.28821313
0.37334457
0.5410063
0.2219132
0.24443038
0.2011024
0.2856161
0.60595995
0.22413434
0.31331205
0.14285237
0.1322851
0.124042735
0.1284932
0.16476855
0.13558051
0.16357425
0.12712474
0.12869877
0.16461252
0.15801987
0.10501256
0.10527664
0.12529321
0.27064854
0.16603088
0.100196846
0.09335417
0.1170226
0.08258705
0.091661975
0.109486744
0.10496439
0.7862164
0.88113934
0.72843075
0.727054
0.7385427
0.78010654
0.11109642
0.115307786
0.057403192
0.056409348
0.063190825
0.07570285
0.09879429
0.18662125
0.08187023
0.08448398
0.09995162
0.09024465
0.18004718
0.1933298
0.13199358
0.8376542
0.08800163
0.059611414
0.05934369
0.09546119
0.094528995
0.12742223
0.102281764
0.062933564
0.062074915
0.068022296
0.0901421
0.8484419
0.13043651
0.13903013
0.86286974
0.09543006
0.057011433
0.049439743
0.051646866
0.06596419
0.87033284
0.8843984
0.908129
0.9151985
0.93666524
0.905744
0.083455816
0.056218915
0.05672025
0.06225829
0.10294178
0.84305227
0.117735066
0.11705874
0.7650885
0.1386482
0.16923752
0.8071183
0.7803111
0.78722936
0.8474146
0.15157814
0.07162259
0.07033374
0.07772458
0.093288295
0.071951136
0.062892295
0.069946356
0.09706883
0.90248483
0.9073682
0.11892237
0.10135423
0.09536238
0.088770874
0.11903404
0.08603203
0.10024746
0.14156775
0.7155598
0.1490112
0.20152675
0.16456227
0.08711484
0.086027615
0.085851684
0.08817436
0.10120372
0.06450875
0.050766982
0.055382103
0.063955344
0.12403571
0.91772354
0.8651694
0.9040283
0.12571706
0.06399976
0.06446027
0.05170295
0.058043048
0.08278409
0.12460302
0.12889409
0.08211715
0.07908559
0.10833491
0.12911794
0.12816642
0.73619026
0.10774244
0.09462278
0.10096326
0.092099145
0.11034788
0.77632874
0.10002953
0.07839
0.062411807
0.05794014
0.058220085
0.0686121
0.11019677
0.88875186
0.11933449
0.09136437
0.11620052
0.8437057
0.088499956
0.059338998
0.055300698
0.061607435
0.11964649
0.8941404
0.8969061
0.9325242
0.89145213
0.8792219
0.8946646
0.10517606
0.06643714
0.070795774
0.06320376
0.09101555
0.84677863
0.13634418
0.06597029
0.05639724
0.058212765
0.06940244
0.097434714
0.7615813
0.09684555
0.08974045
0.14201932
0.098903015
0.08964825
0.07077633
0.06355083
0.07659276
0.07681461
0.06665725
0.09095538
0.057965245
0.05208862
0.04818147
0.053615585
0.074206814
0.89935726
0.93230945
0.86596185
0.87755245
0.0902093
0.060996402
0.06605475
0.104798265
0.097841896
0.7978035
0.88691854
0.76702195
0.864469
0.21892317
0.15914002
0.2422779
0.2306917
0.119892746
0.10816572
0.18333219
0.11871726
0.119411625
0.20148835
0.14930874
0.19342054
0.8363934
0.6692388
0.6700228
0.15991978
0.09955338
0.11319275
0.12287377
0.13594297
0.9009605
0.90505165
0.8315317
0.10095529
0.05936546
0.054830063
0.04834762
0.0460679
0.048641898
0.061779916
0.050696548
0.04580721
0.048321377
0.062081907
0.87976676
0.8884306
0.9372535
0.85450035
0.88793886
0.08423052
0.05711023
0.05925619
0.08647228
0.086086385
0.102675736
0.8304827
0.096835025
0.07645659
0.10893629
0.09765169
0.13074698
0.8756895
0.15265563
0.16567221
0.11174925
0.12626863
0.22793606
0.7339844
0.13563967
0.19117106
0.09756823
0.06637147
0.07566496
0.08516574
0.1083084
0.8741845
0.84003586
0.8150162
0.2493244
0.21427464
0.17896749
0.10723716
0.14593998
0.11440748
0.10627946
0.16882913
0.12047973
0.09171161
0.09152303
0.111245215
0.20827086
0.22947595
0.13924126
0.18670201
0.2553368
0.24025649
0.85040075
0.84262025
0.6869773
0.28094575
0.12726921
0.10165345
0.102644324
0.13059936
0.18899338
0.20713621
0.5755663
0.35351685
0.24653867
0.30127773
0.24320708
0.36586562
0.27820405
0.28866476
0.8512498
0.8717498
0.8638885
0.71343595
0.30192915
0.22405136
0.24053362
0.81198233
0.1773498
0.13783258
0.13787505
0.17284429
0.19502307
0.8717828
0.76427895
0.8931297
0.76264626
0.11512511
0.07437301
0.07546227
0.06475067
0.06869623
0.09148301
0.11913455
0.9089754
0.9182515
0.14575484
0.12786219
0.075902954
0.10320708
0.0952404
0.058441598
0.0469335
0.046710834
0.05209426
0.046959527
0.051438816
0.07647477
0.90457237
0.93745345
0.9374565
0.88034225
0.09727054
0.07806237
0.11024391
0.8771209
0.11318734
0.061913136
0.06046605
0.09113878
0.0883993
0.09844052
0.117319204
0.15103152
0.22841924
0.88501644
0.12281855
0.094792426
0.12907475
0.11561206
0.7894491
0.12941106
0.073451504
0.060202178
0.0691499
0.1382347
0.91884226
0.93213755
0.12822415
0.09998639
0.0639999
0.06032922
0.04531232
0.043533612
0.041222226
0.041044176
0.04329754
0.050156415
0.07833383
0.9217187
0.93525773
0.94895893
0.94272846
0.09005671
0.051409014
0.04140275
0.039237864
0.042485856
0.051837135
0.052047055
0.065477006
0.091264546
0.091191806
0.11411462
0.105532266
0.07829196
0.10520498
0.16331051
0.18369122
0.89437056
0.8906057
0.13289373
0.12273769
0.10207332
0.11411797
0.71489406
0.86713064
0.74924445
0.87880355
0.87616235
0.20493363
0.66257125
0.11438663
0.07606039
0.09170055
0.124262676
0.10493323
0.12274367
0.090408824
0.084679805
0.093348555
0.063777745
0.051627588
0.047205728
0.045180283
0.047351234
0.056236066
0.095720865
0.13508072
0.9093655
0.922395
0.8554171
0.8443081
0.89753336
0.123712875
0.12669781
0.13456689
0.13167915
0.89007705
0.91110384
0.105044246
0.06129472
0.059331942
0.080899335
0.88629174
0.89577675
0.91432387
0.9338862
0.93102574
0.89824265
0.09160101
0.066676706
0.07100844
0.1594252
0.8744026
0.100044
0.0767429
0.07993768
0.099029206
0.9114759
0.92890126
0.88643533
0.15636162
0.08248126
0.049993344
0.04394773
0.04565779
0.047304086
0.057449132
0.097621985
0.106150396
0.14404637
0.147532
0.120122
0.14118442
0.11406593
0.13301633
0.10633708
0.15708129
0.6109131
0.21899071
0.85343736
0.7055832
0.76105094
0.10021585
0.06671672
0.06033699
0.04856051
0.04846615
0.05111733
0.060465533
0.07313226
0.88248074
0.9230897
0.8349921
0.81317985
0.85487264
0.102545686
0.0648453
0.05254904
0.057570636
0.08080108
0.13803834
0.10393226
0.13450536
0.87556493
0.688955
0.25389895
0.262525
0.12691176
0.120208375
0.19243605
0.14983085
0.16904163
0.8322443
0.71306604
0.8611434
0.85244113
0.22764592
0.2720878
0.13274477
0.10814864
0.10582766
0.117940895
0.15395552
0.27871728
0.18871862
0.15623076
0.11245337
0.11295312
0.17544219
0.13447182
0.20333955
0.74666274
0.097156025
0.07112926
0.069968395
0.09129187
0.7584467
0.8049259
0.09760342
0.07048046
0.06121631
0.054981746
0.058156457
0.05617193
0.054512836
0.055366598
0.05201024
0.048433706
0.04744345
0.05294495
0.054304667
0.08144445
0.09008677
0.21003924
0.9167061
0.9153388
0.9259908
0.93921185
0.9171562
0.11743572
0.09522065
0.057491843
0.05035172
0.0630432
0.10290349
0.8832169
0.11903889
0.0895129
0.13645478
0.8518348
0.09595628
0.069968514
0.09351419
0.08170719
0.111564
0.07170763
0.06072502
0.06331196
0.06086748
0.063558325
0.07155688
0.09178313
0.08114694
0.09383905
0.08228179
0.09494444
0.16064978
0.20591125
0.645961
0.6469596
0.84667593
0.20401429
0.14274661
0.14801958
0.60051924
0.8575129
0.85434556
0.67960733
0.67479295
0.8417865
0.6856903
0.23837855
0.18248332
0.07986001
0.056532174
0.052989356
0.05254381
0.056852445
0.07705248
0.064635895
0.09027759
0.90630513
0.8437798
0.9296037
0.8639102
0.085313834
0.05704056
0.054413993
0.048816316
0.054580428
0.07384877
0.07243624
0.07392315
0.100630164
0.11098548
0.100092985
0.13393643
0.08163063
0.077087656
0.06654121
0.0548656
0.058428492
0.07208028
0.10449841
0.91236293
0.84040785
0.10556916
0.06626603
0.06450938
0.089609504
0.8464856
0.0879989
0.06949591
0.054154195
0.058799483
0.09286437
0.9152927
0.9186617
0.9132266
0.9355887
0.09339165
0.053901352
0.043830518
0.045875058
0.046112616
0.048498284
0.054381218
0.06698176
0.12412191
0.791076
0.76918596
0.13500375
0.15164195
0.08234299
0.090012364
0.13229723
0.09091693
0.08939139
0.11564754
0.12358596
0.7883473
0.8798458
0.78469735
0.88251096
0.8802121
0.7774691
0.8130045
0.8819535
0.8041039

