0.8888077
0.83621675
0.11951442
0.07665444
0.07092053
0.13028383
0.0939767
0.15267667
0.106058404
0.08745003
0.06079229
0.06714061
0.12972298
0.11248982
0.054175623
0.050894238
0.056725238
0.080177896
0.14372091
0.9009126
0.8961789
0.937269
0.89914334
0.12347391
0.09719349
0.048925515
0.043841906
0.05038027
0.07225575
0.09553142
0.11800315
0.9004343
0.90376633
0.12708738
0.120218925
0.06582702
0.063158676
0.09440621
0.17855541
0.9145591
0.92810863
0.92894536
0.26143947
0.14337708
0.07239901
0.06392773
0.08641257
0.09930392
0.7490456
0.73203754
0.73262906
0.7424643
0.88625133
0.89772063
0.82039624
0.9083917
0.913139
0.8293424
0.090193264
0.06413465
0.07567493
0.0663229
0.04533752
0.04662381
0.061094128
0.10809293
0.90381247
0.9139512
0.9400099
0.9354308
0.1308207
0.08930976
0.05297582
0.049702026
0.06084265
0.07524681
0.08940024
0.09477772
0.79568595
0.8083936
0.8983928
0.8212559
0.8003778
0.7741785
0.7761679
0.80563414
0.83090705
0.8949452
0.8283071
0.8973952
0.79180914
0.1281507
0.10624156
0.15110539
0.12833084
0.12734587
0.124851845
0.11499193
0.14528804
0.15321326
0.66621834
0.65925443
0.6164642
0.25009426
0.2476568
0.17644525
0.26425356
0.35149089
0.744023
0.7426504
0.7862917
0.10048228
0.06310416
0.059371926
0.0794892
0.11352747
0.11305893
0.7993507
0.13050413
0.13909274
0.8850016
0.90654624
0.8297404
0.88628715
0.17266358
0.18119833
0.8590553
0.2095994
0.12552214
0.11921866
0.082096204
0.08967894
0.13283591
0.75378823
0.69321334
0.19682579
0.16505514
0.14930442
0.1898115
0.2906361
0.7706553
0.880563
0.8135966
0.8926481
0.89167595
0.75823087
0.38551867
0.36730778
0.312496
0.20670521
0.22660609
0.255348
0.3310646
0.42721012
0.7506124
0.7748132
0.76996255
0.75850946
0.72489583
0.72226965
0.77579826
0.09737581
0.07026663
0.052423712
0.04972194
0.055098146
0.08241639
0.8724567
0.8647549
0.8834693
0.9289935
0.87313056
0.0833655
0.053102825
0.047294103
0.05692691
0.10187555
0.10286594
0.8447156
0.91069597
0.91064453
0.7745931
0.74569494
0.2022124
0.1638313
0.17125006
0.10315969
0.09798252
0.14079203
0.1707223
0.18724854
0.64462984
0.6344894
0.28656557
0.24024579
0.18827093
0.21116678
0.17936398
0.19082804
0.6309087
0.62205136
0.2525623
0.23265202
0.5719964
0.24782851
0.23625268
0.56014895
0.28715146
0.31729776
0.33452788
0.4218661
0.78880936
0.3452294
0.37374726
0.32975137
0.4028248
0.4211445
0.40094948
0.5318353
0.77807647
0.4349648
0.30445653
0.26341295
0.21555144
0.22922155
0.33588526
0.32079342
0.58172566
0.3523052
0.20011613
0.19353184
0.5857781
0.19066826
0.19821756
0.16516739
0.18585472
0.31095713
0.33354735
0.64470273
0.18919879
0.12861474
0.11356237
0.17138524
0.22421995
0.13134336
0.085366786
0.09224135
0.103884175
0.21581042
0.23714957
0.6728467
0.7146507
0.13684338
0.1322109
0.76783526
0.7910605
0.09354182
0.067814685
0.06402107
0.093850635
0.8483154
0.770963
0.87399435
0.12224207
0.06673462
0.06480445
0.090760335
0.8450602
0.112172306
0.09531163
0.15286851
0.87618864
0.09038727
0.057925906
0.050275344
0.055012126
0.076280534
0.9023754
0.9169455
0.9365551
0.1022833
0.060178198
0.056657217
0.07568267
0.09257063
0.85626924
0.11831901
0.09196188
0.14149895
0.88332725
0.88551766
0.090033196
0.061535664
0.067394644
0.088276386
0.84934074
0.8497049
0.8642575
0.8552625
0.852371
0.18350905
0.09799381
0.120138705
0.11174177
0.8191291
0.10368114
0.088596255
0.086976334
0.083426334
0.068656854
0.067160375
0.092172414
0.7479485
0.1397942
0.16945331
0.24464002
0.7553347
0.12417653
0.085539006
0.09506308
0.121087864
0.12568371
0.0964085
0.10977423
0.21875997
0.22525188
0.6346709
0.61642504
0.19081265
0.17930956
0.25552338
0.57718366
0.3857711
0.30658737
0.28394184
0.25878593
0.3844879
0.4510614
0.45055875
0.5704378
0.56223434
0.3947844
0.32355317
0.38733324
0.5258563
0.82663864
0.76522017
0.7916147
0.87742496
0.88020724
0.7968571
0.8269281
0.42881233
0.30376357
0.25274014
0.32893145
0.5974854
0.6219605
0.66133523
0.71390396
0.8536953
0.86783826
0.7687964
0.12465577
0.09218094
0.065943696
0.05918696
0.07165023
0.14846286
0.8487642
0.8385577
0.81243604
0.80883676
0.90194637
0.15644857
0.08231091
0.06757989
0.072026424
0.13175504
0.097617105
0.13913468
0.20058364
0.15025188
0.13636893
0.11680968
0.15368235
0.1811482
0.8500781
0.67554206
0.62400734
0.34889805
0.24738666
0.30164558
0.2344418
0.4579036
0.22599813
0.22845045
0.59247947
0.58846617
0.23734066
0.25419503
0.2952837
0.2412225
0.38839325
0.86254793
0.8580942
0.19915783
0.19354519
0.19664422
0.8669859
0.87074584
0.24344997
0.7307401
0.7436138
0.10761731
0.094309114
0.12034608
0.11091835
0.066292286
0.050690793
0.04970159
0.053246938
0.0676188
0.086270735
0.86021805
0.8661233
0.10704564
0.08903681
0.1199992
0.86153024
0.11976533
0.07578226
0.082492374
0.88393056
0.9091096
0.9095568
0.8964607
0.91193575
0.08036842
0.05342913
0.050872993
0.048463862
0.065331936
0.059319068
0.053690758
0.06178982
0.06656796
0.06806023
0.09658798
0.82704186
0.17155708
0.11796687
0.101051874
0.08942718
0.10088876
0.66979414
0.19406492
0.68949777
0.8479754
0.2170195
0.26915586
0.20669387
0.6852396
0.8493144
0.23517098
0.17387009
0.2180163
0.27954084
0.19217008
0.20077895
0.28443086
0.22359268
0.5656717
0.5677669
0.26854238
0.21877344
0.24773678
0.25910005
0.8163861
0.34003478
0.45952693
0.6073918
0.32114217
0.41387317
0.47650266
0.5836665
0.24907856
0.29456595
0.15694095
0.14849728
0.20985888
0.21686758
0.67754436
0.6881264
0.7495948
0.87311023
0.86262906
0.56652635
0.45656386
0.86916447
0.886452
0.88656807
0.20976949
0.12790753
0.19203925
0.107636906
0.15161602
0.75031006
0.8081549
0.11336967
0.06426136
0.053844187
0.067826495
0.09041206
0.06802901
0.109321594
0.11645565
0.8704323
0.91982305
0.10203592
0.0772691
0.10825511
0.14828818
0.87174106
0.08580909
0.055847768
0.050910406
0.05361851
0.062085934
0.07842509
0.8771177
0.8922777
0.9150007
0.89189655
0.8912235
0.907312
0.8871919
0.915059
0.92372084
0.9309046
0.9061625
0.9127892
0.08043708
0.050668217
0.043061435
0.047978856
0.04333422
0.042898748
0.04884484
0.05343706
0.053683728
0.07065166
0.8514406
0.9257085
0.81829095
0.8405114
0.09257003
0.0666689
0.057907913
0.07337886
0.100695826
0.06742201
0.0627051
0.09513731
0.07273964
0.07229728
0.08543275
0.091684155
0.13269621
0.084193215
0.09844352
0.08774945
0.14014554
0.092575334
0.08986972
0.108037874
0.11986633
0.12904419
0.13552961
0.13909064
0.63651294
0.15532565
0.11823952
0.12217101
0.22704343
0.24315451
0.39194086
0.68549895
0.83784777
0.1736484
0.14765741
0.09872618
0.08687461
0.0875902
0.12953793
0.19899215
0.16411291
0.8648143
0.13825311
0.11596443
0.18659838
0.8188413
0.113720074
0.07487506
0.07485738
0.100277275
0.8801728
0.89925843
0.848945
0.86030924
0.89549917
0.8584768
0.8931654
0.89511913
0.89371866
0.84800875
0.8484936
0.8897593
0.8949966
0.89462435
0.8357053
0.8874485
0.8215615
0.86587584
0.45305088
0.83126867
0.16381772
0.13869406
0.26283634
0.66754615
0.22060972
0.14788441
0.17079574
0.8090836
0.22205983
0.23961946
0.3193735
0.1628464
0.13184635
0.20108514
0.11474525
0.12245366
0.12442611
0.23375146
0.75533235
0.88857895
0.8899029
0.79743487
0.8473379
0.2870843
0.20461039
0.14706805
0.14280637
0.24621117
0.6017876
0.5897401
0.25398123
0.24664898
0.5796599
0.5767977
0.29196182
0.30850908
0.33980173
0.2679253
0.31233177
0.34033585
0.73708826
0.8820307
0.88142955

