0.86866784
0.79061466
0.23282634
0.17307502
0.19382484
0.17164454
0.2596817
0.18498485
0.20299311
0.8714057
0.8617201
0.6695731
0.13628437
0.10543879
0.10797441
0.7775202
0.8794956
0.73264813
0.7363573
0.89194435
0.106514394
0.0690562
0.081068724
0.0805631
0.11470637
0.1302154
0.11579506
0.21933274
0.11087475
0.10675123
0.1287402
0.12879263
0.12650527
0.12985653
0.16382898
0.13365255
0.14539933
0.21107638
0.63417643
0.6321948
0.17897479
0.16137612
0.2834959
0.19787328
0.13278276
0.1466603
0.6683878
0.636602
0.64022523
0.67309886
0.14824362
0.12958199
0.21062358
0.12139583
0.102986544
0.13949415
0.11250675
0.11820831
0.20141676
0.08561138
0.08132816
0.08391318
0.09492334
0.7957577
0.88615215
0.7214802
0.6857266
0.7302088
0.7597459
0.8921458
0.89684355
0.7485386
0.6902094
0.124636844
0.10070003
0.12675595
0.86763036
0.78840595
0.9018207
0.8997782
0.15273225
0.13527401
0.12568174
0.10778116
0.17160155
0.10802606
0.10062041
0.1211209
0.16152965
0.17411284
0.8610081
0.6572271
0.67735827
0.13737266
0.10562764
0.11495234
0.73523086
0.18742223
0.08799819
0.068579674
0.06520612
0.07266738
0.1170855
0.88687027
0.10487214
0.066921756
0.06399107
0.08088735
0.84021944
0.9139677
0.8034811
0.10291119
0.078750715
0.099285826
0.87200564
0.81983876
0.83896774
0.86604226
0.9144989
0.8264911
0.10743135
0.0847572
0.11444437
0.8635144
0.17099592
0.07836156
0.071694426
0.099178396
0.845734
0.8950952
0.1408865
0.13177282
0.76044613
0.17272945
0.17223476
0.8656978
0.8755257
0.18191086
0.19767374
0.8494262
0.8631195
0.9111711
0.8734976
0.8488012
0.84447384
0.15620464
0.15064922
0.851732
0.7879476
0.16317365
0.22300418
0.7952691
0.7652669
0.13714893
0.12936334
0.8167405
0.9110587
0.2146046
0.095090926
0.0684014
0.08433229
0.07686129
0.06880479
0.07604539
0.102527864
0.79300416
0.17433703
0.1169004
0.08506282
0.08471179
0.10151194
0.16460459
0.7418037
0.12941179
0.0942975
0.09395188
0.116698354
0.23203947
0.1846173
0.6253402
0.60391396
0.2189588
0.16840263
0.19299799
0.60749656
0.609237
0.34084827
0.18431999
0.17529137
0.2805053
0.16178975
0.15221867
0.16701442
0.22540538
0.56712353
0.822712
0.662403
0.6463493
0.7029952
0.82879245
0.6569298
0.564513
0.51842505
0.13833076
0.1141404
0.12685584
0.1198468
0.14102852
0.8905485
0.7532519
0.1284191
0.075225614
0.060004402
0.068874665
0.07276694
0.07374928
0.12944904
0.83319956
0.7318915
0.737785
0.113360554
0.09825666
0.1599264
0.88226545
0.8327653
0.83010614
0.817423
0.79114866
0.80631614
0.18719785
0.102132425
0.120525524
0.8765198
0.80996794
0.9053033
0.14906904
0.09898701
0.13506857
0.12726764
0.08140722
0.081104815
0.12813638
0.09859315
0.10566842
0.18949962
0.1287272
0.16058166
0.30064705
0.2033194
0.26403415
0.3003123
0.63790625
0.6945142
0.7018675
0.70823854
0.83955294
0.5727917
0.39416105
0.8308302
0.6384437
0.17319569
0.1468717
0.13341947
0.1586266
0.36715376
0.2475658
0.16374382
0.12924437
0.13394874
0.16735555
0.61040974
0.37756222
0.23416935
0.22102194
0.2501356
0.5962221
0.6655968
0.8119299
0.6112436
0.32461283
0.35187486
0.4972594
0.28622332
0.34275326
0.25206208
0.25591913
0.3430764
0.2990908
0.5414817
0.5004595
0.3706125
0.7284129
0.31933454
0.3156969
0.76514
0.3235618
0.23046803
0.26365063
0.248092
0.20866314
0.2674786
0.30178156
0.63761646
0.7841713
0.39268246
0.25162837
0.26506242
0.7968948
0.22091521
0.22510187
0.3258056
0.58360195
0.26087698
0.6169957
0.32514423
0.8622591
0.87567
0.7766534
0.8013707
0.8873213
0.8080162
0.894717
0.8983262
0.16998263
0.19581774
0.8173524
0.081087016
0.054624733
0.048124034
0.04756748
0.048854522
0.05227933
0.06384933
0.10781947
0.8893095
0.10234386
0.069819875
0.07459582
0.113584585
0.89638937
0.90839034
0.115813956
0.09205569
0.10788007
0.87996215
0.89385927
0.92906916
0.8937913
0.09446038
0.072855495
0.08703291
0.87106365
0.9157371
0.115909934
0.098644964
0.070285924
0.092153236
0.8291869
0.1001999
0.06890099
0.06973088
0.09622351
0.8813374
0.92536646
0.92544824
0.11102046
0.07044215
0.07360636
0.11008533
0.84385127
0.19368967
0.14504464
0.7844656
0.8789858
0.76250494
0.7495165
0.7712156
0.78809875
0.88652104
0.8831128
0.73801804
0.24745795
0.62807494
0.26836228
0.8044469
0.2529814
0.16543446
0.21050942
0.78304875
0.23029454
0.27107346
0.3333072
0.641435
0.7696333
0.36617532
0.18663165
0.1689483
0.2552774
0.1755042
0.19651216
0.33753595
0.5099318
0.21346708
0.20101804
0.2454181
0.8267453
0.81812435
0.4598979
0.7932664
0.2802597
0.17762527
0.16787204
0.21304542
0.20374878
0.38903505
0.2169667
0.21600924
0.57333696
0.837751
0.73554903
0.85737354
0.8593011
0.1852959
0.1392823
0.1636595
0.16323146
0.6114588
0.83048624
0.24111898
0.25300375
0.37120575
0.7991766
0.89784324
0.8986384
0.7617916
0.4249217
0.3934512
0.35467
0.85667306
0.85551697
0.25466904
0.28106815
0.21113783
0.2096877
0.66734725
0.85507846
0.74788165
0.8647261
0.8558052
0.19584319
0.16423838
0.18462864
0.17986372
0.774147
0.8854168
0.79052436
0.8847994
0.74622583
0.22170421
0.26268253
0.19049293
0.138456
0.1217789
0.11170267
0.12093305
0.16281837
0.8646639
0.77337927
0.8849752
0.8837436
0.7454869
0.7563481
0.8604494
0.7765251
0.87639284
0.8808592
0.7788634
0.8721857
0.8591307
0.19591056
0.16557337
0.17606474
0.21015112
0.83789414
0.7145099
0.636022
0.46293107
0.37351778
0.28930905
0.4770655
0.6509926
0.6839716
0.86186033
0.8497271
0.30487752
0.30950755
0.37005535
0.7229139
0.8727027
0.86642313
0.27754235
0.30491805
0.20501515
0.13107426
0.1127525
0.12216405
0.13437809
0.15925835
0.8647104
0.7714271
0.88779545
0.8872545
0.7605351
0.8516948
0.27893856
0.18790674
0.21460256
0.83540314
0.23110613
0.23074399
0.8725852
0.11847949
0.07782703
0.06542759
0.066118695
0.10966824
0.07744222
0.089821026
0.8076158
0.14678758
0.14174365
0.8196248
0.9218984
0.10319256
0.059320666
0.048728153
0.04523761
0.044314127
0.04446814
0.048425548
0.061727382
0.11606705
0.8884174
0.8934666
0.9157679
0.8829054
0.88624674
0.9033722
0.8641312
0.8639842
0.8946914
0.8475837
0.8538387
0.8919801
0.8542134
0.8955798
0.89946276
0.86369354
0.89848834
0.8544073
0.85268235
0.8600782
0.8691832
0.87315863
0.9169085
0.14135766
0.06326368
0.05154679
0.05645682
0.077843726
0.8422423
0.91549754
0.10217105
0.067650825
0.06658819
0.088882476
0.7276813
0.73484796
0.12863047
0.13340254
0.7424984
0.10304965
0.07896753
0.09671603
0.08859566
0.08659578
0.10892454
0.09321213
0.081831664
0.08361246
0.09372194
0.12344694
0.22625244
0.7183972
0.884085
0.8776184
0.6660417
0.23249154
0.2860538
0.22092254
0.7348085
0.86534363
0.69611204
0.6515207
0.6526833
0.16355115
0.1793261
0.123048745
0.13567589
0.8934892
0.79399246
0.09464276
0.06999763
0.09097167
0.070235744
0.08167874
0.05690061
0.05119073
0.05193193
0.057490382
0.07774448
0.8165359
0.1394992
0.14387672
0.87905025
0.83278316
0.8689295
0.91689557
0.9060122
0.15769625
0.1605302
0.8387966
0.088528484
0.058644045
0.059926726
0.088045865
0.8818754
0.9069003
0.87573093
0.8766849
0.9103362
0.8752739
0.91273
0.9027424
0.26101518
0.81514585
0.10291982
0.0813199
0.11262468
0.8410961
0.15599172
0.16030023
0.8520488
0.1906277
0.23200645
0.8458136
0.107346416
0.07189438
0.06974814
0.06770126
0.073829874
0.11396104
0.82204795
0.11661012
0.11911547
0.115425915
0.1528598
0.8717031
0.16225988
0.14755401
0.12967953
0.096242346
0.111364074
0.15086867
0.18813433
0.8209
0.65588605
0.6275536
0.6233361
0.62359655
0.62640995
0.17811188
0.11682675
0.1137849
0.14909856
0.20477466
0.59242904
0.45209876
0.3513594
0.31710348
0.71255016
0.20402999
0.151701
0.14812994
0.2068811
0.17212953
0.16577736
0.17075245
0.17965779
0.33112863
0.28563294
0.25680935
0.30539963
0.6462678
0.30360523
0.3393991
0.67972267
0.5663273
0.30757135
0.35633287
0.55531204
0.68253195
0.7936185
0.67042834
0.56242704
0.44816935
0.37298656
0.4533726
0.7327016
0.84194124

