0.85986024
0.84338635
0.7733824
0.75268435
0.80643886
0.8826899
0.8862768
0.78800225
0.8088388
0.8854204
0.8765629
0.5402993
0.2817719
0.2645436
0.32351154
0.51719856
0.36961582
0.277852
0.29774955
0.7686593
0.36748028
0.5465541
0.34328192
0.30226946
0.5699854
0.301827
0.21741006
0.31250626
0.15289591
0.13481708
0.15510182
0.19077925
0.6405821
0.63335353
0.6641933
0.1790569
0.14113776
0.1555079
0.10504236
0.08532303
0.09043422
0.114764825
0.25345212
0.23694181
0.72968495
0.68830293
0.67816806
0.6803178
0.13015285
0.12681104
0.11728782
0.15900193
0.84540117
0.20776033
0.19348535
0.67182326
0.19557896
0.18228947
0.2918557
0.17357494
0.71285254
0.13928837
0.11179384
0.16202205
0.8603603
0.2438071
0.77750564
0.13071725
0.092424616
0.1337891
0.12395621
0.09898718
0.8082062
0.7610788
0.8014924
0.8471312
0.9162897
0.87592816
0.9247832
0.92469966
0.093500614
0.06553901
0.05620897
0.051865265
0.07656798
0.056118973
0.053684507
0.064776525
0.0864471
0.0867576
0.10046268
0.075730465
0.075432226
0.089276634
0.0960186
0.10946833
0.7971643
0.19054778
0.0866941
0.06743543
0.06435923
0.07221842
0.11671601
0.8877235
0.10386904
0.06651599
0.06363049
0.080657855
0.84543806
0.9147458
0.80723995
0.10196457
0.07797758
0.0983455
0.87272954
0.8243729
0.84520066
0.8709379
0.9161684
0.83267844
0.1055906
0.08314397
0.112667724
0.8636787
0.1665707
0.076658495
0.07073518
0.097823404
0.85299504
0.8965869
0.14010556
0.1313833
0.76756865
0.16834818
0.17030546
0.8658755
0.8765862
0.1786057
0.1950301
0.85233927
0.86855245
0.91268754
0.87967557
0.85661656
0.85073984
0.15231425
0.14724626
0.85224295
0.79840994
0.15925752
0.21418673
0.80693
0.78067726
0.13534515
0.12821226
0.83044434
0.9177899
0.20658894
0.08666975
0.062183965
0.07343791
0.06846905
0.06312469
0.07107131
0.09929902
0.8190414
0.16544579
0.11277777
0.08237582
0.081357524
0.09464971
0.14626023
0.72839147
0.15591851
0.13602495
0.17694688
0.8607453
0.34752917
0.12759066
0.09325047
0.09013314
0.11916809
0.1071239
0.1161546
0.15688032
0.17485031
0.3772951
0.62394667
0.21022753
0.29761916
0.14464228
0.12967192
0.14481995
0.22268446
0.5645346
0.3127808
0.19406307
0.19499727
0.28979197
0.8518291
0.7044016
0.13443752
0.09099764
0.072734125
0.077074416
0.09284891
0.091648936
0.11797441
0.90342283
0.7874397
0.105756074
0.063092
0.051645022
0.055933647
0.05964682
0.06455261
0.107687324
0.8644379
0.7652463
0.793687
0.108991295
0.09201111
0.14544144
0.8829917
0.8503275
0.85395217
0.8424559
0.8162608
0.8372103
0.18020928
0.096384
0.11291265
0.8802087
0.8256119
0.9125698
0.13871077
0.08845505
0.11679369
0.1123488
0.073431164
0.072390534
0.108950965
0.088268526
0.0933248
0.147983
0.11927827
0.1540979
0.84050345
0.250438
0.3097878
0.68286943
0.64884084
0.6757064
0.685927
0.69197017
0.8288353
0.5569635
0.37534264
0.83083147
0.6397592
0.16260937
0.1365277
0.12315959
0.14620946
0.34297505
0.22806795
0.14207128
0.10829656
0.11018793
0.13706633
0.6581678
0.32420552
0.17759323
0.1615987
0.18641132
0.64618605
0.67356676
0.83985627
0.18419583
0.16133544
0.2107082
0.68232226
0.25265294
0.86800927
0.12817971
0.09210019
0.12639913
0.076048695
0.09964655
0.06882103
0.08033347
0.17677288
0.88413954
0.8432361
0.9246114
0.1334997
0.07042592
0.07330347
0.07403374
0.066855416
0.09920259
0.12423268
0.1339621
0.8811818
0.8576381
0.27358508
0.5866936
0.30352205
0.1965069
0.22771034
0.7896449
0.24155158
0.22694997
0.25230914
0.70794076
0.87242085
0.8834652
0.7915247
0.80692554
0.8771265
0.8110138
0.88570935
0.8863798
0.772324
0.8678093
0.70947045
0.18927243
0.15362507
0.18009534
0.5718918
0.1990283
0.16769108
0.17464288
0.22737989
0.8044838
0.2599358
0.23775928
0.27487573
0.29142207
0.83931935
0.82427007
0.28204012
0.28701225
0.2778643
0.23850352
0.5674928
0.33445442
0.19104064
0.16039011
0.15544039
0.15478338
0.21477246
0.8145275
0.4270055
0.83005136
0.66966146
0.6317456
0.19068389
0.18112522
0.13082926
0.13175553
0.17624277
0.18840027
0.85779005
0.27491775
0.15112627
0.22984664
0.14706844
0.17797264
0.8852035
0.14446867
0.07287854
0.06804284
0.09250429
0.060593188
0.06179669
0.095789775
0.8891559
0.92956495
0.9265834
0.83193046
0.10245049
0.08334324
0.116155215
0.85609645
0.16293916
0.09819674
0.123261124
0.24134234
0.73831874
0.7468661
0.75599813
0.7731261
0.8976571
0.8974661
0.71425015
0.7416578
0.12742165
0.06124453
0.052807316
0.066253915
0.062217962
0.07391912
0.8820531
0.87876046
0.9365993
0.9340726
0.106464036
0.08959839
0.059514675
0.046050802
0.044962734
0.04978799
0.047548186
0.048644416
0.054515935
0.07036706
0.86734617
0.9183971
0.83858216
0.91646266
0.9145194
0.09496009
0.06027834
0.060502186
0.07940694
0.8392181
0.8867243
0.13573559
0.1348152
0.2524447
0.87848985
0.91820914
0.919457
0.86110055
0.19633164
0.21291724
0.160426
0.8761946
0.89556825
0.11059749
0.098876625
0.07485172
0.084486514
0.8091771
0.8996837
0.8071557
0.9017795
0.901659
0.09296533
0.06302004
0.06548199
0.07928247
0.87524307
0.92124844
0.8736622
0.9280499
0.8834747
0.09728519
0.08428093
0.05904915
0.04724883
0.044335388
0.04562568
0.05480105
0.08634755
0.887443
0.8328231
0.9127992
0.90795094
0.7889965
0.7734363
0.8666472
0.15950331
0.17745052
0.18665956
0.16088381
0.86998576
0.8803276
0.13439937
0.12621339
0.7564052
0.24003755
0.8671667
0.8572393
0.86564213
0.9060479
0.888779
0.2614752
0.7554793
0.19303061
0.18010166
0.869854
0.88699764
0.12264256
0.10906412
0.11371603
0.11955619
0.877944
0.8857326
0.78846824
0.88511646
0.77676326
0.7073524
0.12035484
0.10113825
0.112704635
0.14305922
0.84299916
0.7373313
0.8702634
0.8698277
0.7682878
0.8331825
0.7197804
0.65887207
0.66280776
0.8005339
0.22667783
0.22673517
0.86151546
0.10767051
0.06843492
0.0554708
0.05405774
0.074214876
0.0621824
0.074149475
0.8548262
0.8335621
0.8352471
0.8279326
0.90654117
0.12984231
0.08205242
0.09838078
0.11395348
0.73517776
0.11935706
0.11437664
0.16304348
0.8277023
0.22359672
0.24346533
0.82968825
0.6955628
0.72459656
0.8329679
0.69848675
0.6563497
0.25292334
0.122804925
0.10795896
0.18743162
0.18221995
0.87369174
0.8741966
0.17008202
0.20883407
0.1482694
0.77504843
0.772108
0.77414113
0.7972128
0.8892234
0.7980958
0.786579
0.109530866
0.07764658
0.085473955
0.85145044
0.90858203
0.80606776
0.82982755
0.11056162
0.07875335
0.09706592
0.76026756
0.7415711
0.13915387
0.12293922
0.09446821
0.08515988
0.11850403
0.10735488
0.09679954
0.1295065
0.108348384
0.092670366
0.0999853
0.12925832
0.6711143
0.822209
0.7195394
0.8415563
0.8346954
0.70151794
0.6899349
0.7744176
0.6772523
0.66899407
0.73201245
0.24216436
0.1916761
0.24750902
0.24259453
0.32173043
0.5488074
0.26665595
0.33596137
0.23404716
0.25138888
0.5682639
0.47223982
0.40352058
0.71013296
0.22781724
0.14472698
0.14021145
0.11173287
0.111637056
0.12820143
0.19700554
0.19808494
0.30585718
0.23132399
0.25985602
0.7873692
0.80040073
0.18731068
0.16022581
0.24126546
0.17081343
0.5296014
0.1760622
0.19973204
0.8591696
0.85827917
0.7144637
0.71473116
0.8361462
0.74981976
0.87211406
0.2527519
0.09516718
0.063114256
0.06584147
0.08926224
0.82409453
0.18361685
0.099510275
0.116321914
0.8878711
0.848939
0.9183259
0.8642198
0.12167184
0.09336658
0.12604818
0.79950595
0.110583566
0.11070725
0.0884248
0.08090078
0.10949019
0.11614023
0.15171972
0.8461003
0.1907082
0.1955203
0.19827658
0.18562788
0.5928213
0.6150221
0.6466989
0.75338525
0.6504946
0.1889557
0.16159551
0.1449086
0.18269737
0.5977874
0.5874466
0.205377
0.19950673
0.21551715
0.26605114
0.71715796
0.64978856
0.65072453
0.72804433
0.21425313
0.15094806
0.14442147
0.20245716
0.16176075
0.15184925
0.15458752
0.16386403
0.31056544
0.2594572
0.23258704
0.28702414
0.69606656
0.39264402
0.38223037
0.7161369
0.56065905
0.30368963
0.33798462
0.5133447
0.7131899
0.837658
0.78872675
0.869664
0.8851692
0.8844675
0.8301482
0.82654077
0.86240435

