0.85701567
0.77697796
0.36428148
0.3025231
0.35904694
0.62653863
0.793555
0.35880297
0.34777957
0.7912635
0.41547424
0.23166174
0.1946746
0.18487532
0.17996025
0.23369834
0.7774408
0.29616767
0.29862773
0.7650937
0.23507874
0.18857068
0.22876972
0.19536023
0.23550184
0.24683008
0.2267888
0.83592606
0.69851214
0.14465313
0.11880973
0.102687754
0.09924986
0.104183175
0.12951238
0.10349676
0.10220282
0.118964076
0.09353531
0.08460781
0.09799436
0.14475693
0.9001993
0.16156073
0.07971923
0.06587747
0.07800256
0.07540314
0.098568015
0.8094327
0.14133191
0.1766699
0.8933901
0.11216977
0.0635189
0.054290976
0.051701054
0.05204889
0.05464299
0.046851058
0.047313366
0.053056087
0.06979304
0.87505555
0.9119952
0.872377
0.87910074
0.89177424
0.9134864
0.9171152
0.9174459
0.8456086
0.8561196
0.09416546
0.07192277
0.09009929
0.89011526
0.8817937
0.9329038
0.9307142
0.09983369
0.0672035
0.056955345
0.05298308
0.07302416
0.06765299
0.08758171
0.77743727
0.15037593
0.14691769
0.7800703
0.09732225
0.0740341
0.08302395
0.11315494
0.72985744
0.14432874
0.18993172
0.101564035
0.09050142
0.09110214
0.09323988
0.12293465
0.19615632
0.11466845
0.10720641
0.122027576
0.68413717
0.24017909
0.8796834
0.7649932
0.10601487
0.072904274
0.08061559
0.1553604
0.7857893
0.78239304
0.1268472
0.098614074
0.059664126
0.062445145
0.0839622
0.8404768
0.91819906
0.1673089
0.076140605
0.069064856
0.09478461
0.8563593
0.89697963
0.13861193
0.13060881
0.7748813
0.16567269
0.16961208
0.8659944
0.8774701
0.17680614
0.1947308
0.8549527
0.87367326
0.9142087
0.88562554
0.86446345
0.8566414
0.14931475
0.14508173
0.8532341
0.8105333
0.15776101
0.21097934
0.8162044
0.78945637
0.13606583
0.12930278
0.8260339
0.90802705
0.21862988
0.092553146
0.0777282
0.11147771
0.8225391
0.78964
0.09320426
0.066101626
0.07197071
0.09645342
0.119444415
0.7258059
0.68990195
0.6937667
0.18444858
0.11922987
0.113973126
0.1333268
0.6264526
0.2660777
0.83848375
0.14889762
0.1098024
0.11130883
0.15631168
0.16355138
0.611989
0.6452522
0.628716
0.33590811
0.1804815
0.17133504
0.28183812
0.15640149
0.1445313
0.1567341
0.20668826
0.23270391
0.8203218
0.6559017
0.64232415
0.7004485
0.82598275
0.65512115
0.5517461
0.5013993
0.157365
0.13415632
0.15303193
0.14199577
0.16334133
0.88009685
0.7147645
0.15460207
0.094148345
0.07720909
0.09550496
0.10177438
0.09816239
0.1813748
0.79666287
0.7589346
0.743346
0.747896
0.7837104
0.83597994
0.8927053
0.8300029
0.8085829
0.7990338
0.7922576
0.8082297
0.884256
0.82784253
0.83546346
0.9019606
0.8452954
0.89969563
0.16816138
0.10818317
0.14655909
0.13341378
0.08242334
0.08054527
0.12528352
0.09734206
0.104399495
0.18529552
0.1376652
0.17582516
0.8386837
0.21713147
0.24110068
0.22386803
0.17284831
0.23465994
0.27479807
0.60160655
0.38269907
0.29957458
0.17053899
0.17594996
0.15459317
0.64775604
0.64771026
0.6622425
0.6797012
0.25829127
0.13533252
0.07917988
0.060598403
0.06230715
0.08081598
0.849112
0.91337633
0.92280537
0.10959624
0.07148247
0.074880846
0.14290978
0.8961279
0.10035066
0.061176118
0.051706687
0.047949914
0.04820788
0.053078797
0.047904078
0.050329685
0.06415403
0.07410765
0.87424034
0.88041496
0.89999163
0.9244286
0.8953602
0.90274286
0.927579
0.899957
0.08097905
0.055577006
0.04980626
0.053233273
0.07955832
0.88271105
0.8690558
0.9302797
0.9260195
0.10279811
0.06973187
0.07787927
0.07201623
0.1109692
0.86380064
0.09832098
0.07205296
0.076497406
0.10667932
0.8818425
0.89878243
0.8406435
0.855745
0.8950575
0.8388019
0.89330536
0.89423865
0.82553566
0.8907085
0.8110334
0.78220856
0.7617388
0.7568688
0.784635
0.09399845
0.06277382
0.06682264
0.105969414
0.8698197
0.10342354
0.0731554
0.08082583
0.11812324
0.91239935
0.93037933
0.102226
0.064548954
0.050942916
0.044387765
0.04485981
0.048837885
0.045389757
0.049551237
0.06502569
0.8830836
0.90510255
0.93833774
0.8969801
0.9219734
0.096714996
0.05931792
0.057617974
0.08294176
0.83051395
0.8229763
0.11121159
0.08446959
0.12186838
0.13935345
0.114482574
0.71819055
0.7180118
0.1424258
0.19282341
0.14744975
0.13203877
0.69095033
0.21951765
0.1312355
0.11830918
0.18388008
0.699688
0.8393611
0.8360716
0.16950238
0.121479996
0.11712232
0.1335093
0.28407976
0.2991135
0.5709795
0.24242356
0.29885378
0.20814571
0.27294642
0.34009004
0.5755015
0.45461434
0.35084605
0.21973655
0.2119451
0.2970135
0.25408593
0.55004126
0.7909983
0.16295391
0.13334747
0.13670883
0.16128549
0.8680089
0.8766744
0.780566
0.8653926
0.7539285
0.688203
0.65785116
0.65602607
0.641221
0.10838931
0.07944357
0.08336302
0.10989953
0.87906677
0.790447
0.90002334
0.9070493
0.108907044
0.067986466
0.07275529
0.08849058
0.8179604
0.87947303
0.15525952
0.15997995
0.27171248
0.85634726
0.9107615
0.9107884
0.81369203
0.28680152
0.29358324
0.22264177
0.8636601
0.8694958
0.16785601
0.19591929
0.12885232
0.1341051
0.7116124
0.8634142
0.775058
0.8791291
0.87201244
0.6776137
0.22367863
0.22301559
0.20612788
0.31442025
0.8345822
0.78273785
0.85913783
0.7665698
0.7423869
0.8341344
0.71098167
0.6076809
0.18719076
0.14777769
0.1637857
0.22824097
0.8253735
0.7365959
0.8602812
0.85544425
0.7075398
0.71609116
0.828792
0.7504143
0.8545967
0.83365935
0.3667059
0.37467882
0.33405793
0.19805816
0.18047416
0.18794386
0.21954696
0.7847701
0.36904138
0.34116676
0.8313385
0.83234435
0.23528238
0.19984362
0.224048
0.24723946
0.86064476
0.877046
0.7769341
0.7789923
0.7845107
0.78941286
0.8811487
0.88374746
0.78667
0.87023646
0.7671523
0.6474043
0.19153571
0.16622785
0.16783379
0.19978842
0.83611935
0.7337942
0.8678898
0.8673712
0.73447126
0.829683
0.26714846
0.1891234
0.20653522
0.8282578
0.22014795
0.21590729
0.87157583
0.11746829
0.07885361
0.067476295
0.0668472
0.10060076
0.06264489
0.053164627
0.055930577
0.06770233
0.09111339
0.8417626
0.9294039
0.105378635
0.060794763
0.049869973
0.04551326
0.04476904
0.044768706
0.0483983
0.061033804
0.113138855
0.8887748
0.8929907
0.9156315
0.882034
0.88540006
0.90318716
0.8629335
0.8621038
0.8941525
0.8472289
0.8516152
0.8912531
0.8518153
0.8949627
0.8990321
0.8611116
0.89790833
0.85243714
0.8511799
0.8601394
0.87156206
0.877154
0.9222813
0.14201196
0.062377796
0.047579262
0.04456312
0.04767712
0.06281166
0.10826402
0.79207885
0.78365123
0.13305028
0.1279685
0.7493375
0.7557037
0.10645731
0.08824455
0.0983895
0.087153405
0.08128855
0.110092945
0.099514306
0.0902937
0.11597553
0.0939162
0.07766915
0.07859756
0.08998802
0.12025596
0.21064724
0.7403897
0.8862092
0.88192326
0.74711907
0.74332076
0.8449494
0.73938346
0.7429147
0.8295374
0.66562706
0.1908035
0.20659879
0.22792497
0.8216195
0.6922206
0.7186088
0.84329045
0.717773
0.627098
0.2488551
0.32425863
0.27642313
0.64118165
0.65966344
0.14850226
0.1171515
0.101871274
0.110386014
0.13465127
0.20859715
0.5870772
0.80027187
0.29281983
0.31713217
0.8536383
0.87816536
0.8671173
0.6684237
0.3827978
0.2602068
0.2625731
0.53088856
0.69481313
0.85779035
0.85992324
0.7083507
0.6892961
0.8301886
0.7179775
0.84253925
0.2690789
0.13269119
0.10355803
0.12284208
0.57789606
0.14590451
0.18779781
0.15027128
0.14784454
0.8834262
0.80709285
0.9067735
0.8063965
0.10798489
0.08323405
0.09957431
0.10841741
0.67682666
0.1400157
0.09965681
0.09340378
0.12646417
0.13540007
0.72427005
0.187906
0.0917121
0.081536554
0.069542296
0.057764668
0.06527106
0.092318594
0.8193649
0.91092795
0.10929619
0.08141457
0.10073306
0.8143324
0.85210687
0.086294815
0.052110154
0.04328086
0.04246057
0.045745768
0.05548748
0.11761071
0.9162302
0.92239267
0.94459337
0.9218837
0.10393437
0.057138126
0.04870073
0.044592477
0.049805302
0.06351487
0.104564175
0.89622027
0.14390032
0.08510751
0.08356835
0.12125846
0.07632822
0.0863713
0.12162614
0.089561485
0.09129464
0.12835832
0.6791158
0.3243245
0.86257195
0.77306783
0.87862426
0.8790116
0.78003395
0.8196569
0.89381003
0.8867899

