0.8667852
0.83384776
0.6870686
0.36164373
0.36871225
0.42346513
0.4512644
0.6766217
0.74030405
0.85457575
0.34066746
0.17045939
0.13696499
0.14274852
0.20182039
0.6994061
0.876538
0.86868954
0.42013597
0.8573823
0.24520124
0.11001806
0.122551456
0.15154555
0.12096607
0.13339593
0.19616206
0.894644
0.8137482
0.91349936
0.8135255
0.10126359
0.099827476
0.06912926
0.09232433
0.13269383
0.08918422
0.11270757
0.11858996
0.7011653
0.6706166
0.66078335
0.30302966
0.18885665
0.12224883
0.121765554
0.17714928
0.17677619
0.20046864
0.28047112
0.35259473
0.32093427
0.799005
0.45807257
0.33199215
0.30674294
0.27835485
0.5956962
0.78358984
0.29545483
0.21689028
0.20857833
0.24810943
0.22699594
0.31440905
0.21925609
0.2543793
0.5879242
0.638202
0.8230694
0.80249566
0.25899842
0.22179937
0.21093185
0.20455283
0.25825194
0.83048254
0.72845155
0.8488706
0.81997883
0.43702024
0.42337373
0.4531971
0.6206793
0.63827044
0.66097236
0.7792095
0.44346035
0.499684
0.83356035
0.8305282
0.5494334
0.2705243
0.20285949
0.20303103
0.28264642
0.25171834
0.8432212
0.8557832
0.16983928
0.1430581
0.18483011
0.74265593
0.19584441
0.08737136
0.07022212
0.070902534
0.08883502
0.086180896
0.12642601
0.06299391
0.058981583
0.058698997
0.07855953
0.10266322
0.07111621
0.106954284
0.09951839
0.13930961
0.8685913
0.08449309
0.057606194
0.05344005
0.07205747
0.08227407
0.084610604
0.87708706
0.8733289
0.8894095
0.9232787
0.85568756
0.8596383
0.11233607
0.11134595
0.16652091
0.8814988
0.89233905
0.120231435
0.112592496
0.14384614
0.8656256
0.9122801
0.14722879
0.11701881
0.07884753
0.07231282
0.10159301
0.17574485
0.7713026
0.91692096
0.16463004
0.06386108
0.04684251
0.045607045
0.051099032
0.067999005
0.1837571
0.9169472
0.8187213
0.88648677
0.096052974
0.05456531
0.044875126
0.046031665
0.055210058
0.075376555
0.13291837
0.8985204
0.74042606
0.1295285
0.14757328
0.13322648
0.7634904
0.12070518
0.12260787
0.7688812
0.09606606
0.083370015
0.072690465
0.10316973
0.8808391
0.8800458
0.08426987
0.055044524
0.050926622
0.058939453
0.106763646
0.8910705
0.89714545
0.93203527
0.9000305
0.89119923
0.9012574
0.10028037
0.05899709
0.061857697
0.05601978
0.07415689
0.88549703
0.9302444
0.8620082
0.09520387
0.065645196
0.07022914
0.09129772
0.7457311
0.1363344
0.151454
0.8518573
0.246681
0.16664894
0.15859829
0.70743865
0.70044446
0.69858164
0.68144786
0.6978128
0.6888132
0.12274532
0.0878509
0.10206971
0.14971171
0.19419001
0.29656065
0.1903187
0.13397731
0.14201406
0.21170047
0.57149714
0.3294293
0.22649178
0.2415478
0.79791194
0.28927287
0.33488193
0.28765285
0.29769418
0.8596675
0.87262374
0.7340706
0.7554482
0.8736931
0.85697925
0.34395632
0.3707748
0.32765627
0.34627387
0.84154683
0.76441693
0.7293383
0.6729218
0.37608328
0.3287412
0.32679525
0.34841385
0.46882287
0.5134184
0.4827446
0.36570522
0.21112463
0.21008483
0.15412132
0.1375326
0.1626748
0.3353686
0.2503684
0.18857358
0.1703695
0.19976756
0.6526213
0.6565088
0.8403545
0.82955354
0.54791105
0.32217896
0.37294126
0.34146667
0.35870436
0.2856166
0.2438939
0.2811286
0.3129384
0.29682338
0.8447407
0.8459535
0.71517736
0.8554478
0.85283273
0.67101705
0.23741083
0.22511262
0.82556564
0.19625856
0.27304035
0.24005431
0.1609648
0.18238214
0.11008883
0.09401343
0.084912434
0.0800324
0.078517675
0.07845035
0.15533532
0.2348824
0.90491146
0.7787077
0.90999395
0.09010386
0.05681532
0.05359207
0.04644415
0.054789975
0.07928272
0.87649906
0.90918076
0.91269064
0.8660648
0.87247896
0.8996263
0.86316466
0.9047596
0.9137461
0.9199552
0.92075515
0.8751909
0.08927129
0.055562865
0.053851567
0.0701632
0.85590714
0.86200315
0.8972192
0.15909946
0.19312431
0.21896234
0.85858285
0.87829906
0.8904396
0.91923666
0.91628164
0.8735488
0.12312875
0.088122465
0.088314034
0.8663994
0.92039704
0.92557484
0.87795544
0.088995025
0.061199367
0.068195
0.11518098
0.85402185
0.9020354
0.81156945
0.79918045
0.8012094
0.81519496
0.7952752
0.8051181
0.83690923
0.84866863
0.90474176
0.900161
0.12375523
0.083743855
0.098634474
0.8093119
0.8874012
0.17880277
0.108748615
0.13663952
0.8683011
0.7157981
0.15867819
0.12882115
0.12015119
0.20726517
0.24388368
0.2304812
0.12111653
0.11510516
0.15608884
0.2401836
0.20845467
0.22177912
0.25467953
0.78829956
0.65707827
0.6315699
0.63931394
0.6794271
0.8158135
0.8067319
0.6777071
0.65306807
0.2476277
0.11589298
0.09926392
0.14797413
0.11175899
0.10838614
0.7581546
0.7598122
0.89452416
0.89173555
0.20613189
0.26753455
0.15597892
0.08996692
0.08144624
0.10383743
0.09677911
0.11743176
0.7382548
0.8597979
0.7564655
0.85620373
0.77923095
0.8679796
0.87232137
0.8329792
0.29889643
0.3215428
0.50453943
0.2120554
0.26173964
0.20146085
0.29388815
0.84543455
0.7968998
0.8779269
0.87707645
0.7806412
0.7851412
0.85797614
0.7929487
0.8256151
0.51258975
0.31626973
0.2586685
0.18226987
0.19920716
0.24061719
0.754059
0.6807975
0.7930552
0.77915704
0.6355806
0.3343269
0.34754845
0.3959408
0.39031622
0.41783598
0.39978188
0.4191346
0.38582927
0.39576384
0.68019146
0.6039552
0.2958076
0.25388762
0.26161647
0.3711351
0.5613379
0.7648788
0.7422366
0.833687
0.8533966
0.8456802
0.776833
0.84262735
0.85929114
0.8656156
0.8688484
0.86820525
0.8559697
0.8048407
0.401518
0.27015582
0.24325699
0.2506398
0.34418872
0.43408132
0.7977467
0.8433074
0.8523788
0.8219952
0.7031579
0.6828097
0.7151419
0.8056314
0.77057946
0.5195872
0.4150888
0.39877927
0.40961438
0.45849675
0.4394791
0.3850459
0.4995949
0.6424281
0.7591435
0.19186032
0.15928462
0.19423507
0.20149374
0.7991386
0.47710347
0.8551734
0.8739295
0.80852604
0.85881925
0.7517781
0.68646586
0.6817016
0.77831113
0.2214277
0.17671458
0.26122904
0.16262475
0.20585015
0.63804626
0.6803337
0.1683436
0.093174495
0.09411722
0.081265144
0.09273067
0.10228084
0.83583915
0.89840466
0.77574754
0.74802107
0.7609635
0.12493792
0.09819994
0.10082994
0.19710541
0.18238243
0.30950078
0.6496856
0.6882792
0.8353678
0.7511111
0.756604
0.83141077
0.7411685
0.74300736
0.8405503
0.8502048
0.78503555
0.85473686
0.8703595
0.8728956
0.8541511
0.7527543
0.76605785
0.2911674
0.2730135
0.22106335
0.24687193
0.47918925
0.72873867
0.64150035
0.61488724
0.6008642
0.21333337
0.16123654
0.19916151
0.3169292
0.19947349
0.22311008
0.28199673
0.68794036
0.22686633
0.20088154
0.25991473
0.57876706
0.6000438
0.6013426
0.58289635
0.34474522
0.28107437
0.3105491
0.33574906
0.3574424
0.2405237
0.24906023
0.38009256
0.62660563
0.7480256
0.562445
0.5059386
0.49356282
0.49795783
0.6614502
0.77388024
0.33101436
0.32011974
0.33707446
0.2487194
0.24909307
0.5651658
0.68022573
0.81675553
0.6656764
0.6908729
0.84585536
0.7320078
0.12565736
0.10283783
0.1680347
0.106424086
0.13849564
0.0724273
0.056717683
0.055718925
0.059899487
0.080331445
0.7990972
0.13539103
0.14882022
0.12742022
0.8553417
0.85097855
0.9286456
0.9291166
0.92465204
0.10252427
0.076743424
0.049984656
0.04470018
0.052356582
0.084344596
0.88691723
0.90764385
0.8777217
0.8674943
0.9074401
0.8688026
0.9169408
0.9192449
0.87648106
0.12135306
0.12409696
0.825253
0.09203985
0.08040752
0.063909754
0.06090025
0.094830215
0.106613085
0.15121824
0.8052893
0.08821581
0.06699773
0.07225091
0.077325046
0.10231566
0.12904301
0.7578054
0.10100917
0.10229754
0.090626866
0.10016883
0.13727851
0.08575376
0.08308405
0.07570182
0.06900328
0.064835764
0.08140534
0.121939704
0.90158635
0.7638723
0.7524651
0.8172009
0.094702855
0.07751711
0.049339492
0.042947225
0.04267246
0.046907358
0.05770991
0.10150787
0.9023559
0.890709
0.8927074
0.9240226
0.8797772
0.28854328
0.16910025
0.8052206
0.089618884
0.06688543
0.073185995
0.11191772
0.88323647
0.16193655
0.09700975
0.09386002
0.13822433
0.08634469
0.10551541
0.18494858
0.19657017
0.11690123
0.15355325
0.21898533
0.20275153
0.24207212
0.22726744
0.8631858
0.8865302
0.89481884
0.8523391
0.89164436
0.8106439

