0.8615047
0.847499
0.7801948
0.7615435
0.8138671
0.8802739
0.8377744
0.81518924
0.8362297
0.88885665
0.8949115
0.88587594
0.7528743
0.6954535
0.70796484
0.7371481
0.8718127
0.880236
0.7663314
0.85399324
0.6610663
0.30840892
0.2699454
0.22767627
0.26908672
0.28306842
0.28967538
0.32684052
0.17163669
0.15303892
0.17745711
0.20882267
0.5850349
0.23897536
0.25653458
0.20210095
0.20179452
0.24513914
0.240297
0.1923277
0.21422677
0.6415747
0.7834517
0.63972706
0.5687976
0.25501597
0.25681877
0.19794722
0.19067308
0.22311072
0.19623396
0.21808605
0.31976256
0.2805758
0.5873754
0.5849093
0.39549637
0.28228417
0.34158707
0.25960985
0.20475689
0.20730014
0.2519493
0.24991088
0.3840363
0.5541347
0.30142495
0.34377044
0.5562271
0.4512745
0.3950848
0.34417513
0.44603238
0.2506119
0.22120053
0.26620415
0.8079844
0.6814445
0.7836416
0.37973654
0.23790762
0.24623613
0.22060281
0.16179517
0.19855997
0.14964423
0.19237305
0.16446134
0.19652478
0.17887099
0.22292517
0.6009462
0.18179539
0.19484936
0.618339
0.26379973
0.2502192
0.85454506
0.238399
0.11520491
0.098161645
0.11885052
0.1286719
0.23387745
0.8728115
0.123691484
0.10261611
0.15746668
0.15081502
0.879712
0.7311248
0.72348243
0.79389966
0.113733836
0.09286941
0.06649035
0.10749822
0.14709044
0.90704715
0.8146953
0.8813385
0.08471538
0.06052737
0.065223604
0.057877123
0.046572004
0.051536623
0.07696096
0.8845707
0.9164799
0.892394
0.89503276
0.8975104
0.90562373
0.8975019
0.92970395
0.15429358
0.062567726
0.049954634
0.050799735
0.060927626
0.08475402
0.07820527
0.09001052
0.07209571
0.06882031
0.090547375
0.13657328
0.8302874
0.11131052
0.118181646
0.10944252
0.8070064
0.09068821
0.07245321
0.09035754
0.23178281
0.91197246
0.863445
0.9006075
0.13685764
0.11131043
0.06975525
0.08652361
0.7648743
0.09819689
0.09087386
0.10354126
0.79956424
0.7770198
0.9162243
0.12524216
0.06157805
0.048095997
0.048411004
0.061837193
0.17180988
0.91093576
0.8554414
0.8445663
0.88230926
0.110820584
0.06457873
0.056289207
0.06553085
0.07008655
0.12271413
0.10454031
0.1677734
0.87086004
0.1612524
0.15355375
0.65163165
0.22205533
0.2167374
0.2603867
0.1343788
0.13700205
0.22655979
0.8267341
0.17878129
0.18018202
0.5820544
0.15765253
0.1785146
0.5979318
0.18412331
0.18077974
0.34764695
0.6736663
0.15226795
0.0924185
0.07669589
0.096519515
0.10631796
0.10972403
0.8107069
0.76501054
0.7935811
0.85955185
0.26426435
0.32162645
0.37293503
0.8615346
0.79053867
0.774626
0.7899378
0.87148464
0.74354076
0.39288592
0.28136906
0.26419786
0.82720476
0.738908
0.84031034
0.6956984
0.22859772
0.28578007
0.27110365
0.13757387
0.12180622
0.22711842
0.10547155
0.093973115
0.16406177
0.10678766
0.08260357
0.10258693
0.06812311
0.0812234
0.1018172
0.86188376
0.8538463
0.8571548
0.847516
0.9083037
0.8977175
0.16104311
0.16744737
0.10789921
0.13697006
0.65438527
0.19427766
0.3919537
0.86259353
0.18469116
0.10695507
0.08559294
0.099351026
0.18557662
0.13870102
0.19603267
0.11102177
0.10221663
0.109233186
0.12742212
0.22001506
0.8671415
0.7247117
0.14088467
0.11731914
0.100641645
0.08827296
0.1357006
0.122950666
0.7139409
0.89880913
0.109775655
0.071527846
0.07689169
0.1253264
0.8846341
0.107530154
0.07370538
0.09096878
0.08793026
0.113500625
0.8515336
0.11157126
0.08188807
0.10803274
0.887577
0.90799874
0.9320711
0.9265864
0.2644222
0.11853251
0.1584986
0.8266916
0.09653685
0.08362311
0.06834031
0.06712614
0.08307326
0.81916547
0.8991376
0.9019809
0.8315755
0.8266092
0.88124526
0.8262178
0.8842058
0.89193714
0.8941564
0.8838852
0.7730837
0.74563533
0.8513744
0.15499188
0.14339079
0.077080816
0.06987006
0.09645532
0.8467552
0.90446335
0.9012633
0.7841828
0.7656987
0.76774645
0.87679243
0.2671145
0.13109799
0.12612797
0.11495436
0.078151114
0.07866766
0.11631668
0.074504174
0.075233705
0.101267695
0.8805288
0.7866156
0.8975968
0.8207018
0.8817112
0.15523243
0.13458027
0.09898006
0.12910278
0.13504839
0.6181798
0.63457894
0.6776327
0.8300335
0.8310504
0.17749178
0.13476945
0.15881678
0.20590559
0.76175785
0.33551544
0.2968584
0.27877465
0.34842002
0.35200667
0.3225722
0.6985175
0.8664332
0.8878976
0.88486147
0.8532084
0.22103328
0.18008675
0.1918276
0.30526155
0.2955467
0.31581143
0.48772258
0.35972035
0.29384145
0.61916566
0.6598016
0.67936534
0.8256884
0.4211588
0.24948835
0.586782
0.25407603
0.13511324
0.11572887
0.15798564
0.085338384
0.08333588
0.09139871
0.12501562
0.88364005
0.8745893
0.30925727
0.8379575
0.21629164
0.16437264
0.80579376
0.78285277
0.9103058
0.09564808
0.055455014
0.045069873
0.04904445
0.07364806
0.09098352
0.15395516
0.2610064
0.89889693
0.86285216
0.86877435
0.8369247
0.8281163
0.8689808
0.21498613
0.30405194
0.87215585
0.8492014
0.89198965
0.28342947
0.1351681
0.22947255
0.8766357
0.8769631
0.9172146
0.91679806
0.8739854
0.21559678
0.11165174
0.13310564
0.8464811
0.9010848
0.86405426
0.8897876
0.3486313
0.1797649
0.781863
0.8210103
0.8453184
0.8715404
0.9165683
0.8794248
0.9157851
0.17262611
0.114852965
0.11426424
0.07108545
0.053203035
0.05084427
0.0557934
0.073530205
0.78900576
0.89099705
0.7928249
0.8897371
0.8794247
0.7386044
0.7381985
0.83839834
0.7642343
0.8642239
0.8819665
0.8875504
0.8848268
0.8689574
0.71686476
0.20485967
0.2002199
0.3805182
0.81630594
0.3809293
0.36568627
0.35652435
0.33939028
0.38761127
0.74457026
0.80030054
0.81877536
0.8976222
0.88661224
0.29925478
0.22459525
0.22222115
0.25162548
0.38862467
0.82697845
0.7115285
0.8129382
0.28173792
0.17898318
0.19878766
0.5795743
0.82220346
0.75064015
0.84611076
0.7981042
0.86624104
0.86402607
0.7819497
0.8331052
0.74010164
0.7005644
0.70871764
0.83354807
0.8639865
0.18654498
0.20475295
0.108669184
0.06858556
0.054409035
0.049046565
0.05518817
0.057511665
0.08227234
0.87941927
0.87709284
0.9182256
0.8423101
0.3299938
0.20899361
0.7943822
0.7981865
0.22352783
0.1023885
0.079471886
0.10030902
0.70148736
0.29041842
0.25092855
0.24055009
0.83472025
0.7068825
0.70754987
0.82708615
0.17503239
0.15224288
0.28421187
0.35808828
0.63764036
0.3886681
0.326131
0.86503744
0.89000267
0.8370933
0.8851056
0.78503346
0.7308946
0.6691123
0.25228882
0.3241799
0.7966781
0.28012693
0.21060775
0.16285592
0.18159096
0.5099069
0.26103395
0.39502984
0.5756335
0.32198057
0.6056686
0.6334827
0.17468028
0.13048086
0.12822893
0.16653097
0.21520144
0.16338646
0.18155238
0.2899732
0.5559849
0.28690833
0.35964468
0.56015366
0.563838
0.55656177
0.5550173
0.61817014
0.7320664
0.6912467
0.7786208
0.75028986
0.38446933
0.27339014
0.33547163
0.25179622
0.31253558
0.41155168
0.3027775
0.20628887
0.24067062
0.17503658
0.22185597
0.15755256
0.17049293
0.30266255
0.19148019
0.2201237
0.5661915
0.420413
0.33030564
0.7521559
0.19511442
0.18537702
0.19037817
0.6396875
0.68663126
0.12262541
0.10486422
0.08126
0.09912281
0.10212782
0.84378564
0.90094966
0.9067651
0.8999651
0.8206173
0.8787364
0.7988879
0.77706236
0.7946482
0.8770106
0.88861316
0.88024795
0.7773606
0.76163614
0.8438767
0.77597487
0.857054
0.8318614
0.31205443
0.3155565
0.25323832
0.32048157
0.32319617
0.7428401
0.602282
0.28553846
0.3369055
0.32370684
0.761039
0.67880464
0.66557294
0.7132298
0.1427432
0.08545706
0.06719281
0.08065136
0.061781533
0.052119177
0.05548454
0.05366409
0.061239842
0.10041472
0.8826311
0.8658276
0.865433
0.83803695
0.833006
0.20544767
0.17961007
0.8611884
0.10848915
0.074236475
0.06796471
0.0733601
0.13811281
0.09567238
0.08761018
0.1459252
0.1042298
0.11453548
0.19784987
0.23727226
0.20420246
0.22237068
0.2936571
0.19710213
0.58762723
0.1601562
0.17515153
0.15679374
0.1942763
0.6037582
0.63493896
0.7184341
0.3039637
0.2133413
0.21155062
0.29320264
0.21886162
0.25434563
0.4158366
0.80961233
0.7423249
0.76476806
0.8504087
0.8054027
0.86115825
0.81875104
0.8723337
0.8827836
0.8852586
0.8552981
0.8949312
0.8845155

