0.86711055
0.865122
0.84468246
0.8083124
0.80833155
0.893004
0.7916301
0.7142671
0.20939998
0.10879054
0.06914165
0.062156692
0.07032999
0.11167642
0.90042317
0.79796344
0.91934437
0.1250252
0.06889755
0.048989456
0.050068833
0.055889904
0.045845702
0.04837649
0.06389353
0.078368
0.8932348
0.88045233
0.90827477
0.9352568
0.092571974
0.05597851
0.04356571
0.045216445
0.048405714
0.050317667
0.0629844
0.10838754
0.14399235
0.72010165
0.6890928
0.73819417
0.19818428
0.77883804
0.09021263
0.06610092
0.073050305
0.13378948
0.11133564
0.07739376
0.062986314
0.07043448
0.065244615
0.055418406
0.06429636
0.07652083
0.8542997
0.92015886
0.9184124
0.76038593
0.107521355
0.09297307
0.14809275
0.8288813
0.79736984
0.75999105
0.7203101
0.73490703
0.15538664
0.20315124
0.7836094
0.108247906
0.09355874
0.10959947
0.8478384
0.8530397
0.8517417
0.83594203
0.8313178
0.8452699
0.8499589
0.90479463
0.9006021
0.45873806
0.27622655
0.16757388
0.7132721
0.19250512
0.15674175
0.8101052
0.8967577
0.90191346
0.8093054
0.7704065
0.7387989
0.22290826
0.13376497
0.14940736
0.692221
0.8369714
0.15002738
0.12857002
0.15211612
0.29755414
0.6054047
0.3768646
0.25844738
0.29850814

