0.86917436
0.8556909
0.8980494
0.79050183
0.74191934
0.74921393
0.89815634
0.10225348
0.06557872
0.04854678
0.04683954
0.04948552
0.060658526
0.09331093
0.8689387
0.11094227
0.060104817
0.047676034
0.044022944
0.04409657
0.04931136
0.065584466
0.88513047
0.8851687
0.92003876
0.91460717
0.9331126
0.085140705
0.04954747
0.03942101
0.03819528
0.04055328
0.047627825
0.0678061
0.8046043
0.910537
0.78522325
0.9159273
0.80733126
0.08096989
0.053261552
0.050715942
0.04362986
0.04455359
0.05177239
0.07805702
0.8933849
0.84411293
0.90079004
0.088764966
0.05498561
0.045448832
0.045963343
0.052725334
0.058917698
0.08112152
0.7856541
0.9028369
0.11131999
0.08287218
0.09862523
0.15152793
0.86331296
0.6843681
0.70377797
0.86625767
0.87378484
0.119492635
0.0951466
0.13226081
0.77900344
0.8969277
0.8096565
0.08513989
0.056848522
0.05701583
0.073506914
0.82519287
0.82813495
0.8400175
0.91207576
0.8137089
0.80024636
0.088615745
0.062141445
0.069414094
0.09602971
0.6643808
0.7082475
0.8761285
0.22822511
0.112421475
0.09616096
0.110351205
0.18475209
0.10405918
0.07745997
0.07096734
0.075176045
0.09167774
0.7151572
0.6776729
0.7236858
0.8705318
0.7151343
0.14389648
0.107156426
0.11716013
0.16863886
0.8669955
0.8119624
0.7578525

