0.7949475
0.8457752
0.8507784
0.8560745
0.9035453
0.8425415
0.9094731
0.9173961
0.12429308
0.07232416
0.06913908
0.08010984
0.058747794
0.068092145
0.054624163
0.05931459
0.07098534
0.10805694
0.8911251
0.12375268
0.06254498
0.048765082
0.047608253
0.05516983
0.07916213
0.9026297
0.8891459
0.9231582
0.09180748
0.06299788
0.048675247
0.0527005
0.07690339
0.10095399
0.8507175
0.22425488
0.21949226
0.77888626
0.110282965
0.09493571
0.15067923
0.8953687
0.7650012
0.10792727
0.10402496
0.12328571
0.078798935
0.10510609
0.06780416
0.06285645
0.066503294
0.10118858
0.8751196
0.9192352
0.9165018
0.79232323
0.8924147
0.115765765
0.10245888
0.073690146
0.069884196
0.093756214
0.886323
0.8992035
0.10675508
0.08107859
0.086649366
0.85773754
0.9146505
0.78804326
0.81593925
0.102794856
0.0813598
0.11113634
0.8582878
0.110800505
0.08111429
0.11239417
0.11249422
0.12782402
0.86261344
0.6808866
0.7192808
0.87804824
0.7562739
0.21247947
0.10397865
0.08508144
0.110710636
0.094459295
0.069714844
0.06333651
0.08326159
0.11121552
0.09544366
0.10825172
0.83472806
0.79717237
0.8105971
0.13002995
0.13345791
0.09029063
0.0728125
0.074336134
0.08464928
0.12618738
0.8665435
0.67021114
0.62300825
0.6103242
0.6355046
0.6818005
0.69599164

