0.878477
0.8329689
0.75269085
0.11749943
0.097294904
0.083492786
0.1102473
0.88513935
0.90556985
0.91206515
0.84063995
0.8197951
0.7918955
0.7815799
0.8426039
0.11294393
0.08949185
0.05975723
0.051811583
0.04877287
0.058705766
0.052920926
0.05369797
0.07629843
0.10063123
0.8698093
0.16817226
0.14412549
0.90117586
0.9381163
0.9423166
0.92044306
0.083967045
0.05904396
0.043738395
0.045314576
0.05326834
0.07804977
0.86132336
0.8514639
0.1042238
0.07524823
0.0939036
0.1005607
0.09424189
0.100334115
0.804837
0.77059484
0.83552945
0.89643276
0.8340502
0.9008418
0.907843
0.90388066
0.8871371
0.15362056
0.12722687
0.17886639
0.17504126
0.86007065
0.8839017
0.8947238
0.8958444
0.89419407
0.89121455
0.845094
0.88687205
0.8909584
0.8918327
0.8847363
0.79228354
0.7699744
0.7656827
0.87092197
0.8848605
0.87325484
0.7522774
0.66738147
0.66591746
0.79472256
0.21009035
0.1548757
0.14876428
0.1500212
0.7829317
0.88866997
0.8124438
0.14756463
0.089314744
0.10607713
0.8227039
0.15649764
0.08063667
0.06179159
0.070343755
0.0992203
0.90550476
0.92867374
0.9378925
0.9063883
0.92584574
0.10950307
0.09037635
0.05623494
0.0664908
0.058473438
0.056814384
0.07032283
0.12087646
0.8231059
0.7749148
0.76886094
0.69799507
0.23065066
0.3036038
0.33120307
0.39389053
0.75702584
0.8890872
0.8988719
0.825055
0.7754628

