0.80767363
0.8535989
0.8825273
0.40773696
0.25899532
0.17708807
0.17762224
0.18994352
0.7548736
0.87681013
0.7723832
0.8516981
0.40264192
0.25437033
0.31131732
0.26728123
0.56570643
0.24178404
0.14227983
0.16252074
0.19809173
0.79123384
0.89090765
0.74815005
0.71440876
0.79135793
0.13838653
0.06540461
0.05900365
0.0848873
0.08712299
0.13346407
0.880149
0.11242756
0.092128694
0.1418865
0.9111837
0.8887082
0.08793408
0.053917684
0.043688845
0.043468133
0.049708627
0.06938107
0.074955806
0.07563925
0.8884179
0.9085931
0.932799
0.9362433
0.93818045
0.90685093
0.9127294
0.07779893
0.055002585
0.05114214
0.061190918
0.04480978
0.04679499
0.06536046
0.0708915
0.052411973
0.05244339
0.06707161
0.86934817
0.92993575
0.9316243
0.13543054
0.12257104
0.077905074
0.057654183
0.06371475
0.098398924
0.82645285
0.20542657
0.1932324
0.14274879
0.1531437
0.76998127
0.20346132
0.12431494
0.0807355
0.09414233
0.080434054
0.075427316
0.09709866
0.15147722
0.09881893
0.0913637
0.12568097
0.097706296
0.09150904
0.120154805
0.82714003
0.80375975
0.9060212
0.9034921
0.7949464
0.7029029
0.3343779
0.20326507
0.28785878
0.28515092
0.3750379
0.80449253
0.4702101
0.335545
0.25918013
0.14551789
0.17477493
0.7349489
0.8675593
0.77839184
0.8756757
0.80179274
0.8799196
0.8641906
0.18377379
0.14911002
0.19019856
0.2240137
0.3179536
0.8486022
0.7997027
0.8846453
0.81157887

