0.31307423
0.2388012
0.2465413
0.46076012
0.77218425
0.8776035
0.7442981
0.6415256
0.38716507
0.41665873
0.4162985
0.85689
0.88560134
0.8881926
0.8043506
0.7805484
0.7759715
0.7898252
0.8748389
0.7668641
0.76343155
0.8753998
0.21165298
0.16202915
0.1741095
0.08162391
0.07916498
0.06929808
0.08860193
0.10384243
0.12711331
0.05912433
0.056632333
0.08152854
0.06109239
0.09028523
0.08714058
0.21163705
0.923108
0.9301303
0.88965994
0.09003299
0.055465456
0.05561304
0.07359893
0.086274184
0.8840904
0.9257444
0.09248447
0.055874866
0.046017654
0.04850087
0.057609014
0.108324334
0.8961726
0.8877162
0.90002835
0.92590207
0.902724
0.9043654
0.92699116
0.17818211
0.07034639
0.063363396
0.052942526
0.07721609
0.09861879
0.8892557
0.9232665
0.10848113
0.08038538
0.089675695
0.0820537
0.1285522
0.8414579
0.09540192
0.06666211
0.073343545
0.10834345
0.11686376
0.92003536
0.93783295
0.9162051
0.08825448
0.064412646
0.066830084
0.054168407
0.07636763
0.07314625
0.07373417
0.07140168
0.06353483
0.06882487
0.06379292
0.06774
0.082330905
0.09108966
0.14017023
0.1500426
0.7763113
0.7209222
0.8730374
0.26008397
0.14636348
0.16821218
0.17185323
0.32380182
0.8659151
0.17991315
0.112684645
0.0949564
0.14235365
0.09171984
0.09364487
0.16679022
0.2431791
0.8238717
0.7712176
0.77847034
0.7715203
0.15464558
0.11037899
0.086097635
0.09598548
0.099860586
0.097590014
0.112325326
0.2449901
0.8819646
0.7657162
0.8915343
0.15216002
0.09129001
0.07356373
0.07256473
0.118190095
0.08340274
0.08885974
0.08668022
0.081594504
0.077050395
0.07617069
0.0812224
0.13965558
0.88799924
0.11819845
0.112277724
0.094266795
0.19848213
0.87192106
0.1961365
0.18468721
0.37906122
0.90495527
0.91360354
0.08633825
0.056813937
0.0561748
0.07702978
0.86454904
0.87341356
0.89680105
0.89918303
0.89267236
0.9060052
0.29554597
0.15847588
0.7597024
0.13381307
0.14054811
0.88089085
0.9040195
0.17247345
0.14402018
0.122353464
0.7465155
0.115522765
0.09417897
0.12510654
0.7762216
0.26082745
0.8739998
0.22358255
0.12330704
0.17709804
0.16596921
0.119503096
0.17152017
0.14247161
0.26656523
0.32928097
0.34428382
0.33136132
0.2998265
0.23614027
0.8546041
0.76704764
0.7674074
0.79920155
0.89062417
0.89441395
0.8124654
0.89318544
0.88491815
0.17654988
0.16125508
0.15812375
0.16171719
0.17225187
0.18340154
0.18825981
0.6956152
0.8613718
0.7773871
0.8748162
0.8739045
0.7542252
0.7684109
0.7839176
0.87226015
0.8844132
0.8840391
0.8196972
0.8794518
0.8864427
0.88423496
0.8215029
0.8066106
0.8119835
0.8702873
0.8091027
0.8823008
0.8949236
0.8991384
0.8938646
0.7563096
0.28442693
0.14338054
0.12195106
0.17681283
0.11303731
0.12437737
0.22211188
0.32556707
0.81870204
0.835998
0.89913505
0.9027404
0.89882374
0.8166126
0.89848286
0.83165514
0.80423266
0.16259414
0.11201889
0.080856465
0.078554876
0.093867406
0.097275876
0.118018374
0.17528775
0.74869525
0.74307805
0.7828421
0.8845321
0.8887688
0.8106247
0.79009014
0.7841597
0.7811121
0.77846384
0.78193784
0.87372714
0.805172
0.8680678
0.68005675
0.4962061
0.35252205
0.3589146
0.27753916
0.2506873
0.27296773
0.14840905
0.14843334
0.25775713
0.2558696
0.86329514
0.77815586
0.7609819
0.7864166
0.87608474
0.822713
0.81950057
0.8856362
0.89405817
0.8970187
0.89453965
0.8116665
0.8043295
0.8921596
0.8963454
0.11343184
0.07986441
0.11935157
0.13561715
0.13366316
0.9011751
0.813961
0.0825093
0.055943675
0.049587637
0.06316982
0.06552675
0.085055046
0.1592507
0.9082024
0.11829953
0.06410916
0.05390263
0.069352366
0.07255028
0.06518685
0.122145005
0.90547526
0.91806775
0.93206507
0.94128036
0.9213498
0.09652412
0.059307683
0.047529932
0.045638233
0.04900406
0.08003661
0.12747745
0.90517414
0.93439984
0.19877464
0.11959233
0.063730635
0.060656976
0.066186264
0.103046164
0.12374399
0.88655037
0.10661699
0.08134865
0.07770797
0.07727373
0.09884952
0.8646786
0.71381813
0.8702764
0.72356766
0.6749195
0.6706449
0.7241651
0.11406802
0.08530928
0.10343616
0.8098812
0.11473205
0.077695966
0.10206846
0.08582503
0.08284276
0.21382652
0.8975651
0.9110269
0.8661285
0.91766
0.92224544
0.8772666
0.91656387
0.13582161
0.06665099
0.053925533
0.062947124
0.07820326
0.1498943
0.82407063
0.81001306
0.10647428
0.0668277
0.06532088
0.09266047
0.09808637
0.08201973
0.08175406
0.09753144
0.105609514
0.17921029
0.17120317
0.24270867
0.16645563
0.14225467
0.10518312
0.09768703
0.12488358
0.1145193
0.12434299
0.18401274
0.26512086
0.57215834
0.8277197
0.6846793
0.83106524
0.67544043
0.6471138
0.18291385
0.12767711
0.19093937
0.12374325
0.10137978
0.08472328
0.0709304
0.07982837
0.091975294
0.82448494
0.8956492
0.15223294
0.18490563
0.2075181
0.25454018
0.85767823
0.15387766
0.15277216
0.8561567
0.8840498
0.14146063
0.07707432
0.049696743
0.051771928
0.068
0.88125366
0.9038993
0.9231641
0.91516
0.92451304
0.08967255
0.05701192
0.048923004
0.05921011
0.08354136
0.85428494
0.8152193
0.78612244
0.78721964
0.81237626
0.23044859
0.151124
0.75680393
0.12371743
0.10107181
0.101047665
0.111545414
0.76206326
0.76443946
0.13059385
0.14335532
0.09886042
0.13574184
0.11333174
0.16822685
0.15367103
0.15396568
0.28179342
0.87209165
0.87145025
0.73051757
0.6935537
0.85023147
0.7182185
0.66545916
0.17337792
0.13358007
0.16620412
0.15860756
0.30094972
0.33172777
0.27264977
0.29863015
0.24457157
0.85813606
0.7285834
0.72021
0.70734537
0.68328536
0.7134963
0.16305469
0.16046648
0.8582002
0.109697595
0.07924462
0.07751192
0.1172025
0.86587226
0.12517306
0.06386695
0.05107231
0.049869496
0.053685628
0.06799518
0.13498911
0.9001101
0.11438205
0.10635852
0.085142225
0.0591509
0.06019748
0.12349267
0.91424865
0.92871046
0.92400706
0.9251038
0.09151324
0.05419363
0.045417596
0.048781365
0.06056042
0.09310155
0.8755016
0.12190911
0.07209341
0.07414658
0.115218006
0.8509884
0.10575869
0.06478418
0.0536716
0.051359642
0.048446458
0.04975886
0.062315583
0.08311991
0.8999484
0.8661555
0.9121252
0.087044574
0.05666503
0.046605922
0.048652664
0.06862345
0.075593
0.08914695
0.12054692
0.85185647
0.9101538
0.9158922
0.9150202
0.8516904
0.90997773
0.8306871
0.10471381
0.105497256
0.06769795
0.05726592
0.05287499
0.05361331
0.07165474
0.9061514
0.9382653
0.91831386
0.08815466
0.061786585
0.081784345
0.11164885
0.11903643
0.079869054
0.062138434
0.061662488
0.06927068
0.11009935
0.8173368
0.22480093
0.17011467
0.18274677
0.11092877
0.112041995
0.15788905
0.7084083
0.7261816
0.8656347
0.8484751
0.6953931
0.59941125
0.22085242
0.23852469
0.31110704
0.26719216
0.25618553
0.25609997
0.4956275
0.3652417
0.30357018
0.3650054
0.639626
0.78227854
0.7193165
0.7969509
0.7304653
0.7960414
0.73401016
0.8321744
0.844045
0.7419455
0.16198798
0.12815432
0.103531264
0.07899277
0.097314894
0.102348365
0.8546571
0.90546
0.800035
0.1760518
0.20366286
0.1458341
0.22406298
0.24171792
0.19033581
0.6763638
0.861806
0.8523241
0.49143368
0.35703975
0.28675172
0.18222335
0.1609164
0.1690217
0.8619891
0.7969765
0.7733451
0.75480837
0.76130456
0.7942277
0.88819855
0.8888584
0.7417981
0.24800758
0.3224026
0.3308453
0.29039943
0.29004106
0.38345593
0.839661
0.8548417
0.7566096
0.78836906
0.302197
0.2846678
0.295718
0.5384606
0.6700976
0.7881013
0.64468145
0.31836402
0.23516183
0.22615312
0.27986255
0.8348501
0.8759292
0.8927854
0.89670557
0.8603819
0.8198374

