0.7781881
0.79650205
0.14359482
0.092910096
0.132465
0.07660955
0.09163847
0.102025256
0.8178673
0.76295793
0.74279964
0.7393655
0.8228444
0.15583827
0.09433624
0.05149023
0.045534626
0.04744953
0.050854094
0.06365801
0.09169103
0.19347017
0.88220465
0.12113111
0.12474611
0.10809401
0.8715263
0.9123842
0.8910837
0.8909114
0.8979747
0.8870644
0.882279
0.09852815
0.08297702
0.11848282
0.88097465
0.118519984
0.06864142
0.071328744
0.058079604
0.05158093
0.053091407
0.062236078
0.08646963
0.11443715
0.79862505
0.7767341
0.90799135
0.8133386
0.7936844
0.75984335
0.119517244
0.1171837
0.07933059
0.08628747
0.08592627
0.09759098
0.7788382
0.8770945
0.75491
0.88066196
0.768467
0.74312
0.89275306
0.14421175
0.08972603
0.05584496
0.047618162
0.047602322
0.054744404
0.08749361
0.08874526
0.063701935
0.077862956
0.078442946
0.112756036
0.15967764
0.9040207
0.9316808
0.107204154
0.08243216
0.063507974
0.051772162
0.057087194
0.079583675
0.8382951
0.08797557
0.0696105
0.07847556
0.8757492
0.90037835
0.92087805
0.91014004
0.90703255
0.1061765
0.08076366
0.101043776
0.8392073
0.089013025
0.061359074
0.06274356
0.090111054
0.8231888
0.13644868
0.121060774
0.808399
0.7790905
0.7934738
0.85276586
0.13633266
0.102721125
0.11715751
0.089348
0.08561669
0.0833142
0.07580814
0.06072342
0.05760288
0.06054864
0.06988262
0.08710776
0.13661896
0.800394
0.9009169
0.8599203
0.9120517
0.9008107

