0.7991234
0.83912647
0.84777087
0.84966075
0.8867257
0.77603173
0.69638145
0.6968148
0.7731531
0.88779724
0.7603718
0.7491387
0.1255242
0.098793685
0.07644938
0.11663017
0.07048341
0.06578831
0.08653338
0.81492096
0.09442476
0.084911786
0.15084586
0.21806028
0.8903015
0.92891824
0.80727875
0.8554179
0.0931608
0.05960122
0.047771215
0.04864487
0.060344722
0.05376647
0.063297525
0.10717558
0.8572023
0.7787625
0.8314951
0.132703
0.13402255
0.79385036
0.090049066
0.07091264
0.08192416
0.8523946
0.8784968
0.9126871
0.89003533
0.9138994
0.9165232
0.91206825
0.89660656
0.13220592
0.113743335
0.17305715
0.85985786
0.86516494
0.8621242
0.1884143
0.20450196
0.14787263
0.8654718
0.895147
0.8465939
0.8478473
0.8623674
0.9112823
0.8672754
0.8993729
0.122916736
0.08123181
0.09519747
0.7583303
0.21300682
0.16247624
0.82356083
0.79603916
0.8967196
0.16402827
0.08790908
0.090267524
0.14884306
0.8681208
0.7624621
0.8689099
0.7086476
0.66110283
0.6352606
0.13926503
0.12127467
0.14850143
0.85530454
0.18422446
0.11810404
0.09924223
0.08588265
0.09122661
0.074041665
0.072162434
0.08232445
0.11773133
0.79908264
0.88591766
0.16599247
0.18857904
0.13963704
0.79506457
0.7523565
0.7102137
0.6762928
0.14771271
0.14314024
0.13877697
0.7579355
0.87568593
0.7519528
0.70969975
0.1490553
0.104396544
0.111410655
0.14190918
0.28252965
0.8641935
0.8095708
0.8803409
0.808102
0.7763526
0.75090116
0.7571689
0.7986373
0.83436334
0.8698153

