0.793525
0.8497348
0.86093324
0.8969948
0.8605565
0.8932134
0.8048386
0.7584703
0.6640108
0.283605
0.2565824
0.3377317
0.55853915
0.30252165
0.5321787
0.28724477
0.20793687
0.22146702
0.38284248
0.37690756
0.28301457
0.3921349
0.42787898
0.5130871
0.77807593
0.31833744
0.38778946
0.60842466
0.19461213
0.17965052
0.12909174
0.17158575
0.14890398
0.2722599
0.27171117
0.609074
0.20624772
0.19430566
0.20775674
0.70246536
0.6829564
0.259634
0.8589828
0.35152322
0.29188132
0.8373442
0.108438164
0.06940694
0.056577723
0.052485324
0.056123517
0.06933629
0.05859751
0.056124084
0.06413361
0.08573977
0.10379456
0.8635069
0.16302161
0.20116387
0.8639008
0.13835512
0.07586804
0.09664847
0.102737956
0.88398564
0.9200983
0.90514034
0.9154549
0.90820074
0.9170589
0.10080631
0.06644237
0.06619096
0.1144091
0.86863273
0.2178414
0.2321153
0.88283765
0.14670764
0.07415825
0.05474168
0.054415394
0.08029174
0.0786992
0.07599578
0.07101913
0.10939908
0.13868554
0.15803786
0.81708395
0.2013094
0.2170094
0.8436464
0.2654343
0.74174935
0.7008377
0.2959992
0.2753392
0.27899984
0.66164637
0.16693674
0.13341285
0.11967847
0.19035167
0.1480736
0.23610014
0.17522217
0.59995687
0.24391012
0.205413
0.5820495
0.26290208
0.23685156
0.21472853
0.17191656
0.1970761
0.20016772
0.1826555
0.22297122
0.45258233
0.7187308
0.3972548
0.50541115
0.38051632
0.29670444
0.3518667
0.82931626
0.8740558
0.87881064
0.8044156
0.8094643
0.827113
0.8022768

