0.8763576
0.76009804
0.12909645
0.113469265
0.10910644
0.11291089
0.11694215
0.76586527
0.8170238
0.108048886
0.10977206
0.06310839
0.06039879
0.05521209
0.05495668
0.05624589
0.052408732
0.050248362
0.050420016
0.064003944
0.059846077
0.06398411
0.12867887
0.90019226
0.9257253
0.8310568
0.86860603
0.15198067
0.084964916
0.09191672
0.85355335
0.9014654
0.9138644
0.89753056
0.9171274
0.9131437
0.89743954
0.1260931
0.10488398
0.13007358
0.8742191
0.91870135
0.86420894
0.868977
0.1183769
0.08743266
0.12804049
0.84418756
0.09440988
0.059217755
0.051589392
0.060158703
0.10391795
0.10607654
0.11756199
0.14684752
0.11832201
0.120808154
0.12853733
0.70664394
0.6708642
0.28339943
0.22762534
0.15361741
0.14218332
0.15309195
0.855322
0.3306857
0.29734373
0.29973397
0.72361267
0.78422475
0.11042131
0.07395436
0.06664164
0.08658973
0.85258865
0.864479
0.127237
0.06930793
0.06837095
0.08776261
0.08744673
0.8638491
0.86716855
0.87667054
0.90796906
0.85688007
0.85872465
0.9031242
0.86516047
0.863097
0.9146086
0.91272134
0.10163323
0.07496209
0.04975969
0.0561524
0.07719791
0.87695056
0.888313
0.90989417
0.93314314
0.9067948
0.9214088
0.1102997
0.08501236
0.059672568
0.07375677
0.12824385
0.8861846
0.11834659
0.09287687
0.11560543
0.1068433
0.1252984
0.82318836
0.10439025
0.087671734
0.1401739
0.18743908
0.7984147
0.727913
0.2052057
0.18149152
0.19952744
0.6999484
0.81635773
0.24834538
0.32513618
0.34342274
0.3127052
0.34320137
0.58878446
0.6172289
0.67423415
0.7619942
0.3222319
0.34359536
0.30516145
0.38066572
0.5215739
0.821129

