0.8552925
0.83706045
0.8840267
0.82490927
0.884968
0.8935659
0.896908
0.8977484
0.8913882
0.7852302
0.73952407
0.8487157
0.67290777
0.5958648
0.30098084
0.2707718
0.8575861
0.23372868
0.091749914
0.07476164
0.076895796
0.10239965
0.13536945
0.8996848
0.9132
0.9137942
0.78788924
0.8896878
0.10216217
0.07132085
0.06611505
0.07391649
0.09668214
0.8821396
0.9230136
0.9257464
0.8285144
0.8368673
0.14855666
0.08726797
0.1217445
0.13458212
0.12264434
0.8575506
0.6851689
0.70544404
0.8767027
0.72195405
0.10272874
0.08334852
0.13395755
0.80596733
0.20263204
0.13420397
0.331728
0.8943822
0.9158001
0.91630524
0.9078453
0.19781913
0.09246577
0.099878155
0.84512115
0.90286714
0.8223529
0.7993325
0.7936594
0.8199615
0.10188244
0.08635356
0.13518769
0.89925414
0.9146476
0.81374794
0.11160506
0.081037186
0.105022155
0.77418256
0.113422416
0.08712185
0.10675284
0.764457
0.09281939
0.06304011
0.058916446
0.061715547
0.058411576
0.06026089
0.059380632
0.059260182
0.061689775
0.08320255
0.8916872
0.8655368
0.9183778
0.8779247
0.92412794
0.9278979
0.86972284
0.88471115
0.08613911
0.054923553
0.053253785
0.0786695
0.059593335
0.059421774
0.08901133
0.06757899
0.0786263
0.10236551
0.8826536
0.7692919
0.89775497
0.9082401
0.1404701
0.07395263
0.07230407
0.07185527
0.07129799
0.08940463
0.88637453
0.9045941
0.9157077
0.914791
0.9019812
0.77161366
0.72735083
0.74667704
0.10627511
0.07002703
0.07503609
0.089072555
0.119656116
0.2253983
0.53253996
0.618396
0.85532886
0.88011664
0.8820197
0.86805916
0.7352401
0.14963728
0.11311027
0.09046424
0.09637449
0.13100164
0.1905214
0.21236159
0.5320649
0.7074326

