0.8637035
0.86902493
0.89524233
0.8396586
0.8311578
0.83726734
0.88540775
0.80950147
0.7881312
0.7598378
0.7193927
0.8257081
0.2734415
0.24327645
0.31916663
0.24580677
0.48148215
0.22836973
0.2243988
0.68620473
0.695064
0.68725276
0.68816876
0.844663
0.17190078
0.14894299
0.1091648
0.10980785
0.7886687
0.8905105
0.78921044
0.78185296
0.9038466
0.81331843
0.09290957
0.06801613
0.094544664
0.06417318
0.062338725
0.0697288
0.123255625
0.12095975
0.8254336
0.09185471
0.06410927
0.05980912
0.069167554
0.09557526
0.85502607
0.16401987
0.12517504
0.12551829
0.8514458
0.09421881
0.061315827
0.05901585
0.058965374
0.07816271
0.877921
0.89175373
0.88669527
0.8696167
0.12990248
0.117270544
0.8641635
0.91755307
0.89112973
0.8922567
0.14679526
0.15429214
0.8636888
0.10150607
0.065546505
0.057252623
0.059069365
0.08144494
0.78564996
0.10117102
0.10296715
0.14611766
0.89101785
0.7677621
0.79937005
0.8418302
0.10229692
0.084595464
0.05072344
0.047267895
0.053058792
0.07378425
0.082707904
0.07177591
0.06651816
0.08019676
0.12488094
0.100366645
0.09328666
0.09697859
0.053919755
0.04972297
0.05524188
0.08100111
0.9077718
0.9254308
0.9271145
0.83643717
0.19580556
0.7027464
0.085812725
0.066195935
0.07433148
0.11400365
0.19909814
0.25454822
0.7540198
0.14754945
0.08714432
0.07637931
0.08318538
0.07492741
0.059974924
0.06812692
0.10014929
0.8493114
0.13907905
0.16504118
0.13275066
0.07450318
0.05983717
0.05396141
0.053866893
0.076052025
0.89573497
0.92901665
0.91787297
0.93777275
0.88828504
0.9050506
0.0798276
0.050059147
0.042481907
0.046810158
0.070199415
0.07206002
0.073980846
0.07316665
0.10349541
0.08885588
0.08684475
0.12814449
0.14636026
0.11989197
0.7971354
0.87729484
0.7146749
0.6619759
0.21610051
0.20843582
0.7967292
0.18183145
0.18486077
0.1640523
0.25119758
0.8635207
0.78579646

