0.8613843
0.8662891
0.8937106
0.8451955
0.8929036
0.8991107
0.8972397
0.87777233
0.37921047
0.2753673
0.33742708
0.24379916
0.63560873
0.18066894
0.19139785
0.11053611
0.11134005
0.113509975
0.12113084
0.2539552
0.23839077
0.13254458
0.14888471
0.7541367
0.884186
0.7730362
0.90166634
0.16043033
0.0798396
0.072925
0.052290644
0.05441973
0.06319777
0.08502132
0.8568782
0.78583044
0.788821
0.7977424
0.16626129
0.17105953
0.86663544
0.7657477
0.123372145
0.12607315
0.23991674
0.72170424
0.24661134
0.4126352
0.857476
0.7397146
0.8745459
0.8765516
0.16297418
0.14996575
0.22056378
0.83978254
0.14051194
0.102316335
0.12867585
0.30192122
0.8971332
0.9102666
0.12663935
0.07220731
0.06901491
0.10756857
0.9057141
0.8613671
0.12634824
0.06121561
0.051107727
0.048022106
0.046842102
0.04906867
0.05814005
0.081710115
0.8544697
0.26945707
0.9007146
0.916295
0.12290695
0.07219617
0.06487941
0.08576495
0.8770688
0.87528247
0.9182203
0.9221268
0.9029672
0.8977627
0.8867278
0.88867956
0.09236751
0.06876288
0.07687457
0.18839675
0.8987811
0.10266506
0.066515915
0.077223495
0.06389957
0.053043075
0.0576389
0.07745868
0.07293558
0.09383099
0.81709874
0.80911475
0.82424134
0.82114697
0.81774276
0.9024974
0.8994511
0.11247433
0.0830328
0.089585386
0.20607649
0.8872896
0.7555758
0.16781035
0.12908114
0.08829247
0.06726858
0.061538223
0.05619926
0.062072076
0.08382517
0.8426027
0.9092465
0.23529421
0.095744565
0.07807476
0.10148948
0.8822091
0.8314389
0.8304084
0.89337397
0.14010581
0.10152531
0.12373187
0.16188847
0.7192808
0.84200364
0.16271709
0.12583923
0.1325893
0.16867211
0.8042136
0.64883775
0.6285253
0.6236618
0.6174972
0.26563266
0.1743257
0.14024986
0.16613518
0.5923474
0.19094506
0.17778844
0.21532258
0.5440753
0.25068182
0.27132708
0.25967023
0.3966635
0.74091804
0.8722254
0.8021167

