0.74789935
0.73113716
0.5198891
0.3897142
0.30000556
0.45189783
0.30300784
0.5821624
0.8078264
0.23542087
0.1967505
0.20373708
0.829914
0.2536271
0.23416542
0.8595325
0.13839783
0.10117591
0.06846017
0.06553383
0.07668658
0.12953807
0.90952545
0.9193119
0.82781017
0.8576108
0.13520646
0.08590985
0.054485574
0.054416254
0.071414925
0.105923265
0.8994054
0.89026713
0.7879754
0.10090742
0.0669931
0.06411026
0.07589393
0.8612677
0.92462546
0.92548317
0.9226987
0.10635652
0.066757634
0.06742111
0.106071256
0.7912125
0.17181042
0.09119771
0.10505587
0.7829174
0.13692206
0.084961705
0.093280666
0.861748
0.9235579
0.83901453
0.10216079
0.076823875
0.10343211
0.79098153
0.08424213
0.06492392
0.06811423
0.06993139
0.10137439
0.105955966
0.09316419
0.7970345
0.9101047
0.78289914
0.8107444
0.12597823
0.056980483
0.0457219
0.044714466
0.050556358
0.0701011
0.85272217
0.80560976
0.78488576
0.82984275
0.08960576
0.061834242
0.06680084
0.07959287
0.09048104
0.15226334
0.9004348
0.8961478
0.89365244
0.14222449
0.14280264
0.1484591
0.14402594
0.72850585
0.15371047
0.11961963
0.09033584
0.06079117
0.06158938
0.055714983
0.06717114
0.10738832
0.14723814
0.87367725
0.9071977
0.9046384
0.83212054
0.89139783
0.89407414
0.85201144
0.89241344
0.8966103
0.8937142
0.82041603
0.7993026
0.86762536
0.7610939
0.71448535
0.71294093
0.7533655
0.85145795
0.25677124
0.17182025
0.10956723
0.12060785
0.20457351
0.14667661
0.17283663
0.28926453
0.37923828
0.6743352
0.8354222
0.8215305
0.6813204
0.67700475
0.7802844
0.67762244
0.61361593
0.18020669
0.1438824
0.15544997
0.75119394
0.87518585
0.8752986
0.74811023
0.7036991
0.6683895
0.6486627
0.6326801
0.61146605
0.22556876
0.17401396
0.21907106
0.75081503
0.296369
0.2872734
0.7515216
0.22017276
0.15883453
0.18231341
0.49879515
0.25169232
0.4398083
0.28916672
0.35340506
0.608725
0.86182445
0.8115274

