0.8121222
0.8634591
0.9020353
0.9062235
0.90204036
0.8193338
0.7237375
0.38314953
0.41112608
0.3919301
0.32933733
0.80432886
0.22403385
0.20448184
0.19368857
0.18873607
0.17822473
0.33308998
0.6816783
0.69211656
0.26225537
0.13517262
0.08163351
0.069519594
0.06923485
0.103451
0.12023014
0.87379587
0.7114913
0.86570036
0.2261363
0.2111832
0.83423305
0.9157604
0.9268237
0.087540835
0.05472286
0.044785127
0.04510695
0.04840824
0.057826255
0.08473241
0.85524124
0.086111665
0.0637863
0.072669506
0.08411993
0.86859846
0.87775993
0.895576
0.9010063
0.91550964
0.915839
0.884953
0.89681727
0.32928723
0.85460293
0.16314298
0.09543233
0.11201581
0.8842769
0.9086378
0.12315947
0.0901421
0.10491093
0.832801
0.13438632
0.06992866
0.06351709
0.08157207
0.8313039
0.9051761
0.3709764
0.30781713
0.8072713
0.104207605
0.09081062
0.06343374
0.07298427
0.08809275
0.11709289
0.09712466
0.094974354
0.09676567
0.09906875
0.15904139
0.16294134
0.0899496
0.08785143
0.11632855
0.11693355
0.08782489
0.08803981
0.09147691
0.1100691
0.6706118
0.35094503
0.8455467
0.26828837
0.23900159
0.85616815
0.7592231
0.8722121
0.27832738
0.16849475
0.61669266
0.6830421
0.08375615
0.061837193
0.06547609
0.07696579
0.8429155
0.90211445
0.7543973
0.70591736
0.68419814
0.6758616
0.6778799
0.6936056
0.1430226
0.15518448
0.0926606
0.11229102
0.57274103
0.16613765
0.2087951
0.65993947
0.8203921
0.6353751
0.41494656
0.56115156
0.77928275
0.42629582
0.4827057
0.19552545
0.19019717
0.28038177
0.7603924
0.2557755
0.27337784
0.8349619
0.84089714
0.35951865
0.22054759
0.20529668
0.68115765
0.09569802
0.07552084
0.0892856
0.79993415
0.79116315
0.89841366
0.779448
0.72913
0.7246061
0.12179572
0.09292593
0.11405699
0.56072134
0.20785932
0.30184048
0.3720917
0.85854405
0.8394643
0.29985183
0.32805413
0.82168984
0.72274107
0.6658299
0.62037724
0.70274454
0.8617083
0.89183265
0.89456165
0.83298534
0.7758283

