0.7760024
0.8162636
0.77087784
0.7751443
0.8820422
0.888884
0.7757927
0.770468
0.77577436
0.85527474
0.22652963
0.16424422
0.16140822
0.15905613
0.22294785
0.21678983
0.75385344
0.8751869
0.8069582
0.88931155
0.88858014
0.7702495
0.7149859
0.6774286
0.6295407
0.36420274
0.3046703
0.254243
0.2740059
0.3108444
0.8560468
0.8731785
0.7923209
0.8742221
0.81183726
0.8717991
0.7758476
0.76022166
0.7965184
0.8880322
0.8883011
0.74388075
0.69472533
0.6872636
0.2062542
0.18056741
0.79181695
0.0923319
0.07462405
0.0654233
0.0547002
0.055832215
0.056337964
0.055933196
0.05775239
0.058387116
0.058336906
0.058044337
0.063188374
0.054513097
0.052800406
0.056834687
0.073231734
0.17243606
0.90072745
0.09545629
0.060583275
0.058252424
0.08078849
0.8938885
0.91438377
0.9141332
0.89938694
0.9042562
0.08673524
0.058992133
0.060714033
0.09159479
0.8648345
0.097369276
0.057694945
0.048676956
0.049410857
0.05830755
0.08951583
0.77070695
0.70603627
0.70315886
0.7518005
0.12817542
0.12389602
0.7825321
0.096233726
0.07901071
0.101448275
0.83681965
0.08432703
0.05853453
0.057071898
0.07350629
0.88266724
0.9239566
0.90720177
0.9091768
0.93159795
0.89506793
0.0916074
0.061888
0.06455485
0.10435599
0.8731387
0.11389561
0.08652493
0.112814635
0.8440416
0.10130209
0.06660209
0.065009765
0.06249493
0.06514186
0.069994465
0.08036896
0.06976552
0.069174334
0.08079349
0.094854265
0.13805683
0.12985437
0.7347087
0.3457028
0.45641592
0.8472295
0.7104623
0.7334279
0.86267555
0.8805004
0.8710173
0.75873435
0.72073936
0.7055038
0.7428122
0.82655853
0.74666005
0.7150119
0.7190957
0.7649862
0.34258613
0.34124076
0.24437581
0.2764351
0.40970078
0.5676104
0.58141583
0.5953181
0.601213
0.6151526
0.61955506
0.63318217
0.63530105
0.6273004
0.59985137
0.30936906
0.3184963
0.22362582
0.23224011
0.21482255
0.24874711
0.5572846
0.81610954
0.7554573
0.8541248
0.8538509
0.74066323
0.75483745
0.85935247
0.8794117
0.88474876
0.8550081
0.8952758
0.8846592

