0.31307426
0.23880121
0.2465413
0.46076012
0.77218425
0.8776035
0.7442981
0.6415256
0.38716507
0.41665873
0.4162985
0.85689
0.88560134
0.8881926
0.8043506
0.7805483
0.7759715
0.78982526
0.8748389
0.7668641
0.76343155
0.8753997
0.21165302
0.16202918
0.17410953
0.08162389
0.07916498
0.06929808
0.08860193
0.10384243
0.12711334
0.05912433
0.056632333
0.08152854
0.06109237
0.09028523
0.08714058
0.21163705
0.923108
0.9301303
0.88965994
0.09003299
0.05546547
0.05561304
0.07359893
0.086274184
0.8840904
0.9257444
0.09248447
0.055874866
0.046017643
0.04850087
0.057609014
0.108324304
0.8961726
0.8877162
0.90002835
0.92590207
0.902724
0.9043654
0.92699116
0.17818211
0.07034639
0.063363396
0.05294251
0.07721609
0.09861879
0.8892557
0.9232665
0.10848113
0.08038538
0.089675695
0.0820537
0.1285522
0.8414579
0.09540192
0.06666211
0.073343545
0.10834347
0.11686376
0.92003536
0.93783295
0.9162051
0.08825448
0.06441263
0.066830084
0.05416843
0.07636763
0.073146254
0.07373415
0.07140168
0.06353485
0.06882487
0.0637929
0.06774
0.082330905
0.09108966
0.14017023
0.1500426
0.7763114
0.7209222
0.8730374
0.26008394
0.14636348
0.1682122
0.17185323
0.32380176
0.8659151
0.1799131
0.112684645
0.09495638
0.14235365
0.09171984
0.09364487
0.16679022
0.2431791
0.8238717
0.7712176
0.77847034
0.7715203
0.15464558
0.11037902
0.086097635
0.09598548
0.099860564
0.097590014
0.112325326
0.2449901
0.8819646
0.7657162
0.8915343
0.15216002
0.09129001
0.07356373
0.07256476
0.11819012
0.08340274
0.08885972
0.086680256
0.081594504
0.077050395
0.07617069
0.0812224
0.13965555
0.88799924
0.11819845
0.112277724
0.094266795
0.19848213
0.87192106
0.19613649
0.18468721
0.37906122
0.9049552
0.91360354
0.08633825
0.05681395
0.05617479
0.07702976
0.86454904
0.87341356
0.89680105
0.89918303
0.89267224
0.9060052
0.29554597
0.15847588
0.7597024
0.13381302
0.14054811
0.88089085
0.9040195
0.17247345
0.14402018
0.122353464
0.7465155
0.115522765
0.09417897
0.12510654
0.7762216
0.26082748
0.8739998
0.22358263
0.12330704
0.17709807
0.16596921
0.119503096
0.17152017
0.1424716
0.26656523
0.32928103
0.34428382
0.33136132
0.2998265
0.23614027
0.8546041
0.76704764
0.7674074
0.79920155
0.89062417
0.89441395
0.8124654
0.89318544
0.88491815
0.17654988
0.1612551
0.15812376
0.16171719
0.17225187
0.18340158
0.18825981
0.6956152
0.8613718
0.7773871
0.8748162
0.8739045
0.7542252
0.7684109
0.7839176
0.87226015
0.8844132
0.8840391
0.8196972
0.8794518
0.8864427
0.88423496
0.8215029
0.8066106
0.8119835
0.8702873
0.8091027
0.8823007
0.8949236
0.8991384
0.8938646
0.7563096
0.28442696
0.14338057
0.121951036
0.17681284
0.11303731
0.12437737
0.22211188
0.32556713
0.81870204
0.835998
0.89913505
0.9027404
0.89882374
0.8166126
0.89848286
0.8316551
0.80423266
0.16259411
0.11201891
0.080856465
0.078554876
0.093867354
0.097275876
0.11801836
0.17528775
0.74869525
0.74307805
0.78284204
0.8845321
0.8887688
0.8106247
0.79009014
0.7841597
0.7811121
0.77846384
0.78193784
0.87372714
0.805172
0.8680678
0.68005675
0.49620616
0.35252205
0.3589146
0.27753916
0.25068727
0.27296773
0.14840905
0.14843331
0.25775713
0.2558696
0.86329514
0.77815586
0.7609819
0.7864166
0.87608474
0.822713
0.81950057
0.8856362
0.89405817
0.8970187
0.89453965
0.8116665
0.8043295
0.8921596
0.8963454
0.11343184
0.07986441
0.11935157
0.13561714
0.13366316
0.9011751
0.813961
0.0825093
0.055943675
0.04958765
0.06316986
0.06552675
0.08505506
0.15925072
0.9082024
0.1182995
0.06410916
0.05390263
0.06935239
0.07255028
0.06518685
0.122145005
0.90547526
0.91806775
0.93206507
0.94128036
0.9213498
0.09652412
0.059307683
0.047529932
0.045638233
0.04900406
0.08003661
0.12747744
0.90517414
0.93439984
0.19877464
0.11959233
0.063730635
0.060656976
0.066186264
0.10304615
0.12374399
0.88655037
0.10661699
0.08134865
0.07770797
0.07727373
0.09884952
0.8646786
0.7138182
0.8702764
0.72356766
0.6749195
0.67064494
0.7241651
0.11406799
0.08530928
0.10343616
0.8098812
0.11473203
0.077695966
0.10206846
0.085825056
0.08284276
0.21382652
0.8975651
0.9110269
0.8661285
0.91766
0.9222453
0.87726647
0.91656387
0.13582164
0.06665099
0.053925518
0.062947124
0.07820326
0.1498943
0.82407063
0.81001306
0.1064743
0.0668277
0.06532088
0.09266047
0.09808637
0.082019776
0.08175406
0.097531416
0.105609514
0.17921028
0.17120315
0.24270864
0.16645563
0.14225468
0.10518313
0.097687006
0.12488358
0.1145193
0.12434299
0.18401274
0.2651209
0.5721584
0.8277197
0.6846793
0.83106524
0.67544043
0.6471138
0.18291385
0.12767711
0.19093932
0.123743266
0.10137978
0.08472325
0.07093039
0.07982837
0.091975294
0.82448494
0.8956492
0.15223294
0.18490563
0.2075181
0.2545402
0.85767823
0.15387763
0.15277219
0.8561567
0.8840498
0.14146064
0.07707428
0.049696732
0.05177194
0.06800002
0.88125366
0.9038993
0.9231641
0.91516006
0.92451304
0.08967255
0.05701192
0.048923004
0.059210096
0.08354134
0.85428494
0.81521934
0.78612244
0.78721964
0.81237626
0.23044857
0.151124
0.75680405
0.12371746
0.10107181
0.10104769
0.111545414
0.76206326
0.76443946
0.13059382
0.14335532
0.09886042
0.13574184
0.11333174
0.16822685
0.15367103
0.15396568
0.28179336
0.87209165
0.87145025
0.73051757
0.6935537
0.85023147
0.71821845
0.6654592
0.17337786
0.13358003
0.16620402
0.15860748
0.30094957
0.33172765
0.27264965
0.29863006
0.24457148
0.85813606
0.7285834
0.72021
0.7073454
0.68328536
0.71349645
0.16305466
0.16046645
0.8582002
0.109697595
0.0792446
0.07751192
0.1172025
0.86587226
0.12517305
0.06386695
0.05107231
0.049869496
0.0536856
0.06799518
0.13498911
0.9001101
0.11438205
0.10635852
0.085142225
0.059150916
0.060197502
0.12349267
0.91424865
0.92871046
0.9240071
0.9251038
0.09151326
0.05419363
0.045417596
0.048781365
0.06056042
0.093101606
0.8755017
0.121909134
0.072093435
0.07414658
0.11521801
0.85098857
0.10575869
0.06478418
0.053671584
0.051359642
0.048446443
0.04975886
0.062315583
0.08311991
0.8999484
0.8661556
0.9121252
0.0870446
0.05666504
0.046605922
0.048652664
0.068623476
0.075593024
0.08914697
0.120546974
0.8518565
0.9101538
0.9158922
0.9150202
0.8516905
0.90997773
0.83068734
0.10471387
0.10549742
0.06769799
0.05726594
0.052874997
0.05361331
0.07165472
0.90615135
0.9382653
0.91831386
0.08815466
0.061786585
0.08178431
0.1116488
0.119036496
0.07986912
0.062138516
0.061662495
0.06927068
0.11009918
0.8173363
0.22480085
0.1701155
0.18274862
0.110929996
0.11204318
0.15789053
0.7084077
0.7261783
0.86563104
0.8484702
0.69538933
0.59940773
0.22085734
0.23852983
0.3111137
0.2672095
0.25620213
0.25611895
0.49563745
0.36525512
0.30359173
0.3650305
0.6396091
0.7822494
0.7192956
0.7969252
0.7304489
0.79601777
0.7339944
0.8321574
0.8440257
0.7419269
0.16202144
0.12817813
0.103547014
0.079000376
0.09732382
0.10235265
0.85464394
0.9054514
0.8000206
0.17604266
0.20364496
0.14581569
0.2240346
0.24168618
0.19030371
0.6762247
0.8617554
0.85228413
0.4909304
0.35659826
0.2864297
0.18200086
0.16078773
0.16884926
0.8614539
0.7950954
0.7715057
0.7553608
0.7679266
0.81386334
0.89175516
0.89033246
0.7434211
0.24707851
0.32178777
0.33004895
0.28968275
0.28951338
0.38272128
0.83959293
0.8547088
0.75633657
0.7882323
0.30204666
0.28460965
0.29566795
0.538419
0.6700308
0.78804934
0.64464235
0.3183635
0.23516802
0.2261581
0.27986765
0.8348442
0.8759263
0.89278376
0.8967043
0.8603801
0.81983554

