0.8636044
0.82660854
0.7299385
0.36170232
0.358721
0.80827516
0.4541044
0.39599353
0.85289174
0.86411965
0.19156638
0.13969146
0.1985328
0.64142907
0.19745742
0.28458026
0.227939
0.74635845
0.11132335
0.09666523
0.10701775
0.8399692
0.8898308
0.7839109
0.8391764
0.910815
0.91436636
0.8297958
0.8330512
0.098284245
0.07347899
0.09766332
0.81844467
0.18514635
0.11514124
0.08751261
0.1391844
0.101690754
0.11517478
0.7362371
0.2365438
0.10230014
0.09507114
0.11667571
0.78944886
0.090708934
0.059295185
0.05404202
0.057419423
0.07298444
0.11047123
0.9106387
0.9205354
0.15588678
0.12774189
0.11595266
0.81674635
0.08147176
0.0560752
0.05265454
0.05940745
0.08201138
0.89920914
0.8841964
0.91227466
0.086422205
0.053805076
0.04702327
0.05266661
0.07399732
0.80904186
0.78890514
0.120317295
0.12737109
0.20099835
0.836231
0.91905016
0.12431228
0.11373881
0.062436238
0.055103444
0.059530746
0.05921711
0.06433478
0.07597693
0.10405589
0.15865886
0.70559365
0.8714351
0.27390656
0.1495399
0.12195773
0.14185385
0.85137933
0.6715525
0.25497496
0.46522087
0.893772
0.9125336
0.09764017
0.0567514
0.04788609
0.054081596
0.077485815
0.7148948
0.67820424
0.76506746
0.114055544
0.08802465
0.05691925
0.059970584
0.08603538
0.86403817
0.91350603
0.25594014
0.16981082
0.8104866
0.08880219
0.064172074
0.07122919
0.131263
0.89077723
0.8972778
0.1339754
0.12061848
0.8483197
0.8482379
0.86533755
0.90494025
0.1673979
0.1692957
0.8590924
0.10919952
0.065149784
0.06517074
0.089118935
0.7873835
0.15412219
0.20649225
0.8749315
0.117698796
0.0762713
0.07980093
0.11340175
0.2247269
0.9031123
0.9024739
0.8982718
0.13907371
0.1201716
0.09615686
0.106440164
0.16168825
0.65966266
0.7881796
0.33041805
0.32427546
0.5767654
0.57230365
0.18715909
0.16504407
0.17895944
0.31102058
0.82575166
0.8219984
0.6710204
0.6256155
0.6044865
0.6270498
0.7160824
0.839745
0.8169042
0.5354431
0.5989569
0.7345978
0.39984286
0.3855008
0.7275071
0.8742765
0.89300066
0.8202195

