0.79266894
0.8900067
0.90276736
0.9023363
0.854534
0.88938105
0.78415126
0.861476
0.33898634
0.26879674
0.13570483
0.123018675
0.19254485
0.7145094
0.6894057
0.70964026
0.7158223
0.23464864
0.11043728
0.095531255
0.11528755
0.09242617
0.07924821
0.07509852
0.078646876
0.09560684
0.111219965
0.8017938
0.7752411
0.77875364
0.7692326
0.893824
0.7568653
0.11414679
0.08028216
0.08547501
0.102142856
0.1371405
0.8484422
0.69934404
0.87010026
0.8693283
0.7057978
0.59319943
0.19547291
0.17339979
0.20339422
0.87584823
0.89593124
0.16176899
0.08686723
0.067375556
0.06910356
0.0778368
0.10913812
0.8062541
0.80308187
0.9176375
0.9169764
0.79020256
0.17986752
0.08798439
0.07708382
0.09205231
0.12327306
0.24274106
0.8516924
0.18027548
0.16731137
0.21296793
0.60700345
0.624909
0.6463463
0.69269454
0.8538402
0.31156644
0.16841938
0.17468789
0.5193651
0.21216756
0.18490107
0.24781813
0.8845476
0.2324395
0.10337336
0.074269325
0.06401678
0.07281572
0.116714165
0.87324816
0.1466022
0.14311981
0.74232376
0.20890243
0.7737484
0.088270865
0.056088295
0.049878668
0.055610415
0.07356867
0.86521184
0.8730526
0.87316155
0.9165684
0.8668569
0.85078126
0.9125945
0.8647192
0.09972391
0.076471366
0.10374508
0.85143566
0.0882532
0.059063617
0.056417044
0.071333066
0.8725064
0.89709383
0.9143751
0.91325045
0.8947271
0.8939286
0.07964451
0.05348247
0.052900966
0.06948398
0.88236547
0.92759836
0.9276985
0.12556565
0.08533985
0.10451853
0.81401026
0.092508815
0.06264513
0.061647855
0.07337237
0.10855382
0.8604036
0.2853611
0.8453258
0.1689209
0.16239189
0.70350385
0.86179984
0.16991073
0.11337732
0.15202083
0.11820444
0.7764279
0.73478717
0.77402246
0.88478166
0.87120634
0.19750886
0.17447476
0.1532135
0.26351625
0.6322771
0.8394988
0.8328951
0.725026
0.81162006
0.7057104
0.16242342
0.13069415
0.117263064
0.10765024
0.13069437
0.22907886
0.56272197
0.24028479
0.24344149
0.41347966
0.77172077
0.69572294
0.81311303
0.7598417
0.8167171
0.7200988
0.7587826
0.3024737
0.26227573
0.35368901
0.8521032
0.88638765
0.8108553

