0.30882257
0.23844048
0.23690341
0.28628212
0.36360696
0.7342339
0.884596
0.879425
0.70341825
0.6489508
0.19841138
0.15451708
0.18749085
0.14161351
0.1339561
0.20426834
0.23634537
0.6121103
0.24971321
0.22788061
0.25302213
0.12075868
0.11416341
0.15216567
0.6941356
0.66047865
0.20081504
0.1535879
0.27005282
0.7405118
0.7203802
0.7321274
0.81485265
0.083496474
0.0517952
0.04549162
0.05116811
0.07841938
0.07496372
0.059026424
0.0705609
0.8395137
0.7876601
0.83795905
0.9181224
0.8505178
0.83539045
0.85359323
0.87623394
0.082307205
0.057552345
0.052403357
0.05374325
0.054250523
0.05262074
0.06219534
0.09374045
0.79605454
0.73182297
0.72447836
0.16840263
0.13951056
0.2332897
0.763909
0.7616142
0.10089462
0.08088225
0.09018075
0.13582057
0.21225029
0.24354748
0.60584307
0.6745121
0.8778429
0.8859109
0.7246605
0.11836932
0.09252546
0.095666304
0.12888901
0.8486082
0.17400122
0.16745417
0.83841896
0.12037596
0.098442316
0.16538528
0.824394
0.7531983
0.7647741
0.7876011
0.08565408
0.05853933
0.057120953
0.06768541
0.066894785
0.09389931
0.8503544
0.10888988
0.08689004
0.1131088
0.8523779
0.09074639
0.06566539
0.071748964
0.12680368
0.9154331
0.93960905
0.93512
0.10493411
0.062726244
0.060257576
0.087532036
0.8334244
0.09808299
0.08296225
0.12616488
0.8719721
0.837386
0.9211489
0.103795856
0.064909995
0.06848451
0.084966615
0.065978415
0.08455629
0.7925458
0.73304415
0.7078882
0.71964747
0.20067075
0.14586414
0.16959612
0.8445537
0.7352618
0.8373127
0.23502754
0.18859294
0.6330688
0.13704275
0.11074791
0.11972579
0.18407303
0.6566903
0.75378174
0.5314327
0.40505216
0.21872672
0.17452386
0.29073524
0.16789265
0.15631269
0.17594156
0.28795016
0.16807711
0.16964337
0.20178333
0.5400306
0.84800416
0.8722349
0.85784334
0.7227625
0.7440127
0.82928723
0.72855157
0.6659318
0.67544305
0.7810065
0.7053964
0.77066743
0.34606865
0.5435072
0.8303928
0.12875462
0.09257936
0.094962835
0.18560295
0.2888692
0.79410166
0.7399631
0.7255923
0.7234961
0.16744244
0.11620933
0.08556927
0.08506907
0.12460692
0.6286759
0.26966998
0.30478716

