0.86076474
0.83130515
0.8416823
0.8930353
0.87373424
0.39596805
0.47548863
0.2519261
0.22997557
0.6705036
0.8493322
0.7004407
0.7100725
0.7242242
0.8711792
0.8659366
0.24048284
0.21099402
0.5215062
0.2949403
0.57770747
0.51799595
0.40607882
0.25819814
0.32088834
0.2021831
0.1782393
0.22919789
0.2464076
0.8683478
0.8868238
0.8904743
0.80444217
0.7783363
0.76695
0.7601913
0.8768574
0.8935053
0.89266956
0.7947596
0.72038764
0.6818416
0.6089573
0.23736733
0.21648736
0.64297473
0.68588847
0.1541516
0.13904387
0.08623397
0.09183084
0.11809355
0.75853366
0.7124777
0.77028507
0.112645924
0.087983474
0.11324031
0.22157021
0.1899739
0.6557755
0.6039063
0.28279832
0.3572299
0.8008334
0.44760907
0.31045395
0.2811667
0.2615051
0.22422777
0.28944325
0.8143584
0.22347222
0.25927114
0.15273252
0.15587462
0.26723906
0.7075029
0.14172061
0.14110823
0.12829377
0.11709117
0.1009517
0.07787757
0.08048274
0.100323446
0.17670147
0.90791434
0.10809125
0.06401519
0.054721188
0.05135653
0.05075568
0.049872898
0.04859635
0.048194416
0.048554454
0.054496657
0.06654277
0.0930723
0.20891126
0.92267257
0.9342868
0.9070131
0.09629105
0.061854877
0.05703149
0.07879336
0.8602887
0.8634968
0.8959385
0.92748576
0.926781
0.8946758
0.15887485
0.08310081
0.10856324
0.1350255
0.853154
0.8111437
0.8269607
0.8480978
0.16238181
0.10044083
0.14814667
0.86690664
0.90809005
0.08822383
0.05760591
0.05637298
0.078303635
0.8911112
0.9287469
0.8963319
0.9280952
0.20992838
0.0865652
0.06458084
0.081777684
0.8418644
0.8953088
0.09823977
0.061556928
0.061570518
0.06760673
0.064385734
0.071353845
0.0983782
0.062599674
0.059835806
0.068855226
0.092580326
0.7671053
0.12220878
0.12240198
0.19097169
0.89083487
0.13918848
0.09135318
0.07752676
0.070992835
0.083570264
0.13608947
0.70034087
0.650247
0.6419289
0.6238564
0.38779357
0.37457785
0.37454635
0.32634312
0.17233236
0.18090603
0.12829666
0.13837528
0.22155215
0.30026117
0.59766614
0.59757435
0.33999854
0.1970513
0.2071788
0.30174565
0.23755294
0.3029782
0.5565615
0.2538806
0.30908194
0.21311218
0.23872519
0.2430013
0.22505096
0.28289887
0.33835417
0.55812854
0.602198
0.6400628
0.6607657

