0.7813519
0.8858055
0.7790544
0.3938331
0.38539585
0.3416567
0.21312235
0.20173086
0.2126057
0.7154636
0.8504206
0.6571984
0.6093637
0.55267113
0.21906248
0.18494558
0.28427836
0.23951305
0.64318657
0.68576455
0.7441628
0.79836845
0.8896334
0.8944674
0.8241274
0.862111
0.47608918
0.8203142
0.28035045
0.1982806
0.21571799
0.8673575
0.8714268
0.70409375
0.13176627
0.095097035
0.117229685
0.22707662
0.783855
0.09781689
0.06564895
0.05726607
0.059346
0.06940598
0.14979506
0.8653112
0.83967274
0.9193774
0.9168145
0.1568536
0.09753272
0.11467597
0.12932381
0.84972924
0.14457071
0.1365399
0.7024778
0.1506417
0.10847628
0.12888952
0.20575136
0.8705106
0.7074988
0.22451876
0.68676996
0.10759236
0.083573505
0.0635161
0.061441332
0.08034638
0.1695888
0.917696
0.92601115
0.8298593
0.09270378
0.06347434
0.06958824
0.10002652
0.14747141
0.1521966
0.68964595
0.22752826
0.87214166
0.8833309
0.12485164
0.0977432
0.13363315
0.20333499
0.7891699
0.09801436
0.08441831
0.075968035
0.06816822
0.10110962
0.09226858
0.06035793
0.06397617
0.08092238
0.7773735
0.113262534
0.11494832
0.8502858
0.91359407
0.15637417
0.12887052
0.12154862
0.8412995
0.079319276
0.05232208
0.046771638
0.05164062
0.07267809
0.90802455
0.94164026
0.9453188
0.93627894
0.0939192
0.05489047
0.047322918
0.055934902
0.08989368
0.8564485
0.1804111
0.1681102
0.28212646
0.8867223
0.82259667
0.88382167
0.1419959
0.12439654
0.6862827
0.22312847
0.8613698
0.8261997
0.9069845
0.9099085
0.8412396
0.21191798
0.11579691
0.18409757
0.8558364
0.1127021
0.08870597
0.056998886
0.064651266
0.05810925
0.064237505
0.08675718
0.9159499
0.9205171
0.9431305
0.92121917
0.08485982
0.05564512
0.055391394
0.054714255
0.06372446
0.08077118
0.12020779
0.8589385
0.82529503
0.13911338
0.10553598
0.12887439
0.8397663
0.89580613
0.9033483
0.8966602
0.81252056
0.88080835
0.81352395
0.8023074
0.8150733
0.8821761
0.7928228
0.7504952
0.14164582
0.103859566
0.11794799
0.13561021
0.14635046
0.2672803
0.30858982
0.27005595
0.7574653
0.24223879
0.16641007
0.16583206
0.2148408
0.63752055
0.7653725
0.6609555
0.19277395
0.14135732
0.16496919
0.2203575
0.24335021
0.26239154
0.72462124
0.85185766

