0.53376657
0.43985575
0.62418526
0.8595157
0.732514
0.21152219
0.15447733
0.19243799
0.13839483
0.11878296
0.16866662
0.12979093
0.1317613
0.16983305
0.15519594
0.1876406
0.85051906
0.18492414
0.1859269
0.13314506
0.23208317
0.111795455
0.09942858
0.17297372
0.112335764
0.13202134
0.241182
0.34829536
0.89361984
0.89328766
0.7329268
0.7279569
0.7525757
0.1617474
0.12202685
0.10379664
0.08053369
0.11502858
0.11189454
0.13759358
0.7211391
0.66720134
0.6631283
0.6902009
0.7084413
0.86425257
0.7894599
0.77698547
0.879683
0.87300146
0.17866357
0.13239817
0.1713017
0.15659684
0.821162
0.89358914
0.7580979
0.7136574
0.69111824
0.17389268
0.20597719
0.1407898
0.17376707
0.8463387
0.68611115
0.6739301
0.71582144
0.8500064
0.2932807
0.15462677
0.15392481
0.80765015
0.91052496
0.9252094
0.11523776
0.061230827
0.047955208
0.052269984
0.063059606
0.08595371
0.15592183
0.9045825
0.11666479
0.06497991
0.054535817
0.06353415
0.09504194
0.11466011
0.90159196
0.8674533
0.8779087
0.10552342
0.0937799
0.12090976
0.8714413
0.8754213
0.90845144
0.87745214
0.8731119
0.88458556
0.9126277
0.9123917
0.89818794
0.15477309
0.18868099
0.15706897
0.889676
0.91283834
0.098534375
0.073894836
0.07668132
0.057904936
0.0779158
0.08134491
0.8506363
0.91127056
0.8373376
0.84908205
0.82115215
0.8282352
0.18528602
0.09816177
0.11924646
0.119597524
0.0929105
0.121546365
0.20393278
0.86242074
0.1432287
0.1205327
0.17606004
0.7347953
0.85728604
0.7228683
0.68350244
0.6673467
0.68278515
0.7981851
0.68549305
0.22834557
0.1416462
0.11596825
0.103185214
0.12593493
0.22465643
0.35593593
0.31226784
0.31462613
0.340795
0.2833608
0.34527898
0.64630896
0.8120021
0.81207675
0.6528238
0.2515031
0.21869284
0.25212932
0.56318814
0.5579388
0.36013594
0.312401
0.43496495
0.78738767
0.6696863
0.63996416
0.68512744
0.73142654
0.7803798
0.8574306
0.79746336
0.7810539
0.8470261
0.7654369
0.7390826
0.7490973
0.85783094
0.87776446
0.8838392
0.88538516
0.88012093
0.8218946
0.871516
0.858508
0.75244194
0.79626876
0.2602902
0.31790453
0.275862
0.80703056
0.19448778
0.124539524
0.16693556
0.7465212
0.7530856
0.7976925
0.86802655
0.4645976
0.28200033
0.3804272
0.6205302
0.6901396
0.8088292
0.2627551
0.28138962
0.33155748

