0.7333372
0.74531484
0.7500123
0.7214242
0.7716959
0.8850285
0.72399956
0.7331551
0.10137795
0.07189735
0.060596295
0.05545346
0.0685334
0.06295527
0.071285106
0.11822754
0.09482412
0.22379383
0.9182464
0.83443356
0.095322154
0.059614934
0.06419582
0.05174058
0.061585553
0.050628506
0.050304994
0.06292112
0.09303223
0.9093758
0.9286076
0.93569386
0.8870143
0.8496377
0.8807715
0.07264904
0.04587954
0.03918179
0.03933452
0.045754537
0.0627548
0.8854169
0.91331047
0.92995214
0.94168204
0.9394365
0.9167205
0.076084405
0.04742486
0.040331833
0.046106566
0.05283254
0.08357595
0.91693306
0.93377805
0.88177973
0.09016455
0.055501945
0.04941438
0.06768925
0.06722891
0.07138293
0.07826292
0.08775838
0.18811981
0.91350335
0.9189536
0.80199504
0.12380342
0.08128754
0.083244875
0.07734644
0.10824021
0.15154351
0.09839524
0.09567428
0.13034073
0.14391537
0.62695783
0.2876421
0.18653084
0.21476658
0.2776899
0.24866968
0.13396071
0.122317314
0.1487492
0.8633978
0.6539353
0.2165301
0.12749295
0.13256165
0.25864023
0.88334906
0.88881093
0.11753349
0.09715588
0.098215565
0.82267386
0.91723377
0.93135124
0.11157103
0.06537025
0.04724834
0.044248894
0.04572086
0.045564935
0.04688593
0.051824514
0.062922284
0.109803945
0.8931213
0.8500321
0.3170424
0.79018027
0.23309734
0.8359436
0.86033875
0.90596145
0.911603
0.9118254
0.87402093
0.847097
0.22636873
0.8014458
0.34905377
0.8980233
0.88140404
0.15139048
0.09449229
0.10002953
0.06684401
0.053604502
0.06775753
0.0542876
0.057529733
0.0780852
0.08338117
0.8374108
0.91145265
0.9080119
0.1907412
0.24696743
0.16115266
0.6819001
0.1106575
0.0898749
0.112487204
0.7576872
0.12431149
0.11274299
0.83781016
0.9054375
0.9020699
0.77993864
0.14715481
0.133549
0.71291596
0.22543456
0.12791489
0.15392262
0.16171537
0.16226186
0.13463184
0.20856118
0.6292496
0.6345443
0.14492315
0.12522809
0.1514769
0.28716353
0.7726131
0.38592273
0.35536665
0.2536564
0.31067342
0.62547684
0.77977043
0.67160803
0.13508211
0.10116599
0.13382727
0.16148683
0.86118823
0.7269746
0.19466034
0.081462115
0.07342905
0.08193974
0.8545133
0.91866153
0.9203709
0.9134925
0.12186973
0.076100916
0.08487089
0.13072693
0.60553235
0.59333533
0.5778107
0.27559397
0.28532037
0.21204747
0.24585964
0.8537469
0.8857411
0.8961557
0.85606873
0.8785366

