0.87443465
0.15421121
0.08555046
0.06802167
0.082867764
0.07938746
0.13196184
0.90052074
0.7925971
0.9136328
0.098114744
0.060104832
0.05780802
0.06595448
0.049120832
0.05669616
0.07218118
0.8666487
0.91190434
0.7934627
0.8166336
0.851626
0.92251825
0.8647036
0.08300863
0.065610126
0.049479466
0.05610077
0.07033318
0.061356343
0.07378181
0.80541366
0.91102666
0.91438437
0.7895617
0.81363994
0.10084999
0.06038215
0.04745671
0.05277864
0.07283093
0.88872665
0.93097055
0.932153
0.096000366
0.05278804
0.043805193
0.047944322
0.06369849
0.88590574
0.9099022
0.94140196
0.9343833
0.09241577
0.056185924
0.050368138
0.06451046
0.10875868
0.8830814
0.092930995
0.062228985
0.06529794
0.098322675
0.10403771
0.8009234
0.9117954
0.9247868
0.09296335
0.05667473
0.047223784
0.052532945
0.075349964
0.764629
0.7333889
0.7909801
0.13022768
0.1404518
0.1573414
0.78775185
0.12850927
0.15662788
0.19898792
0.861478
0.9069757
0.9089574
0.8306174
0.84190685
0.90811384
0.90760565
0.18386884
0.11821509
0.1096817
0.7550344
0.123879395
0.10795556
0.1053528
0.72650015
0.7070355
0.8022724
0.9075825
0.9062786
0.90420705
0.10936844
0.08377998
0.0712997
0.065257475
0.09040879
0.83912426
0.8342345
0.8503169
0.9025238
0.858098
0.90659004
0.9054514
0.8911743
0.1464501
0.116617106
0.18697512
0.22486055
0.21373676
0.87444997
0.88785285
0.11426125
0.08405684
0.07381134
0.07144386
0.088136256
0.10516251
0.18037604
0.16969061
0.23693748
0.25157094
0.8427835
0.64564294
0.5850272
0.6843664
0.8600539
0.8657557
0.7295642
0.6559336
0.38553968
0.29135075
0.31984884
0.18428673
0.110411726
0.10276665
0.1293883
0.22405109
0.16661467
0.20947918
0.22899553
0.82851696
0.64926517
0.14673333
0.12191072
0.15062341
0.2035949
0.16660763
0.73855793
0.7611658
0.7887079
0.87152874
0.74755144
0.64950454
0.42135876
0.35816506
0.8493126
0.86639875
0.29100063
0.13828869
0.13190888
0.7925776
0.88412565
0.7358343
0.675066
0.1500791
0.13253556
0.22414616
0.8608919
0.8440568
0.2741833
0.37955785
0.839907
0.6792635
0.15784352
0.14073814
0.11736452
0.12044179
0.1600528
0.8546836
0.71765375
0.14196707
0.1674539
0.07606893
0.06544017
0.06398513
0.08429242
0.74439996
0.7218058
0.8887218
0.10674974
0.07639382
0.08253064
0.14458323
0.89113355
0.90337497
0.82800615
0.7919509
0.79266423
0.79416746
0.8967882
0.8282216
0.09429915
0.058846634
0.0532675
0.06276892
0.069601625
0.07218318
0.07197285
0.08719644
0.11136632
0.12412689
0.67565316
0.85845417
0.6779846
0.6963006
0.8692348
0.8754237
0.7609838
0.7426899
0.73087364

