0.29174063
0.23401986
0.2405915
0.35119796
0.24491711
0.53084075
0.23756026
0.22731218
0.28647295
0.5914244
0.8213219
0.672303
0.7301737
0.87517524
0.8767364
0.70022243
0.16993794
0.11498054
0.121064134
0.16192144
0.22363524
0.15577191
0.18123955
0.8765284
0.8900539
0.13044578
0.102098614
0.14590651
0.8081389
0.13091971
0.09638023
0.16128872
0.15164173
0.83776456
0.089838736
0.061550878
0.05592648
0.062208638
0.08275605
0.80341995
0.116428524
0.11490706
0.8516672
0.90523237
0.2856254
0.5043683
0.8935479
0.08858147
0.05121335
0.041916896
0.04267416
0.048931263
0.07070557
0.9117949
0.9439431
0.94737417
0.93921584
0.09110131
0.052949123
0.0430454
0.043564245
0.05115793
0.075046994
0.8165063
0.20061105
0.35652167
0.89098483
0.8264081
0.8868419
0.13641424
0.12035842
0.67850137
0.20931782
0.8537321
0.74596906
0.74962896
0.89232737
0.745311
0.80610794
0.09335179
0.05833188
0.045567524
0.04662078
0.046853706
0.045968506
0.046167403
0.0498067
0.06840637
0.9091263
0.94212294
0.9143804
0.9357818
0.088397436
0.051754408
0.042278625
0.04417146
0.059705164
0.0728627
0.07035248
0.10596894
0.14664339
0.8875612
0.7946963
0.9075889
0.90671885
0.896062
0.11920383
0.08981064
0.15736127
0.8741076
0.92186415
0.8546128
0.9236361
0.13030678
0.06322928
0.04705728
0.046745416
0.051811676
0.07301926
0.09689988
0.74922836
0.10757237
0.10817078
0.1105536
0.17897114
0.7489137
0.10129486
0.08031996
0.075666
0.07306128
0.08270675
0.11106791
0.100657634
0.09378048
0.1080753
0.122859016
0.08007776
0.07479122
0.08936193
0.1394735
0.13241896
0.16113451
0.87766594
0.12016212
0.09513658
0.1421894
0.9037304
0.8233325
0.09959415
0.062488962
0.047887694
0.044360626
0.044062033
0.04400044
0.048840452
0.063644655
0.8774275
0.900448
0.9321395
0.934937
0.9329909
0.85741895
0.88373387
0.07798684
0.054217804
0.058230784
0.08221938
0.054553326
0.059708353
0.103382364
0.11291443
0.07346848
0.07100331
0.081364356
0.7974979
0.89251816
0.74088717
0.1821017
0.21366727
0.13524592
0.095461905
0.1082747
0.14531192
0.68797183
0.82300264
0.18481515
0.14605175
0.21308245
0.58900005
0.17382468
0.17795765
0.15053937
0.20609802
0.24020864
0.77724236
0.65993124
0.7491055
0.6203426
0.6209972
0.75151896
0.22439298
0.15637062
0.18313882
0.6394841
0.6765224
0.8088491
0.65543157
0.19227676
0.20064165
0.39796013
0.68719107
0.8554755
0.13394728
0.10670096
0.082008034
0.085773565
0.120260365
0.8529398
0.12617515
0.11787609
0.12998262
0.8803585
0.822771
0.91366804
0.83914167
0.91053087
0.10777259
0.06904266
0.057798285
0.055173207
0.06551373
0.09206939
0.18501428
0.21866113

