0.7988173
0.87012196
0.29487404
0.24856272
0.35814297
0.37775448
0.57722855
0.17250785
0.16123605
0.6034945
0.24467625
0.7069613
0.75995916
0.8775545
0.7001788
0.20745331
0.6627083
0.2052278
0.20175566
0.6962051
0.15101689
0.11614931
0.08894641
0.10488923
0.75502837
0.89875454
0.90647125
0.81397843
0.12402864
0.13412952
0.068598986
0.06933965
0.056628373
0.052103773
0.050784964
0.05823572
0.079351
0.12649034
0.13195647
0.10124423
0.06965614
0.083011456
0.81383365
0.08420307
0.0688996
0.07954261
0.8877657
0.89597386
0.94151556
0.89371514
0.07851871
0.049267802
0.041833106
0.042082634
0.045777295
0.059602536
0.07368699
0.083281
0.08622167
0.1095098
0.89593375
0.89382106
0.15278955
0.14613777
0.13608657
0.63123757
0.21039423
0.14430279
0.16385444
0.16507705
0.6619069
0.62131065
0.8733395
0.89219105
0.88742864
0.7499092
0.65185887
0.18746851
0.15524496
0.17036305
0.30653104
0.5622577
0.1940498
0.17112084
0.2356724
0.3306051
0.88117564
0.8856736
0.6887204
0.15302579
0.14535885
0.1127477
0.1231937
0.76249915
0.9047962
0.9096953
0.7918022
0.1332938
0.07406283
0.061851133
0.09231754
0.06927023
0.08779789
0.117488876
0.85697705
0.7963251
0.9126672
0.12732539
0.11521923
0.062798716
0.070337735
0.07120705
0.08706012
0.19152091
0.7807361
0.8849591
0.69234073
0.15894006
0.18642318
0.22989702
0.1620592
0.26142633
0.1641259
0.19636066
0.24752301
0.16282167
0.12225872
0.13290317
0.6763941
0.8582379
0.6527594
0.22196817
0.124581404
0.12447393
0.7333668
0.8796546
0.8896485
0.12089758
0.09910029
0.09901631
0.82158774
0.9167434
0.9299628
0.11523096
0.07220774
0.056245524
0.049764507
0.0566188
0.05012363
0.05029695
0.054897327
0.06655545
0.11753719
0.8800239
0.10199599
0.07428094
0.083231464
0.85746646
0.87708837
0.8932128
0.91962945
0.9224561
0.92348754
0.87717086
0.8730318
0.09502354
0.07868449
0.11382697
0.8976422
0.8876166
0.14706673
0.09399755
0.099877924
0.0657222
0.051103104
0.056369282
0.06048564
0.08605469
0.0961411
0.08961191
0.8332154
0.9079512
0.899898
0.18997313
0.25293753
0.22886574
0.66762924
0.2202273
0.116356395
0.12822269
0.7271591
0.123381026
0.11007873
0.8310915
0.9037774
0.90664494
0.8954241
0.18986964
0.1577222
0.7243497
0.23462425
0.12319017
0.13240689
0.09951184
0.111136705
0.18918897
0.620746
0.64261425
0.74834836
0.25445637
0.25234336
0.4774771
0.71589303
0.44486964
0.38545883
0.2982269
0.35332835
0.6081038
0.74144685
0.17452909
0.14711103
0.16429403
0.6630626
0.69296086
0.81433994
0.6938284
0.6557058
0.6403604
0.18156439
0.13331594
0.17228568
0.3327215
0.3514592
0.19149302
0.18027899
0.5322453
0.21945642
0.17763509
0.18803361
0.28097752
0.8362708
0.7547797

