0.31230494
0.23758797
0.24467115
0.4574961
0.777853
0.8803893
0.7491053
0.6435326
0.38655287
0.41522554
0.4149974
0.85801226
0.88713664
0.8899713
0.8076048
0.7835611
0.7790823
0.7930756
0.8766388
0.7683152
0.7646517
0.8764
0.21106182
0.16133772
0.1734119
0.08135795
0.07891569
0.06908284
0.08830388
0.103497006
0.12667231
0.059016135
0.056512643
0.08117761
0.06094467
0.08997886
0.08678031
0.21033789
0.9233887
0.9312068
0.8902272
0.08995339
0.055441614
0.055546846
0.073456414
0.08622161
0.8847432
0.9258757
0.092431396
0.055831883
0.045977086
0.04844523
0.057498302
0.10787123
0.8963919
0.8899118
0.901735
0.92633885
0.90446
0.9063348
0.92743695
0.17797014
0.07034469
0.06337281
0.052910343
0.07712874
0.09858664
0.89004666
0.92344767
0.10858269
0.080465645
0.08982684
0.08212766
0.12874343
0.8424965
0.09560887
0.06670075
0.07339045
0.10837533
0.1168233
0.9201861
0.93833625
0.9167567
0.08837914
0.064521946
0.067081004
0.054212153
0.076426156
0.07315905
0.07369301
0.0712296
0.06328133
0.068395406
0.06341076
0.06728739
0.081642345
0.0902198
0.13770466
0.1478775
0.7762096
0.72136223
0.87524045
0.2571237
0.14389795
0.16478805
0.16873865
0.31863487
0.86913866
0.17510253
0.10755212
0.090402275
0.13366215
0.08704498
0.08873736
0.15408646
0.22276638
0.83243316
0.77877563
0.7862107
0.77951235
0.15151057
0.10842434
0.08557187
0.09760785
0.10290602
0.101022914
0.11673654
0.23010355
0.85865134
0.27162474
0.29110602
0.24316432
0.6226152
0.63948715
0.11976223
0.12698059
0.08965975
0.10411844
0.13139102
0.82581663
0.7724805
0.76311666
0.12475417
0.1154164
0.14729893
0.13374372
0.8676925
0.8256534
0.89752483
0.90089226
0.8535011
0.8601442
0.90425295
0.9120553
0.9132173
0.8258533
0.80160993
0.099709444
0.07723377
0.0698356
0.08613254
0.8076058
0.7872158
0.776914
0.27978748
0.19352612
0.109140724
0.119863726
0.1257972
0.6899383
0.8501913
0.38540038
0.2995786
0.36124668
0.6192673
0.61846936
0.1648757
0.11039644
0.114631504
0.120463684
0.12351249
0.24011657
0.8798023
0.80707824
0.89989156
0.8971042
0.7884037
0.86115533
0.19311197
0.23986235
0.24516913
0.23711169
0.22768253
0.21064611
0.16501677
0.8626623
0.804916
0.80769104
0.83052975
0.9004371
0.9054088
0.8443402
0.9099573
0.90904725
0.11550674
0.08879267
0.08210634
0.08342768
0.090400666
0.099778466
0.1065907
0.77734065
0.8881032
0.79912823
0.8952539
0.88921225
0.69318414
0.28138337
0.24331181
0.3436466
0.5040482
0.81556046
0.42626417
0.5745391
0.8612151
0.88029
0.81437135
0.798611
0.80810755
0.8706131
0.80789125
0.8828509
0.89571506
0.8998344
0.8943633
0.7536212
0.29459852
0.15019861
0.12881055
0.18723024
0.12005531
0.13153969
0.23150146
0.33705413
0.8173688
0.8380391
0.89938825
0.90314925
0.89934945
0.8165823
0.89836377
0.83079773
0.7976422
0.16980246
0.11795206
0.08512523
0.08236294
0.09834599
0.10116092
0.12279199
0.18145233
0.7407156
0.73960733
0.7810455
0.88705975
0.89119387
0.80193764
0.7631587
0.70952094
0.43441764
0.35859573
0.35631758
0.8452984
0.79997444
0.88845843
0.89860046
0.8962094
0.8045687
0.6523924
0.4829019
0.51992756
0.808975
0.28477383
0.24946387
0.3473719
0.34704867
0.843315
0.6748838
0.2416296
0.2307297
0.3472037
0.37870783
0.7019312
0.8470671
0.5236449
0.39294973
0.33365053
0.20450515
0.21253288
0.8635927
0.872973
0.15515666
0.121126525
0.22096354
0.2335651
0.18853872
0.891746
0.7912747
0.08958605
0.063878044
0.055604875
0.08250286
0.07721068
0.094288096
0.15842237
0.9052292
0.114574336
0.06458161
0.054668356
0.070691645
0.07318348
0.06621455
0.12306931
0.9020904
0.9106205
0.9269632
0.9396654
0.91439545
0.093877696
0.059076443
0.049207915
0.04948262
0.05484087
0.100356735
0.15660203
0.8860028
0.9256536
0.20275375
0.12780634
0.07465378
0.07927358
0.08858802
0.1575603
0.14580695
0.8614185
0.15324107
0.16371365
0.16259888
0.14534904
0.1652591
0.8344655
0.24303629
0.31864122
0.21568848
0.15349823
0.14484744
0.69839567
0.14355507
0.11950283
0.12610963
0.7537129
0.16819182
0.11708591
0.18497026
0.14149041
0.123770565
0.2758554
0.88846093
0.89972967
0.8315373
0.9078571
0.91337645
0.8425479
0.9049229
0.12726502
0.06983558
0.06220046
0.07904459
0.09645395
0.19198635
0.7499168
0.77785164
0.11531755
0.08119499
0.081643306
0.11526061
0.11024333
0.08021295
0.0744892
0.07643982
0.11242656
0.88599324
0.8101083
0.9008871
0.7947501
0.746851
0.6978783
0.67336774
0.14836401
0.09845953
0.09440298
0.12969305
0.18560769
0.17376502
0.84942096
0.705488
0.85668796
0.69904494
0.6886161
0.15449081
0.10397864
0.15000618
0.1023668
0.08518044
0.07175624
0.0615243
0.06998164
0.08600462
0.842382
0.9019496
0.14378975
0.16838494
0.19235213
0.24695365
0.8601973
0.15231046
0.15109052
0.86496556
0.8925087
0.14567325
0.07799593
0.049589854
0.051491402
0.067567654
0.8828526
0.907578
0.9259397
0.9188648
0.9254157
0.0900559
0.056882177
0.048206504
0.057334546
0.08036962
0.86253464
0.83901006
0.8212141
0.81166893
0.8346785
0.23331349
0.15174943
0.77374285
0.11765908
0.09361972
0.093274266
0.105370544
0.7754948
0.78407115
0.119487815
0.12641166
0.086089425
0.11682159
0.097914316
0.1342557
0.1263297
0.13191666
0.25030518
0.8794001
0.8683735
0.2415762
0.20316853
0.306561
0.6999373
0.66980624
0.61401385
0.55935425
0.2594467
0.21314856
0.3661329
0.8553661
0.75639963
0.8509306
0.20428468
0.24892764
0.17869993
0.71719134
0.7727478
0.09906024
0.073953964
0.055458467
0.052248206
0.06702948
0.05968084
0.080286026
0.8571367
0.8372208
0.8566214
0.9173551
0.7809741
0.7947125
0.08607768
0.060439378
0.06775912
0.12760904
0.8855229
0.109775946
0.10089487
0.08419715
0.0595885
0.060281675
0.12333415
0.9131543
0.927119
0.9227066
0.92272514
0.093748026
0.05476443
0.045841806
0.04955907
0.061059106
0.08961315
0.86596453
0.13178594
0.071495675
0.07132416
0.1066271
0.85655195
0.85094887
0.09965424
0.06890974
0.07094192
0.06719387
0.07015955
0.11518381
0.0850453
0.08541269
0.10462696
0.1219626
0.70304143
0.6796584
0.15881418
0.13546431
0.22686027
0.2272523
0.29371494
0.8244737
0.7213092
0.85529476
0.8722982
0.86308676
0.7748084
0.85962176
0.13924162
0.105109714
0.18353671
0.10794759
0.08744391
0.07554309
0.066398576
0.079438336
0.89093703
0.9278012
0.8861244
0.1055777
0.079107694
0.13259856
0.16277368
0.1650489
0.11273758
0.097068906
0.11582294
0.6644001
0.68495595
0.7283979
0.8449236
0.73745203
0.7975796
0.21857333
0.17632939
0.22149883
0.2697988
0.36952746
0.70414907
0.42813024
0.30978653
0.25981033
0.28906092
0.5963029
0.6703365
0.36358362
0.29726326
0.24411929
0.25070885
0.32696638
0.29869086
0.36911532
0.62554723
0.75737554
0.6958021
0.7699305
0.689812
0.7117695
0.44306344
0.5089137
0.58463204
0.64259803
0.18638489
0.14736597
0.11877156
0.088753074
0.10976189
0.11337078
0.8353707
0.8955253
0.76664066
0.19918804
0.23493582
0.17202882
0.2588447
0.27257094
0.218675
0.6356257
0.8513817
0.8424166
0.51350975
0.37597796
0.3047987
0.19708109
0.17308684
0.18029003
0.85975105
0.7932624
0.7669809
0.7482904
0.7556704
0.7903513
0.88634026
0.8869738
0.7368826
0.25602284
0.3301477
0.3396476
0.2997494
0.2988884
0.394212
0.83739066
0.85346705
0.75625485
0.785762
0.3078261
0.2887784
0.29942304
0.5388202
0.66979885
0.7870204
0.6443956
0.3200328
0.23672982
0.22746997
0.28141272
0.83454096
0.87582844
0.89271545
0.89664507
0.86034316
0.8197829

