0.80613655
0.8692117
0.5710171
0.5864938
0.4089686
0.38038862
0.30523515
0.45194304
0.23581785
0.21054037
0.21416856
0.2521497
0.8307371
0.7999551
0.29809162
0.2787972
0.5164661
0.35596925
0.3535668
0.56223285
0.2734072
0.17810258
0.1642276
0.19086587
0.22777095
0.42158365
0.7818522
0.40449235
0.36397532
0.8097722
0.6617011
0.61355233
0.56311727
0.53874785
0.15841529
0.12077066
0.14753245
0.2776279
0.89987665
0.9019977
0.9125554
0.115841776
0.070509344
0.06648825
0.06818867
0.09800945
0.15835066
0.75997263
0.7677486
0.9025621
0.8078859
0.09473097
0.060905796
0.05907139
0.06455533
0.079471424
0.073687874
0.054900065
0.057364453
0.068318956
0.10578539
0.21583636
0.91378886
0.10921541
0.06380066
0.04919382
0.0464629
0.045844253
0.046980042
0.055267412
0.07517878
0.85294956
0.25768346
0.91369367
0.9380128
0.94028217
0.9119378
0.07985282
0.04726377
0.03860852
0.03985506
0.039596077
0.045588225
0.062806495
0.8974192
0.9254498
0.9380413
0.94451594
0.936824
0.08656284
0.049725614
0.03957224
0.03954615
0.042607877
0.052461937
0.08629228
0.9096228
0.83256197
0.898241
0.085042015
0.053463202
0.046600603
0.047865234
0.05376885
0.0532674
0.068440296
0.113819554
0.15613875
0.9193255
0.85016114
0.12035852
0.067037344
0.05066739
0.04978153
0.058267847
0.0734287
0.111357346
0.09694494
0.14813417
0.87230235
0.19384739
0.26193556
0.676335
0.15805224
0.11986888
0.09134299
0.10347949
0.13238546
0.2592956
0.8410209
0.2472163
0.31486148
0.5169765
0.18687318
0.18026067
0.5189726
0.7982362
0.16064031
0.15026464
0.14495443
0.70781106
0.8786665
0.91224015
0.14382121
0.09311343
0.057981964
0.049851358
0.04882072
0.05084018
0.05315672
0.05928826
0.07054295
0.12098426
0.88112694
0.10517328
0.07522608
0.08350798
0.8459648
0.8621541
0.8774168
0.9173369
0.9208809
0.9211061
0.8647748
0.8614614
0.09522236
0.07593757
0.0961574
0.88532937
0.8365127
0.17357887
0.1208959
0.13975944
0.08506929
0.056234572
0.055330995
0.059552304
0.07150178
0.10629599
0.10459531
0.78706425
0.88958764
0.8715695
0.22816555
0.29154396
0.22748068
0.678727
0.854072
0.8434308
0.68538916
0.5577225
0.16399263
0.14949389
0.6889691
0.8537472
0.84553826
0.6761889
0.22438176
0.22624901
0.7960311
0.17916305
0.14062305
0.1838995
0.16943717
0.5552779
0.17439152
0.20510744
0.20344466
0.42471543
0.2956519
0.76180995
0.6016094
0.54203933
0.58620983
0.6533483
0.7904232
0.20810376
0.23044695
0.6730444
0.19687562
0.08316805
0.070085034
0.07095486
0.10342349
0.8200561
0.87537843
0.26221687
0.68206733
0.6482039
0.62835383
0.590465
0.22719255
0.7324363
0.88253695
0.8884562
0.28532755
0.11919289
0.08790888
0.10402318
0.15634194
0.57104915
0.19411433
0.2420367
0.6622021

