0.78220606
0.8671815
0.28362793
0.1821044
0.17285399
0.205346
0.32351524
0.873565
0.89409715
0.89114404
0.75934756
0.74523467
0.8557522
0.23129785
0.13258635
0.094270304
0.101349466
0.115034014
0.75210285
0.72147846
0.74712235
0.88338697
0.73120856
0.122876674
0.11355317
0.10062228
0.15072827
0.2209037
0.110367365
0.13098626
0.09394753
0.09015126
0.109069996
0.10641836
0.18314913
0.13056205
0.8075342
0.8936848
0.75265926
0.73968244
0.88935953
0.12828833
0.10487528
0.086524405
0.15475784
0.07849311
0.07521141
0.09005196
0.10219234
0.118953325
0.12972635
0.16982396
0.63440835
0.15439834
0.14786133
0.73646235
0.88070077
0.8792958
0.6612792
0.2084412
0.22896796
0.8565935
0.861052
0.34107828
0.19158319
0.19666581
0.49011835
0.62902904
0.62136513
0.87053746
0.8907466
0.8859999
0.71460706
0.19794072
0.18193416
0.13313693
0.10583001
0.101523355
0.1130597
0.10927557
0.12765668
0.21168022
0.6164776
0.5980126
0.63427615
0.8137775
0.46017084
0.30864206
0.40963024
0.8418347
0.6838416
0.62778604
0.18764214
0.16953936
0.11131154
0.1195422
0.1305306
0.30007026
0.27975807
0.14150098
0.12927966
0.14013094
0.7287099
0.6850163
0.84481937
0.36902535
0.26483315
0.14253971
0.17521007
0.24768339
0.9016872
0.91422576
0.91518086
0.8132517
0.0996067
0.09760052
0.084313594
0.05646663
0.048862185
0.045278694
0.046242032
0.052551985
0.07250426
0.80448776
0.80117244
0.23302512
0.84966606
0.14695813
0.09261851
0.120061405
0.85675055
0.098498195
0.071595125
0.10032766
0.10413516
0.90139806
0.9277285
0.9044024
0.9314835
0.8977625
0.08627551
0.06038637
0.061459336
0.09197558
0.8958371
0.87541515
0.101241335
0.08005544
0.10849791
0.84606844
0.08482513
0.056357943
0.050749592
0.05707312
0.06937449
0.094293475
0.9139742
0.93430024
0.898664
0.9009031
0.08891257
0.059970744
0.06689248
0.061896123
0.09014186
0.8887493
0.92924
0.9294278
0.09780906
0.05851866
0.047762517
0.052817594
0.07231766
0.8364558
0.9058164
0.89977163
0.34443617
0.2359098
0.21794589
0.19756243
0.8308423
0.16374283
0.095585346
0.1115975
0.71744597
0.71172726
0.85368437
0.6999674
0.1617363
0.17934339
0.32423544
0.6678386
0.838349
0.1493537
0.10330329
0.16927963
0.12336442
0.19085836
0.8790963
0.7577755
0.71788836
0.25744325
0.17005423
0.14276102
0.11760828
0.1281404
0.62881494
0.2777606
0.16037828
0.15370028
0.20153326
0.26106408
0.6256623
0.73960334
0.6251404
0.38531783
0.70128983
0.22304796
0.18581745
0.24888031
0.26250425
0.23492676
0.25414082
0.5655565
0.5559587
0.34942755
0.38191453
0.38876012
0.7102078
0.6991085
0.30503902
0.2564852
0.33954957
0.59799314
0.66945255
0.6096647
0.35550305
0.20874347
0.17605378
0.19430459
0.15810962
0.15817103
0.19473647
0.16668391
0.17074125
0.31874946
0.23146117
0.17557165
0.17147782
0.19187462
0.44980255
0.71201843
0.8511571
0.7897623
0.7686483

