0.8520917
0.7870362
0.76552993
0.8712785
0.77394795
0.75452673
0.8880582
0.903218
0.13307756
0.09171737
0.07470986
0.093142174
0.08078727
0.08345215
0.10113976
0.8199561
0.09575072
0.06593492
0.06775854
0.08773461
0.10171914
0.8568386
0.8384778
0.86343396
0.9152888
0.914718
0.8360956
0.8924288
0.13616326
0.14567198
0.101937234
0.09133514
0.11460165
0.8817106
0.8857197
0.1591949
0.1541748
0.1410927
0.66016406
0.2170394
0.12455301
0.10971227
0.1292655
0.6808292
0.87416863
0.8834399
0.87924725
0.6460434
0.1585304
0.11789909
0.11838962
0.14606433
0.723091
0.2102395
0.11328857
0.09928256
0.090686046
0.09358465
0.111484274
0.1782496
0.31513646
0.682249
0.6752095
0.6257615
0.31009254
0.81546175
0.270808
0.5991991
0.6243509
0.13293603
0.12257168
0.7655232
0.8939446
0.19282575
0.09017914
0.09813025
0.73276234
0.12403341
0.13288201
0.85253584
0.90362847
0.8294374
0.8589214
0.89923376
0.40627006
0.21737945
0.8266803
0.11182508
0.086964376
0.112680905
0.77584064
0.8735721
0.19323832
0.19608314
0.8901975
0.9103201
0.10707814
0.07332676
0.078021675
0.06772518
0.06674439
0.07700109
0.10134662
0.76023793
0.73265356
0.8758698
0.6884398
0.68705213
0.1425878
0.08306391
0.08371154
0.07749981
0.09275481
0.73662716
0.89264315
0.19008557
0.18323846
0.13824181
0.77500874
0.08948389
0.054691155
0.048136268
0.05326457
0.07223754
0.89320445
0.9353689
0.9375627
0.92877567
0.09373689
0.058884855
0.057286654
0.077961855
0.15720879
0.8605538
0.24445583
0.24145985
0.39746538
0.87705183
0.77419657
0.8771778
0.12765643
0.09363455
0.10098468
0.12643011
0.23003425
0.7033332
0.85701984
0.22047943
0.17586388
0.25880912
0.69084185
0.12564918
0.12624249
0.14218181
0.07328795
0.0585844
0.054067273
0.0625686
0.101587005
0.89424515
0.77078515
0.89986664
0.17058955
0.13906504
0.7420437
0.09543518
0.07852
0.10315127
0.8299053
0.09766783
0.06758719
0.06867585
0.09751736
0.8484247
0.10695479
0.112272136
0.12578285
0.14995499
0.89482886
0.8896007
0.90377975
0.91329616
0.11442821
0.07502948
0.069919884
0.094055064
0.8417668
0.09327944
0.0691756
0.08133429
0.12603688
0.8178299
0.14507432
0.15957011
0.841625
0.2692806
0.716628
0.17668383
0.23318613
0.7422483
0.74631155
0.7332089
0.7799512
0.09423798
0.06766997
0.062175263
0.06162654
0.07538469
0.12012858
0.17182623
0.11188097
0.11662813
0.09992274
0.15171829
0.09640755
0.095048755
0.1539759
0.8989278
0.7912582
0.12019849
0.07915753
0.055636697
0.049471572
0.04915505
0.04726064
0.051762063
0.066965684
0.8637099
0.87415326
0.9229144
0.91995776
0.8400218
0.78265995
0.7514554
0.7784106
0.09319077
0.07421809
0.110239744
0.17877471
0.09349287
0.099412225
0.19706477
0.20999825
0.115976654
0.10759194
0.12070048
0.67338973
0.8169567
0.19226453
0.1992065
0.3330082
0.57154024
0.18498534
0.169905
0.20662087
0.4124658
0.8451596

