0.40410152
0.23307014
0.19545177
0.27478468
0.1970353
0.7317164
0.8891876
0.9087679
0.126698
0.08888035
0.07103526
0.090877995
0.07853941
0.081529036
0.10092833
0.8323345
0.093530744
0.06397609
0.06459823
0.08300854
0.0979166
0.86221486
0.8462275
0.87174076
0.91798866
0.9177387
0.84189814
0.8961202
0.12843217
0.13461995
0.09451164
0.08615806
0.111011915
0.88507426
0.89166474
0.14914675
0.14045793
0.13048293
0.6870478
0.20738663
0.11875497
0.10612911
0.13128704
0.7220707
0.88249934
0.8920406
0.88552105
0.67291784
0.14412421
0.0991381
0.09785566
0.12535624
0.7721105
0.730444
0.718014
0.13214748
0.10256973
0.11154157
0.16275501
0.2619735
0.14051908
0.16911422
0.13252525
0.16752529
0.8576652
0.64810646
0.14754002
0.15385585
0.65135586
0.6490768
0.70170605
0.8780492
0.87770176
0.166678
0.16261254
0.57909805
0.58021885
0.18844016
0.15494177
0.2125799
0.18040022
0.26187918
0.871142
0.8707068
0.7260395
0.84740657
0.16644949
0.13020933
0.13867968
0.13015972
0.20093225
0.16711761
0.79257447
0.9013059
0.9121843
0.11400342
0.08079969
0.094138205
0.10812175
0.79266715
0.08544957
0.060360152
0.057957284
0.07272316
0.09079299
0.061693892
0.05366799
0.051622417
0.049649384
0.04599606
0.04768388
0.052459635
0.07132398
0.8958833
0.93476456
0.9022118
0.13079074
0.115725756
0.11560079
0.85158885
0.08406026
0.052092426
0.045975856
0.05098934
0.07214855
0.90787786
0.941654
0.9453322
0.9360769
0.09188553
0.054092135
0.046838805
0.054640554
0.08682258
0.85785323
0.17276673
0.15499857
0.29050165
0.90498966
0.8644136
0.917813
0.09601895
0.0630171
0.07293831
0.070562534
0.109247334
0.14439349
0.89566725
0.75376534
0.8175442
0.13474135
0.062202655
0.055454336
0.07630721
0.08206646
0.87162304
0.87614596
0.8729613
0.8978572
0.14620712
0.1597961
0.12928304
0.8959232
0.8961824
0.8884829
0.91043985
0.08651908
0.056173358
0.04453453
0.045473162
0.050564438
0.050390244
0.05174458
0.05623338
0.05664643
0.070002265
0.12650645
0.210979
0.89570063
0.7550748
0.76113564
0.8870359
0.19596468
0.14090039
0.09443435
0.10760568
0.7227028
0.12678742
0.10404905
0.14700972
0.21042015
0.13207813
0.13261043
0.17373869
0.83904773
0.20031004
0.12932838
0.11036586
0.105583034
0.102699295
0.13957562
0.10446191
0.10822075
0.0986237
0.11196805
0.122233704
0.15129967
0.13312466
0.15225175
0.2388148
0.8578069
0.8514893
0.7119962
0.6856962
0.8135046
0.65556955
0.1278071
0.10486659
0.15447389
0.69776756
0.7452272
0.12866554
0.08563334
0.05859183
0.050910894
0.049813323
0.047323633
0.051481016
0.06628491
0.865894
0.8825102
0.9286055
0.92658126
0.8379585
0.8044411
0.8313489
0.08338331
0.062118124
0.0805143
0.11706847
0.07153874
0.07913455
0.13709936
0.13913096
0.09081908
0.09021413
0.102696784
0.6901701
0.86532
0.68411845
0.6850103
0.8386442
0.6668139
0.5820761
0.5812674
0.6848074
0.8054404
0.8687193

