0.24811788
0.1986426
0.12375847
0.12352623
0.26611274
0.10776312
0.10446947
0.10060108
0.12553833
0.8194058
0.80261916
0.8945196
0.89885056
0.8912766
0.7781033
0.7630488
0.8666076
0.78394604
0.7503837
0.79041547
0.887042
0.8490772
0.9059178
0.8446372
0.8260035
0.837637
0.0938869
0.064895876
0.066253506
0.0632883
0.077380605
0.07427877
0.08476657
0.10380426
0.13017896
0.87563986
0.8748265
0.77709466
0.76270074
0.76221716
0.86944413
0.7913794
0.76511055
0.74669003
0.71628314
0.66028506
0.66651475
0.6419677
0.6086186
0.2229995
0.20696616
0.1671255
0.16730428
0.5824886
0.22234587
0.22923118
0.82174647
0.22394827
0.19136067
0.31936383
0.87732005
0.8764139
0.23513304
0.6783146
0.10212178
0.08797327
0.114242435
0.1515628
0.25233874
0.3958599
0.8855616
0.8215408
0.89351803
0.7759226
0.7103693
0.6932409
0.6838101
0.73314595
0.08799996
0.069016814
0.088425525
0.82077855
0.7381109
0.8280507
0.0983327
0.078690246
0.07787422
0.14662132
0.8893654
0.09978691
0.07112837
0.051711775
0.055184368
0.071239315
0.8998836
0.9248603
0.9424948
0.9339322
0.09373384
0.05432318
0.04712841
0.05733586
0.09008228
0.89963615
0.9193936
0.19874108
0.0842985
0.0880153
0.10338855
0.88221395
0.898827
0.20861349
0.116709076
0.13396892
0.89162475
0.91329956
0.13569736
0.09296972
0.07555724
0.0982621
0.07598619
0.10164769
0.7392475
0.104119614
0.087092794
0.084895186
0.08422564
0.094944514
0.1180301
0.661926
0.15999188
0.15989664
0.26074177
0.21920173
0.84802127
0.32910794
0.18067881
0.15816344
0.5856235
0.14989081
0.15295626
0.14435765
0.6743242
0.20671286
0.10611087
0.09605125
0.16844513
0.15952672
0.803461
0.10410941
0.066057086
0.060675517
0.07436541
0.09793823
0.16414592
0.913912
0.9219008
0.12055575
0.07261458
0.06606522
0.097014055
0.8460856
0.13438535
0.13279544
0.89943373
0.93622994
0.9358867
0.0862239
0.05199931
0.04307989
0.049411528
0.083803475
0.10168449
0.08460747
0.13339509
0.13711923
0.094031245
0.107914865
0.7865828
0.77373314
0.8851386
0.7275286
0.67017454
0.64490724
0.58509165
0.5463708
0.5556455
0.5990689
0.6476898
0.65662557
0.719213
0.885028
0.90787375
0.19332184
0.094797336
0.058910046
0.049723335
0.05803484
0.073581316
0.061159287
0.0625962
0.09484274
0.9088522
0.84864026
0.9247772
0.09422614
0.054370232
0.042559363
0.043958094
0.05092745
0.07971701
0.9108892
0.9413051
0.9443283
0.93676513
0.0951074
0.056217633
0.05421735
0.053636674
0.078285165
0.09652862
0.84868306
0.87644285
0.09403552
0.057471022
0.054486338
0.068389386
0.88915974
0.9072784
0.9424007
0.93834686
0.095672645
0.056477733
0.04847674
0.060257666
0.046089195
0.046646994
0.05549032
0.07564565
0.1044786
0.08314924
0.10045511
0.1419137
0.13850145
0.18937735
0.7533768
0.114681
0.10311012
0.0865367
0.08987651
0.13795629
0.6679754
0.16769935
0.26349849
0.22292112
0.5878413
0.15489718
0.14288482
0.21054631
0.5919112
0.6567969
0.6729328
0.7232224
0.74770653

