0.7805613
0.80001336
0.7828527
0.8759563
0.75623745
0.85670555
0.18881163
0.16874859
0.17129706
0.19147485
0.7388434
0.2167088
0.107298866
0.061187804
0.056621347
0.073685065
0.09188438
0.85234255
0.7896867
0.84861755
0.11584633
0.12284974
0.07178573
0.07896105
0.14201733
0.12307257
0.1259277
0.23078378
0.25199655
0.17693643
0.60283184
0.20870602
0.2729712
0.33299956
0.15623997
0.114974074
0.12296221
0.13614756
0.16231146
0.8456999
0.61119956
0.23396714
0.2204899
0.742545
0.78994274
0.88781315
0.89391756
0.82030404
0.88485074
0.80946976
0.8743137
0.7458393
0.2658011
0.2721446
0.85350335
0.85692626
0.2162826
0.20991556
0.18699476
0.5801155
0.812299
0.21717493
0.20399565
0.52337825
0.6140312
0.6934491
0.85736954
0.2472248
0.21319284
0.118666746
0.118752226
0.11822717
0.11622249
0.8079356
0.7777805
0.7256817
0.68819314
0.15918154
0.18782495
0.17582864
0.123716764
0.16299936
0.23337403
0.66580564
0.8512081
0.68838084
0.84086794
0.19772597
0.17843121
0.600191
0.13931139
0.10478086
0.108453
0.120617375
0.2468146
0.6513048
0.63124496
0.6198515
0.6196031
0.15323286
0.10706132
0.10194522
0.1268033
0.22179432
0.8841796
0.88088936
0.70450735
0.15278955
0.11149122
0.117952555
0.1562535
0.2210474
0.17098327
0.14815736
0.2113587
0.8751485
0.87305915
0.24718924
0.18856265
0.80364394
0.90700805
0.80730194
0.09260487
0.07079038
0.06425502
0.065993816
0.07597418
0.107117355
0.117956966
0.8859264
0.103242524
0.07482902
0.065569974
0.08499699
0.8707944
0.91696274
0.15716332
0.1330162
0.122644655
0.84217644
0.0801514
0.056233887
0.059928156
0.06353119
0.13679738
0.9123928
0.9402105
0.9426685
0.9363086
0.13419595
0.072032586
0.056301903
0.059403364
0.090923905
0.8552767
0.17620812
0.15678935
0.28764012
0.8972751
0.8460617
0.9053249
0.09827925
0.06621431
0.07546979
0.09265604
0.8804207
0.813117
0.91068673
0.7827889
0.84729546
0.12953822
0.066316955
0.048313614
0.04646926
0.046755668
0.05551475
0.05102317
0.067836426
0.07066868
0.058647413
0.06980643
0.90908486
0.9260652
0.9468131
0.9282093
0.083228305
0.052968267
0.046338048
0.04907866
0.053991035
0.055276953
0.05259287
0.06888042
0.063960955
0.09337543
0.10521628
0.8700954
0.90768844
0.91125065
0.9033214
0.81259876
0.8096962
0.8080212
0.88144094
0.82221264
0.8934386
0.89151114
0.77025706
0.6986122
0.16906226
0.17915116
0.26185814
0.29949665
0.3170261
0.31303322
0.28174025
0.7626605
0.6350743
0.2391726
0.285011
0.1772796
0.16020668
0.30607814
0.2185097
0.15384714
0.1379174
0.18307164
0.28468055
0.5557452
0.58598745
0.63915616
0.7706073
0.6778684
0.6762982
0.7580048
0.21763463
0.16694555
0.24469726
0.35736483
0.2132941
0.24433316
0.13075183
0.088668905
0.084467605
0.105998695
0.15741464
0.15808085
0.121232286
0.7850399
0.8134542
0.9056219
0.89957434
0.75696963
0.71040684
0.6863252
0.13286565
0.14362432
0.16512993
0.23029183
0.11969518
0.1272614
0.21991736
0.2284298
0.44073904
0.51017505
0.7166767
0.8839195
0.9004466
0.8245447

