0.44269058
0.24328527
0.2187495
0.1914001
0.14473513
0.16843933
0.13727164
0.1767857
0.86322486
0.7553949
0.7668302
0.87503994
0.79313713
0.77619183
0.78187054
0.87736005
0.7714508
0.7897137
0.8050196
0.90136844
0.108637735
0.06766636
0.059108127
0.062090944
0.092272215
0.18486854
0.11612526
0.15845051
0.13723606
0.19776174
0.2613851
0.14214966
0.12430124
0.16298844
0.85865855
0.70819616
0.8610719
0.19338383
0.2037731
0.7444692
0.08563154
0.060910966
0.0634655
0.0803652
0.16409425
0.9053255
0.92032665
0.88157225
0.92617565
0.9283276
0.16793321
0.06522233
0.04848234
0.05059004
0.06419848
0.10965953
0.10957192
0.73519164
0.9052159
0.18514453
0.08386866
0.06413956
0.06501302
0.05711647
0.055024065
0.05543156
0.0597061
0.07746397
0.0625671
0.057233658
0.07138703
0.06761052
0.07774967
0.880498
0.87581164
0.9301498
0.93404835
0.9319069
0.8839802
0.10188634
0.094368756
0.07285639
0.06863909
0.11353201
0.12556681
0.78976566
0.09045601
0.0726993
0.078070365
0.09862782
0.78265435
0.7592352
0.89012986
0.7437672
0.68388283
0.23224752
0.12417166
0.118850045
0.16581893
0.5980666
0.13764301
0.11970634
0.12860006
0.69349384
0.31140563
0.2570631
0.87201226
0.78548443
0.88828576
0.723575
0.13768114
0.12206115
0.106434725
0.11489444
0.18536894
0.8659359
0.7597154
0.8891407
0.89236987
0.7841589
0.106736735
0.0733367
0.07122509
0.06846706
0.064698294
0.07526477
0.12131939
0.8908734
0.8153194
0.91079116
0.907259
0.7586382
0.12296756
0.12802236
0.114541985
0.77683014
0.76941866
0.12688139
0.12109934
0.82036126
0.9028832
0.10034827
0.06395703
0.058453657
0.075051546
0.87288016
0.8851845
0.8783739
0.91893274
0.09806239
0.061478406
0.058437534
0.076066844
0.79313207
0.875301
0.16595711
0.14612262
0.8233999
0.8986557
0.89807254
0.7547114
0.15388031
0.16120411
0.1533673
0.72989875
0.77731085
0.8908908
0.8919027
0.8738446
0.16106325
0.11616045
0.13432701
0.2565783
0.30371156
0.24729143
0.22123219
0.6269341
0.6700586
0.8432929
0.14281489
0.117860414
0.110549286
0.10867575
0.73635453
0.11719984
0.13942905
0.091459416
0.07432327
0.05970586
0.06169559
0.06753764
0.051103424
0.05309972
0.066241175
0.86689526
0.8759309
0.8951944
0.9265319
0.9282386
0.8885824
0.8928846
0.89502704
0.08299305
0.05083559
0.044816926
0.055558134
0.078398354
0.07153718
0.1148395
0.8281548
0.77670974
0.90372056
0.8986449
0.14555359
0.12246727
0.11473741
0.6298698
0.169075
0.27348295
0.26986754
0.14985067
0.095261194
0.09505745
0.103474736
0.154674
0.22620209
0.2004271
0.74055874
0.87476426
0.8662259
0.71345866
0.5878267
0.17723256
0.16447298
0.43297383
0.64070207
0.8221233
0.69989794
0.680811
0.7877138
0.3019893
0.28664097
0.82030404
0.723075
0.13457336
0.092660755
0.107589506
0.7087008
0.09820471
0.08401026
0.102017745
0.75991094
0.15673561
0.22202565
0.32269245
0.8754327
0.92060876
0.81770706
0.83949304
0.13238376
0.08902167
0.056420602
0.050452676
0.052508824
0.06218686
0.07106885
0.082783066
0.101679124
0.75471383
0.8234056
0.82554907

