0.8688108
0.8682978
0.89634347
0.7890433
0.72398293
0.74971044
0.88335925
0.14637733
0.094714254
0.07763732
0.07145769
0.06820421
0.06487432
0.0847054
0.15506476
0.097735964
0.105175
0.7860955
0.8150733
0.12855566
0.07148794
0.05928091
0.047430202
0.04842608
0.059699144
0.099273026
0.9033481
0.8623938
0.8871886
0.8768137
0.92410403
0.12118602
0.06772543
0.04790705
0.046703465
0.05447953
0.070030265
0.15214257
0.8503337
0.9105689
0.91496533
0.9066363
0.77037835
0.8856083
0.11573834
0.077357806
0.08707635
0.07950389
0.104760066
0.17630924
0.8656774
0.6789952
0.6766305
0.7119787
0.11363271
0.07557105
0.063449346
0.079043545
0.07794475
0.14608708
0.1653179
0.11280719
0.23533416
0.91311514
0.81278676
0.09090984
0.0536784
0.04535678
0.043858364
0.044722725
0.051269185
0.07130173
0.8428202
0.25076485
0.91286284
0.9355181
0.9371693
0.88314366
0.073159255
0.046221305
0.039221503
0.038930677
0.044866238
0.047953684
0.06499299
0.89739454
0.92328143
0.9357723
0.9436129
0.93596745
0.08672463
0.051005635
0.042300247
0.041451726
0.050885692
0.05759239
0.092169695
0.9039311
0.7757686
0.8443004
0.08343126
0.05306145
0.047822986
0.051425025
0.06179623
0.06447367
0.0877149
0.19120812
0.91033936
0.91106737
0.7695449
0.14872165
0.10385451
0.11460966
0.12658171
0.13249564
0.63017374
0.13575383
0.12550804
0.13393411
0.21130417
0.84208757
0.6155227
0.57594997
0.53916395
0.22096166
0.18061219
0.13759299
0.16035976
0.52782786
0.28263074
0.34329763
0.62933075
0.8253444
0.23203704
0.22600853
0.8338245
0.6860032
0.83254343
0.17383578
0.1719512
0.68206245
0.73419935
0.90138435
0.922522
0.11861089
0.07228298
0.049898252
0.04568749
0.046071097
0.048167083
0.050708532
0.056531474
0.06884395
0.121235326
0.884948
0.106938206
0.077314
0.08919859
0.81356794
0.2411744
0.87791073
0.9198479
0.9245393
0.91040134
0.25079992
0.818856
0.091548145
0.07401353
0.09622576
0.89492613
0.86868733
0.15398908
0.100839525
0.10566155
0.068772905
0.051165063
0.05045627
0.053699117
0.063529074
0.09241513
0.09799648
0.7558606
0.8803242
0.3740558
0.2525135
0.8160892
0.20640466
0.20842586
0.82734287
0.62105095
0.28325787
0.32488802
0.53063864
0.16340707
0.16977303
0.28121188
0.32728866
0.575322
0.58604324
0.14743562
0.15466711
0.64559937
0.72544754
0.1334633
0.07501438
0.06373038
0.061131712
0.07444522
0.09537945
0.80171186
0.08828787
0.07253158
0.09236412
0.16826737
0.88023555
0.85628515
0.8938787
0.16069098
0.1656887
0.8180975
0.86827725
0.14038274
0.1298095
0.82117355
0.8434188
0.8504407
0.90094775
0.85418195
0.90253985
0.8597078
0.877814
0.18225841
0.18204135
0.86864793
0.8922285
0.31526026
0.185941
0.78526914
0.14889501
0.13752756
0.08843131
0.105381146
0.7777547
0.1636744
0.18222474
0.097199045
0.086689584
0.115733504
0.21946335
0.85349923
0.17075355
0.17876202
0.48343003
0.6146918
0.8319321
0.7311664
0.74803114
0.8407855
0.7614452
0.8674757
0.87610346
0.8501292
0.20346077
0.15862288
0.16890918
0.21634293
0.80298287
0.66994745
0.73533773
0.8453702
0.7602276
0.7719668
0.7860877
0.763731

