0.8214306
0.89278936
0.89995277
0.859018
0.88954425
0.8236164
0.8752682
0.7636281
0.84822786
0.63708735
0.25061432
0.24984378
0.22918963
0.5000056
0.29135424
0.83857477
0.3174926
0.14761963
0.106126964
0.120861985
0.17338358
0.20075317
0.2709218
0.14792132
0.086288735
0.082024656
0.104444765
0.15500414
0.8827876
0.76686406
0.7656429
0.7579627
0.886432
0.12749082
0.10752516
0.08048227
0.087368704
0.11391503
0.18685007
0.73240304
0.7521754
0.8820976
0.88756675
0.8703742
0.66915625
0.5833641
0.5512506
0.5468188
0.19712414
0.16956139
0.6935203
0.74281055
0.8931176
0.7867771
0.098206684
0.06423925
0.06447045
0.07697955
0.12992103
0.07599592
0.110633805
0.07006971
0.07439831
0.11252313
0.22313523
0.9121704
0.107828274
0.062938094
0.04764723
0.04420547
0.04365573
0.043899875
0.045136396
0.05170505
0.07590954
0.8974724
0.9300902
0.9385578
0.9381881
0.8817917
0.9007523
0.079985686
0.046988964
0.039055698
0.041152943
0.05474733
0.06895789
0.89409655
0.91979706
0.9343311
0.94069237
0.93178946
0.08573367
0.051631283
0.040530965
0.042721353
0.054952346
0.13447867
0.9183317
0.9343872
0.86377865
0.8936458
0.08235086
0.05178066
0.04670956
0.062131386
0.060270164
0.05935944
0.07309228
0.12382155
0.15731971
0.90060395
0.7441788
0.1808652
0.17930785
0.12464257
0.111834295
0.10341811
0.09187174
0.10953589
0.10741765
0.15929969
0.6964642
0.68810827
0.8798972
0.88238925
0.7464007
0.13590124
0.094884224
0.10352701
0.092385925
0.11244762
0.12074822
0.72820634
0.9054181
0.11067482
0.073314086
0.06979869
0.06413342
0.08175023
0.054867513
0.051506985
0.061073214
0.099575184
0.9187223
0.931929
0.12549761
0.094390966
0.05859902
0.049738612
0.050858434
0.051882982
0.06295106
0.056099802
0.051539376
0.052089546
0.053282708
0.046418607
0.04929348
0.06449536
0.880443
0.899026
0.91693556
0.934805
0.93233335
0.92448115
0.12627688
0.062690444
0.05692174
0.079347536
0.89724284
0.9336523
0.9117322
0.14227062
0.0858408
0.086323135
0.061699916
0.05495502
0.068585485
0.05920335
0.08283745
0.08991426
0.11936976
0.8556358
0.9101653
0.9088111
0.8101274
0.8656474
0.21015285
0.20785233
0.8630001
0.8757845
0.778955
0.14781846
0.090442084
0.09003285
0.8434329
0.9134013
0.913844
0.82701784
0.11174608
0.08340566
0.14270668
0.089559294
0.08008208
0.10954094
0.105992965
0.20426597
0.13181049
0.18934005
0.64028215
0.18399441
0.2786101
0.17367662
0.26421255
0.20340322
0.2645208
0.62644535
0.76012397
0.6592112
0.62051064
0.26826265
0.2931748
0.15352389
0.14877743
0.15753569
0.25465894
0.6143787
0.7252779
0.3208762
0.42285195
0.25070408
0.3069375
0.26494047
0.55525976
0.8343126
0.8502438
0.8446268
0.16382328
0.12375859
0.18213266
0.53401476
0.5645922
0.5624604
0.55918086
0.5322055
0.3082935
0.19915825
0.19565813
0.5592876
0.84297526
0.84589016
0.7368201
0.8272404
0.1611628
0.12756307
0.18962733
0.1540886
0.17057401
0.25624353
0.6900859
0.57031816
0.8005662
0.88826495
0.79091954
0.7455214
0.72480714
0.68660897
0.38114688
0.61114305
0.25096098
0.2511826
0.14510489
0.15316324
0.13898599
0.21236084

