0.62439406
0.28513226
0.16580412
0.13748907
0.1652529
0.8392743
0.21420342
0.1887645
0.71731716
0.69378287
0.70492
0.7372437
0.11088787
0.07441699
0.082837865
0.10981527
0.18590945
0.34311435
0.850111
0.32685778
0.31121764
0.15078312
0.13789494
0.15491132
0.28868294
0.29017925
0.19679372
0.15738364
0.20513639
0.6813425
0.7345783
0.88930523
0.8857978
0.31973293
0.16344506
0.17018588
0.23233384
0.30028102
0.7984454
0.34859902
0.28675348
0.22088774
0.23765269
0.5861863
0.84970516
0.84044075
0.4541145
0.39230123
0.77645755
0.32530463
0.3360052
0.4942423
0.23336343
0.20393617
0.19942056
0.2686223
0.3628316
0.85668063
0.8726328
0.85902417
0.6918815
0.8064918
0.24121413
0.2238839
0.15777645
0.16924211
0.6760822
0.3893758
0.8736286
0.1484471
0.09602346
0.06977849
0.07258729
0.06971195
0.06597648
0.09256544
0.09885748
0.09748174
0.14108558
0.81015444
0.92233247
0.10137652
0.063524745
0.057051282
0.056278292
0.06918967
0.052811444
0.049714036
0.049715597
0.04970061
0.05755515
0.07383277
0.19334199
0.9165165
0.92299587
0.12495437
0.08095593
0.092908345
0.8427488
0.8581839
0.09016962
0.070766136
0.08115025
0.8731628
0.90576106
0.9214764
0.9324217
0.9191631
0.10748202
0.07883308
0.104872055
0.8469879
0.118746266
0.10482694
0.22555242
0.90320027
0.13654403
0.07224792
0.05217588
0.047352973
0.04967224
0.0545192
0.075850375
0.097728476
0.11749857
0.9057037
0.9134827
0.23206137
0.11291604
0.117330685
0.68081
0.12157995
0.117399946
0.2080634
0.21631935
0.14496768
0.15286407
0.6604255
0.65488994
0.65158105
0.835021
0.18127625
0.14639099
0.19857116
0.12872809
0.13576698
0.23444805
0.26405075
0.8822563
0.7374844
0.9000321
0.11004931
0.07009514
0.0634097
0.052671343
0.049142577
0.0482543
0.05031787
0.062027317
0.10280735
0.91939604
0.9314783
0.09841332
0.06511234
0.054963317
0.062151987
0.054146115
0.05118979
0.05323098
0.062646225
0.090895526
0.87521493
0.1070097
0.06261518
0.05858494
0.07370714
0.8661426
0.88411355
0.8999623
0.9241635
0.92714065
0.9290397
0.8875968
0.88838637
0.08088262
0.05646031
0.059337795
0.083335534
0.8860406
0.9251002
0.1543732
0.13085277
0.076257676
0.058410794
0.07759325
0.06635827
0.059779845
0.08131701
0.08335594
0.8442359
0.91048914
0.9108414
0.8078892
0.87115866
0.16659938
0.15050623
0.64646244
0.66042423
0.81382155
0.6611558
0.15359725
0.1319363
0.77365243
0.8784443
0.8846697
0.87219125
0.21358325
0.16915514
0.64215803
0.16089816
0.15990017
0.11902243
0.1334127
0.27252817
0.18342176
0.26577336
0.61407983
0.6086139
0.21201913
0.20391059
0.15361735
0.16883865
0.25822315
0.31837946
0.39694634
0.58259255
0.5965204
0.60973954
0.6734371
0.24472412
0.20947728
0.20498231
0.30816352
0.57094586
0.4936619
0.53828555
0.26485664
0.25391132
0.32993278
0.29673722
0.5838684
0.6496476
0.4992209
0.39754182
0.26824045
0.22313227
0.28663516
0.34453157
0.23183255
0.21677744
0.25417504
0.5860572
0.66464406
0.57865745
0.2558279
0.28294346
0.4325804
0.5105187
0.5364762
0.20676076
0.18455942
0.24072774
0.78883135
0.6889484
0.7136394
0.8123315
0.7496358
0.8593944
0.8737712
0.86552984
0.17011014
0.10964845
0.091868415
0.091431364
0.10636856
0.15018222
0.23711307
0.37198824
0.64301467
0.73103493
0.7597973
0.746579

