0.7606739
0.7913265
0.8191817
0.8878476
0.83922124
0.8234585
0.87539715
0.7165877
0.3165114
0.3082687
0.29972583
0.28206328
0.25631937
0.52013063
0.27623457
0.21501553
0.22110456
0.32240805
0.21700116
0.24217187
0.60140806
0.57997596
0.3024588
0.36076975
0.27854794
0.33851266
0.29537624
0.28273514
0.28566808
0.83581984
0.82095844
0.62047535
0.23480321
0.15690936
0.13640343
0.13422988
0.24128011
0.189271
0.2597436
0.85899687
0.25708127
0.119983755
0.1103801
0.1936109
0.13026734
0.20717525
0.19888033
0.16271926
0.74844164
0.15029429
0.21406639
0.18591414
0.89701825
0.17807332
0.07010365
0.05616305
0.056306206
0.072120436
0.061248627
0.059843667
0.055882353
0.053912576
0.054572847
0.061321583
0.08443549
0.84848833
0.091286965
0.076899104
0.114677034
0.1262675
0.88442045
0.9130751
0.918996
0.9194958
0.9213893
0.90487105
0.9315426
0.9349874
0.9144763
0.083721705
0.053876616
0.042449545
0.040978428
0.041573018
0.042915024
0.0471801
0.05788018
0.08813534
0.8850942
0.88241357
0.15587148
0.1489169
0.81911856
0.8272451
0.8425766
0.8941847
0.7720236
0.16363649
0.16664195
0.86315507
0.8949732
0.8644694
0.920106
0.92451155
0.88211477
0.16026416
0.07361584
0.06593561
0.05399802
0.052217357
0.06407964
0.08345587
0.083796464
0.11887177
0.14680588
0.6555708
0.15805468
0.18389894
0.19808556
0.1985025
0.84725046
0.6712626
0.63020015
0.20459333
0.16318801
0.19932178
0.17147958
0.22589171
0.22615308
0.85301375
0.74543434
0.76349354
0.7788744
0.8846292
0.887445
0.7816675
0.8514994
0.29490966
0.19661963
0.18327516
0.20148169
0.8573595
0.85526276
0.22819847
0.21654388
0.33728698
0.38978317
0.6478696
0.84124774
0.15798703
0.12861618
0.18605128
0.28220484
0.88914734
0.89717025
0.8917014
0.20237343
0.14688048
0.12981392
0.80732733
0.7826467
0.78364605
0.7565052
0.12863874
0.14166224
0.11712514
0.81057703
0.8991091
0.7701322
0.2678331
0.19477919
0.11567082
0.13155259
0.64411545
0.62117463
0.19674842
0.16764493
0.13525848
0.15550159
0.8652429
0.87652135
0.80003273
0.8092836
0.8884
0.88749593
0.7779762
0.84727216
0.23484445
0.21264222
0.32886648
0.3749288
0.416351
0.85242945
0.7021844
0.7020285
0.8435214
0.17818224
0.1532118
0.13655694
0.8018148
0.8884593
0.79610455
0.8867514
0.763088
0.19538528
0.22334051
0.17557724
0.7795408
0.8944149
0.8893059
0.3479115
0.20680992
0.17199448
0.14398506
0.16321588
0.5773961
0.70022225
0.85323143
0.6687737
0.22162205
0.20336278
0.112132706
0.1027358
0.13548702
0.890794
0.89708644
0.764875
0.9002262
0.10389721
0.066296995
0.06945238
0.08179747
0.051072743
0.050144475
0.066581145
0.06595412
0.10334729
0.8747432
0.85842305
0.9277485
0.9260922
0.87498254
0.14970987
0.12972173
0.79329145
0.09274884
0.061403085
0.0565438
0.06572997
0.06914205
0.083763435
0.12013915
0.7453259
0.8834641
0.1342046
0.11696352
0.12963505
0.17542371
0.31250212
0.8737772
0.8842083
0.88256407
0.77430487
0.73922956
0.86547375
0.8780092
0.8692724
0.7534468
0.8559405
0.74359536
0.6958301
0.16682966
0.10882676
0.1449012
0.087017775
0.086165994
0.07859307
0.10927112
0.8723872
0.30014244
0.21705511
0.87071866
0.11247229
0.062339786
0.056646693
0.071665265
0.13931511
0.9006947
0.9014231
0.89717275
0.8924421
0.1232963
0.09673902
0.06555822
0.085626155
0.13155492
0.7763803
0.14689426
0.18884686
0.8526877
0.1565032
0.14715165
0.26312074
0.87770456
0.13548592
0.115438014
0.08945344
0.08612004
0.090237804
0.09664639
0.12372501
0.2576023
0.6538653
0.41966718
0.31577286
0.15342222
0.1180086
0.14249335
0.12925917
0.15886103
0.8707125
0.7226493
0.73231506
0.7622828
0.10896007
0.07461291
0.07433075
0.114898115
0.17362486
0.10437959
0.06764983
0.06016498
0.0657426
0.06497765
0.07542473
0.14819077
0.89573133
0.903002
0.8418269
0.90480685
0.9093687
0.90906703
0.8234993
0.9102857
0.83529246
0.084342055
0.05821933
0.058752853
0.104702815
0.099678464
0.09762308
0.19509903
0.19234055
0.26658714
0.67528456
0.14076452
0.12010507
0.13246226
0.19966336
0.23140329
0.23026045
0.58789927
0.4436077
0.36091477
0.2281067
0.2594747
0.24466203
0.8160011
0.22692548
0.1970768
0.22218853
0.8215356
0.20968786
0.16097726
0.18264596
0.736868
0.7349434
0.745259
0.87821436
0.89020646
0.8398863
0.8847532
0.8251545
0.8793518
0.81737876
0.8219617
0.8835965
0.89142674
0.89357686
0.8889774
0.8119775
0.8796143
0.82870495
0.81909776
0.887107
0.8322891
0.8937516
0.8125151
0.7583744
0.16348466
0.13820778
0.16312441
0.8478514
0.13953798
0.106324166
0.10712302
0.13661933
0.15780279
0.37208104
0.8720965
0.72214484
0.6476504
0.59488183
0.23617792
0.17016368
0.16472526
0.80077595
0.889239
0.89648193
0.8268258
0.8952369
0.8967906
0.80612594
0.727791
0.69889724
0.6557316
0.22005785
0.202063
0.37311718
0.85738873
0.73420876
0.64111316
0.5271257
0.24582313
0.19367252
0.19801033
0.7282032
0.8640692
0.77542895
0.88068897
0.8783834
0.69464433
0.23332442
0.18333842
0.13792786
0.14770049
0.7737681
0.78804934
0.8918935
0.8741877
0.23648974
0.22273609
0.31429222
0.41063336
0.7462326
0.87970257
0.88579386
0.79290783
0.8665429
0.7525475
0.6628675
0.19612944
0.15821253
0.18744418
0.8742565
0.8966474
0.897042
0.88160014
0.17513973
0.14359514
0.16120453
0.62921363
0.6452584
0.14758351
0.14328527
0.16010198
0.09771981
0.105630115
0.7547454
0.8918269
0.78525525
0.90137756
0.9171255
0.09506969
0.060956478
0.054733697
0.07169906
0.055683166
0.055429816
0.072502464
0.061397225
0.07056685
0.064869195
0.084407
0.83150375
0.092360914
0.07578249
0.09194836
0.88292277
0.8621451
0.9029747
0.9055301
0.9285201
0.92127675
0.11929882
0.079065375
0.09792387
0.8216793
0.09096486
0.07606263
0.07562228
0.07489189
0.114366986
0.82074225
0.111610495
0.098348305
0.08623201
0.07058614
0.07927663
0.1190366
0.7982803
0.8934702
0.76974326
0.7370062
0.8501131
0.15431848
0.1342248
0.17970349
0.25114432
0.22489676
0.56575435
0.556351
0.5649533
0.670055
0.84662974
0.82767975
0.2693437
0.29665154
0.21408612
0.23763962
0.2418606
0.2223347
0.30076855
0.3618118
0.6042023
0.85931957
0.8742595
0.8707052
0.2079439
0.15625504
0.122067936
0.19937633
0.19943096
0.11320216
0.13805059
0.7744608
0.10484386
0.11014044
0.06429951
0.056498952
0.056716222
0.07114701
0.05985865
0.058193058
0.06793084
0.059158314
0.05925539
0.05918651
0.04775676
0.04557314
0.049165532
0.06249886
0.18998219
0.9298179
0.91411227
0.9333823
0.09718399
0.054557793
0.0444343
0.04093791
0.041410457
0.044961486
0.04866159
0.058141176
0.09738174
0.8899763
0.76009804
0.91537637
0.9143712
0.81739134
0.09757311
0.072905265
0.09227148
0.78690124
0.08273734
0.06048811
0.061200377
0.091732986
0.15121865
0.89123416
0.08905797
0.055138193
0.04613257
0.046453487
0.05381847
0.08591958
0.91916835
0.94530165
0.93293756
0.08932715
0.054673184
0.046768814
0.048171304
0.058356073
0.09409651
0.8649383
0.11038973
0.078606576
0.063941814
0.06762335
0.10319843
0.8596952
0.86483043
0.09985039
0.06534394
0.06974884
0.06577592
0.063131005
0.08114987
0.07554693
0.07214108
0.09622989
0.11563048
0.13533442
0.86915827
0.66667926
0.31730416
0.25913557
0.7956153
0.23509651
0.19945125
0.17916477
0.28433904
0.2992709
0.1469289
0.14056395
0.26241097
0.15745573
0.13653232
0.19570841
0.21780314
0.21079493
0.30764046
0.24357376
0.30395108
0.255188
0.29966965
0.7820218
0.8333325
0.84718966
0.8223114
0.6944833
0.6361891
0.6129615
0.57336384
0.3434286
0.2811988
0.28796583
0.41980648
0.7886207
0.81705076
0.81344014
0.19096735
0.13634011
0.1291001
0.17403312
0.8504471
0.85857517
0.77881026
0.8625912
0.86471766
0.7894177
0.8603972
0.8598314
0.7750645
0.838731
0.81120646
0.25512177
0.1925324
0.18245232
0.2491242
0.7819162
0.7641747
0.4272899
0.24387439
0.2566978
0.22880794
0.26393816
0.2572895
0.3724275
0.54011667
0.6651741
0.80515337
0.7694364
0.42583182
0.453916
0.5954503
0.75524884
0.29234156
0.19045295
0.23242745
0.21622534
0.6670958
0.1456427
0.08893387
0.071918175
0.08913856
0.0851679
0.11602838
0.06283204
0.051031634
0.047505133
0.054149095
0.061849672
0.077371605
0.91103005
0.93910766
0.93749064
0.12862198
0.12161985
0.099009365
0.056401744
0.047851272
0.049816385
0.060880072
0.056091055
0.06339508
0.07369119
0.08885733
0.1806934
0.9052642
0.8956943
0.90731204
0.2053287
0.09835511
0.10074803
0.16092767
0.87643844
0.09963862
0.0686696
0.056574572
0.061143223
0.09199338
0.89352363
0.8178249
0.84943247
0.24953704
0.17900868
0.13306461
0.08839212
0.102545686
0.8699764
0.85519564
0.9018813
0.8559012
0.89834815
0.8977245
0.8441431
0.8276557
0.8480849
0.8928101
0.8980762
0.85509855
0.9047678
0.8696138
0.9162734
0.91638035
0.11067114
0.06645311
0.07208365
0.089780085
0.12005981
0.8229465
0.09536736
0.07173473
0.07200246
0.13080807
0.11344845
0.16381921
0.08819718
0.09212924
0.10480279
0.09180256
0.09069738
0.09981458
0.08613892
0.10112632
0.17853792
0.6727737
0.8688487
0.8686984
0.7711826
0.8738275
0.87283903
0.87976336
0.11798512
0.078397885
0.08040247
0.14657895
0.16025594
0.12341699
0.8142024
0.904875
0.9149385
0.90798396
0.7917927
0.2106135
0.15022309
0.11926083
0.093341246
0.09849512
0.12922788
0.6476594
0.8256956
0.67506343
0.6715162
0.77605593
0.6570928
0.6746109
0.82530653
0.83410823
0.68026686
0.35211644
0.34750944
0.2999566
0.17222299
0.12315833
0.18832107
0.17440063
0.8639838
0.79974043
0.8927677
0.889274
0.77753186
0.77729243
0.8811626
0.8772641
0.15511735
0.1417284
0.12946145
0.2157226
0.18988621
0.21465264
0.28239816
0.20874731
0.32161185
0.36319166
0.3742997
0.41701448
0.8549589
0.8071658

