0.6900417
0.6874958
0.21554306
0.25519055
0.11634782
0.09365193
0.10177386
0.09223436
0.12130431
0.15371345
0.7358262
0.69371486
0.674019
0.6938579
0.73967427
0.8963589
0.112252034
0.07362149
0.070985354
0.1296813
0.07653165
0.08363374
0.12872675
0.14572313
0.7453743
0.86758536
0.68429214
0.19331636
0.108790174
0.09356106
0.10524223
0.21328177
0.1698979
0.7579748
0.7917588
0.89681834
0.73774385
0.18609145
0.13351831
0.09580113
0.09672228
0.12082897
0.22892909
0.61905235
0.59681106
0.19990507
0.22304292
0.190415
0.2893823
0.16435805
0.15343255
0.16102818
0.3354052
0.34984493
0.2382334
0.32339323
0.24267207
0.36147943
0.35081553
0.23884597
0.1565401
0.16103683
0.16490808
0.26107606
0.30882314
0.40653795
0.3459065
0.21496627
0.19209127
0.22500359
0.5993485
0.5845658
0.40532488
0.28720212
0.3369908
0.2568003
0.29084572
0.31433252
0.56132543
0.25764444
0.30972052
0.19895113
0.19101484
0.22497074
0.21535131
0.17119345
0.15896358
0.21094182
0.18682377
0.22360995
0.20090608
0.28612888
0.1806529
0.16496097
0.21400884
0.19363965
0.23456226
0.23314615
0.35746402
0.58129424
0.54043907
0.35499677
0.5446204
0.346986
0.22793536
0.30649647
0.19134198
0.17731036
0.28187144
0.18057585
0.23434165
0.24043253
0.27863723
0.16349865
0.19693944
0.1690907
0.23760559
0.14781217
0.14574508
0.16680557
0.6166174
0.20416756
0.28267062
0.1919518
0.31221017
0.6760262
0.2401567
0.12461604
0.120344974
0.106313474
0.16313562
0.12303151
0.19512245
0.16025275
0.8836408
0.7593058
0.11992534
0.076001614
0.094576195
0.11326935
0.9002562
0.9151497
0.2242069
0.16478953
0.13300689
0.11717531
0.110640705
0.10845283
0.108187966
0.10840457
0.108107634
0.10902312
0.114883415
0.12399205
0.12399893
0.87229824
0.90499276
0.88387704
0.8865267
0.90360373
0.9025989
0.8765125
0.9010009
0.8752791
0.8830414
0.912446
0.87936443
0.8757943
0.90800524
0.08748056
0.05702193
0.051634178
0.07538697
0.09590261
0.9052764
0.9134895
0.92530227
0.14910536
0.069858104
0.054686584
0.073974155
0.110640846
0.90004677
0.18882884
0.08475737
0.06920904
0.06879872
0.07274427
0.07614407
0.077847965
0.07794945
0.077696316
0.079542816
0.08613118
0.100880116
0.13728385
0.9047461
0.9072593
0.11338555
0.08138586
0.08945777
0.15287526
0.77404934
0.8721966
0.7492024
0.8542723
0.16646157
0.13491309
0.10230346
0.13419405
0.123627946
0.23877603
0.1610168
0.23714876
0.5934544
0.25689033
0.21106584
0.24613756
0.24230082
0.74131364
0.18741147
0.1459852
0.149623
0.21703835
0.23134905
0.20287775
0.22233824
0.33706227
0.649948
0.29839155
0.34098908
0.23842263
0.24024713
0.19337745
0.17324188
0.2322767
0.23287874
0.30456588
0.51621324
0.3458134
0.5844726
0.6399577
0.3489696
0.27177233
0.35061476
0.2546549
0.34533596
0.2267468
0.18797365
0.2425165
0.21379147
0.3379908
0.23838478
0.34333
0.2435086
0.22791773
0.38485974
0.3808729
0.21877125
0.20459202
0.26503137
0.25818655
0.5671498
0.3926175
0.24196818
0.20179908
0.25328827
0.23754597
0.35901102
0.60835946
0.66284233
0.25244397
0.1934781
0.17734581
0.2536545
0.29700625
0.36202437
0.21097425
0.17338628
0.15399466
0.2009738
0.34255874
0.29900226
0.2745378
0.20067748
0.24483281
0.19270353
0.25576404
0.24730067
0.1743989
0.14048614
0.15531558
0.23747918
0.24795786
0.44937184
0.46717557

