0.19572304
0.14424115
0.23971437
0.14190131
0.10108478
0.11225349
0.099831864
0.18327834
0.7644382
0.11157709
0.09846991
0.13423967
0.8361964
0.90372026
0.7870801
0.77913475
0.75937754
0.7875963
0.098705076
0.076821156
0.110814475
0.8155897
0.13120085
0.10647993
0.16569224
0.10985308
0.19170159
0.14967783
0.13055517
0.19407313
0.6458642
0.6621475
0.64112884
0.636201
0.6369166
0.6387425
0.6413964
0.64440227
0.33830568
0.20697969
0.23394564
0.21954581
0.40328455
0.63831395
0.32212365
0.14443351
0.10421418
0.111390986
0.22011414
0.16971074
0.6382375
0.6326533
0.67091626
0.7091752
0.8820699
0.7552159
0.11098548
0.0999646
0.07718415
0.078334756
0.0865232
0.13719602
0.1604531
0.30518302
0.18646121
0.64262587
0.2071778
0.14390372
0.1479727
0.64189655
0.16463041
0.12122074
0.1375068
0.702467
0.7184895
0.23084241
0.11251601
0.11596788
0.72526854
0.13008672
0.13160029
0.8051035
0.77032095
0.80544686
0.79977894
0.80279773
0.81262493
0.8338352
0.8316387
0.82596225
0.13893439
0.13493949
0.8056791
0.790285
0.10579303
0.08954248
0.13166878
0.7907448
0.757552
0.108612455
0.089383684
0.116042785
0.72785115
0.7174493
0.14423315
0.13827285
0.22425525
0.6867769
0.17926742
0.18827121
0.1731452
0.7182869
0.8718379
0.7479342
0.678904
0.65419513
0.64888376
0.6651843
0.63590443
0.6295544
0.6397664
0.68763804
0.86576307
0.88680136
0.13265088
0.08581974
0.088344924
0.07872406
0.08519768
0.16731931
0.8343915
0.91419995
0.77848464
0.8076102
0.09030001
0.06281877
0.05173052
0.055552315
0.06385164
0.09763347
0.8877314
0.8896792
0.29596308
0.8300202
0.17116636
0.1661596
0.8665454
0.84806985
0.8483
0.84506994
0.83322734
0.8335367
0.12373708
0.11719229
0.76475656
0.20934081
0.81170166
0.81827825
0.08981236
0.065609045
0.08483075
0.07036918
0.103524275
0.07475618
0.07214404
0.09122016
0.06394773
0.06462956
0.08339835
0.7453198
0.70221776
0.11698657
0.112433024
0.13267924
0.84221584
0.8052894
0.7985628
0.78724396
0.7731498
0.76473796
0.77183914
0.76059306
0.7331674
0.7063589
0.714612
0.13520454
0.08701787
0.096089326
0.24856465
0.90113556
0.83319443
0.8546779
0.13487868
0.07357027
0.07534582
0.14061557
0.18833172
0.21609586
0.17302111
0.8708736
0.8700265
0.17233232
0.14940546
0.691775
0.1347583
0.15304357
0.123461165
0.17953904
0.09368553
0.07138891
0.061592087
0.057827976
0.067637265
0.07267497
0.10089816
0.8276449
0.13220885
0.14646927
0.85413957
0.85221606
0.9004053
0.4384069
0.27755696
0.8669353
0.2503872
0.13796988
0.08544107
0.069819584
0.062711075
0.07058629
0.09237815
0.17652896
0.8740223
0.7520213
0.85794276
0.70033383
0.21315749
0.13791369
0.12785122
0.22538818
0.16548179
0.18560907
0.55684704
0.66540027
0.8077053
0.65927345
0.36200625
0.2777097
0.1666952
0.18606354
0.23097265
0.7239757
0.7412761
0.767527
0.7838028
0.8119885
0.87761956
0.8230783
0.8236247
0.8798767
0.8205995
0.7908084
0.76775396
0.71679664
0.59205294
0.38158727
0.2511637
0.28387594
0.34494856
0.68260753
0.7698507
0.8743873
0.8539534
0.37779275
0.2649021
0.32467002
0.28093362
0.33435902
0.6810717
0.7531991
0.87154204
0.8872716
0.8913898
0.8891829
0.84101117
0.8792563
0.8219906
0.8001843
0.79162633
0.7832942
0.77347344
0.8096239
0.8774054
0.8841523
0.8266461
0.804876
0.8000142
0.8011893
0.8168414
0.88354576
0.86172855
0.82193476

