0.8800531
0.9021026
0.73454654
0.25317192
0.16279538
0.17544153
0.24307716
0.33123437
0.39907444
0.7300081
0.88855803
0.88790345
0.703184
0.68683845
0.7670896
0.1330586
0.08392785
0.051421
0.04592716
0.049688313
0.061855596
0.07903023
0.062102165
0.07840138
0.8873033
0.86370724
0.9368758
0.93597203
0.087922774
0.054102503
0.04744808
0.043736864
0.044691946
0.054344963
0.07611561
0.14854805
0.15491469
0.095692225
0.09644041
0.15197909
0.116481304
0.105049215
0.20588869
0.8386097
0.838165
0.90280175
0.9026741
0.8306567
0.8927677
0.8134543
0.8093796
0.80069065
0.7746929
0.19584677
0.1568709
0.2787556
0.8645388
0.16683082
0.09967816
0.11297677
0.664728
0.6993465
0.13805126
0.16222447
0.15386148
0.12436725
0.78114575
0.81387854
0.094939925
0.066109955
0.05513873
0.047927514
0.047614004
0.044631537
0.04614465
0.054903403
0.09882995
0.20311514
0.9117662
0.90496
0.9145797
0.9096595
0.9333942
0.9055857
0.09713383
0.060115367
0.04875571
0.054535165
0.080313675
0.8090658
0.12832336
0.09315009
0.12926881
0.13928297
0.121464856
0.7483271
0.6809791
0.13161202
0.12611365
0.12929447
0.12778495
0.7861564
0.8011036
0.8955701
0.8940956
0.78046364
0.7409863
0.7381597
0.7692808
0.86987513
0.8093593
0.88902247
0.88844246
0.7521275
0.26627693
0.20289306
0.14830075
0.14235507
0.17645179
0.32036442
0.82336897
0.6482304
0.645594
0.809113
0.6451163
0.25361064
0.32832775
0.6574908
0.68179303
0.20919025
0.21684243
0.1409491
0.15494324
0.08708849
0.06113441
0.064474046
0.08873977
0.7735772
0.08220049
0.06245391
0.071259715
0.070142075
0.09702168
0.11450135
0.12825021
0.91757077
0.9420839
0.9286431
0.14101148
0.074973166
0.06436523
0.07500128
0.05890741
0.04956828
0.053398997
0.049632054
0.053882748
0.071520396
0.11954662
0.12664318
0.17814311
0.1765607
0.25290018
0.7015206
0.65112597
0.2583937
0.22700794
0.6209982
0.64182514
0.66982955
0.7327978
0.76339763
0.7785882
0.7857464
0.7838251
0.7658547
0.7799975
0.7720609
0.79434025
0.8055285
0.81134087
0.81560844
0.82029057
0.8335173
0.8852774
0.83582675
0.81256586
0.78500783
0.778378
0.7989914
0.8757705
0.83155537
0.82112604
0.82978815
0.8820938
0.82940763
0.8126763
0.8092376
0.8079831
0.81660163
0.8774745
0.7611605
0.6532502
0.2637711
0.25307673
0.3837781
0.5974068
0.8701148
0.74495894
0.3184351
0.2997094
0.21576338
0.15292482
0.17586216
0.8396035
0.32211006
0.30737635
0.6487853
0.29081714
0.8362159
0.13294764
0.118008874
0.11631965
0.22880332
0.84123015
0.8969215
0.80325514
0.79850584
0.9082398
0.91531503
0.804763
0.8576842
0.09865329
0.068271756
0.06712843
0.049806867
0.044687405
0.047233056
0.048591696
0.049298663
0.05134198
0.056594927
0.06941142
0.87951404
0.8985818
0.9121713
0.9246439
0.9276174
0.9313683
0.9328714
0.90533036
0.093201175
0.08655196
0.08708066
0.09008647
0.08826016
0.07654812
0.057722945
0.07471346
0.0793461
0.107163616
0.11673532
0.11971297
0.1107036
0.09648396
0.81724006
0.19025266
0.15544288
0.22684619
0.895103
0.91763407
0.92234653
0.9129501
0.3763525
0.24572311
0.17925857
0.73935455
0.12723736
0.13219932
0.18041986
0.8735669
0.8929292
0.90196913
0.89894676
0.8293839
0.8939706
0.8941497
0.7974332
0.7677525
0.71220386
0.24360083
0.20015205
0.23187736
0.13540216
0.1316487
0.27128842
0.34880823
0.5798572
0.18623817
0.18319364
0.30014044
0.31920913
0.48469058
0.6089219
0.5835221
0.3048245
0.252133
0.21515718
0.2461174
0.5434352
0.68872803
0.7376549
0.788559
0.7655823

