0.7815878
0.82426643
0.82188106
0.8266358
0.83167416
0.8818834
0.7836856
0.8644672
0.72138584
0.27674425
0.26725793
0.24990396
0.19723006
0.26063463
0.58837855
0.18224476
0.15125187
0.1367231
0.2028109
0.16350882
0.15991734
0.30612627
0.17003022
0.19266953
0.627362
0.17876959
0.15267733
0.19032963
0.6842573
0.6812719
0.8401545
0.2233044
0.29618183
0.18541071
0.76694
0.16006167
0.2239808
0.17746948
0.07600195
0.057606954
0.061287172
0.074571006
0.076573916
0.074964285
0.13542804
0.15478347
0.8448747
0.11189791
0.11475433
0.11739486
0.84645027
0.1638849
0.11121651
0.13774295
0.86905956
0.12901515
0.070548885
0.069852814
0.10252258
0.8614123
0.08640779
0.058585305
0.056473237
0.071773805
0.8828782
0.89807856
0.91030115
0.9307907
0.098679155
0.061490376
0.06171065
0.096380055
0.86959535
0.08497474
0.056346055
0.052486446
0.06613731
0.1039131
0.10959167
0.073481224
0.05708754
0.06417723
0.06906508
0.07349045
0.0807089
0.091289595
0.19726236
0.91847664
0.9286611
0.17105806
0.077068575
0.06277349
0.06174843
0.08508762
0.09120911
0.078276075
0.09354409
0.13068059
0.15217291
0.8757156
0.72766775
0.14147374
0.100926384
0.0921617
0.106225654
0.19378173
0.16424365
0.20934446
0.126885
0.18798718
0.15248679
0.16879366
0.2525115
0.7905375
0.77192694
0.74885994
0.7954801
0.89208025
0.9008499
0.8503702
0.85470635
0.9027603
0.817934
0.27016836
0.25090018
0.20693862
0.1485889
0.12330703
0.17042251
0.73722816
0.71035093
0.8598396
0.31775153
0.18958342
0.57132375
0.21650918
0.14164957
0.16774474
0.8841913
0.89685434
0.78764653
0.7356021
0.13720238
0.123430625
0.18029784
0.83938676
0.24653818
0.30583385
0.8819998
0.21779147
0.0879313
0.058220085
0.05190782
0.049092155
0.05511455
0.07670137
0.069317
0.09214665
0.88077486
0.924768
0.86351645
0.833634
0.91391844
0.103554755
0.06470443
0.06480777
0.05640386
0.06547265
0.080229014
0.07842364
0.08487
0.11711712
0.74047214
0.8830085
0.7642976
0.775756
0.87904054
0.7033548
0.15919356
0.13994864
0.103189744
0.10351484
0.122658856
0.19465446
0.60632807
0.6164437
0.61982864
0.60129696
0.21040498
0.16537015
0.14408554
0.12573189
0.15583108
0.24076171
0.7930462
0.8925945
0.7952795
0.8859721
0.74429774
0.70328265
0.73520416
0.08707727
0.059024654
0.060563028
0.08534018
0.81188434
0.78865916
0.0999368
0.079409465
0.10415627
0.8703811
0.89308935
0.110634916
0.07787575
0.04683895
0.042520236
0.04451069
0.05640805
0.06124904
0.09011339
0.9156281
0.94252455
0.94407344
0.92176044
0.09294822
0.06131288
0.061424352
0.08656403
0.8288128
0.09057346
0.07019832
0.08161602
0.12394569
0.8851484
0.22544867
0.110537544
0.11669081
0.7592171
0.7813524
0.10061655
0.077870384
0.0838063
0.123503976
0.8891227
0.75222164
0.16406319
0.10015172
0.08152657
0.10617738
0.19850081
0.23161463
0.17222759
0.14117175
0.15256786
0.66014016
0.6724305
0.1578214
0.1390638
0.15205131
0.11987816
0.10846526
0.13877185
0.20076856
0.7595443
0.27367908
0.513888
0.26606092
0.53708565
0.37060958
0.29273042
0.38796195
0.3928241
0.3018233
0.5885332
0.6117268
0.1457246
0.11458464
0.11950416
0.23604757
0.8827606
0.8952577
0.24523759
0.09592715
0.08111786
0.112463355
0.1630355
0.84716195
0.1613338
0.15257524
0.864279
0.83063453
0.8470264
0.8614983
0.90864253
0.8324948
0.8982841
0.11729503
0.084346324
0.12008842
0.118599325
0.079573736
0.084963806
0.12181848
0.74169767
0.8664459
0.283054
0.16217722
0.17107016
0.16303751
0.5237122
0.75124896
0.8835953
0.89732647
0.8573407
0.88065374

