0.58929384
0.27351403
0.22150202
0.2662919
0.8755865
0.89308757
0.79296726
0.878156
0.69242626
0.15886222
0.12670612
0.16100003
0.301515
0.25670412
0.3697613
0.50138193
0.8708943
0.8761269
0.67406905
0.30193236
0.26309457
0.21216092
0.30958864
0.25911114
0.8542095
0.67486054
0.19544314
0.118976116
0.11817256
0.09869205
0.104840964
0.82558346
0.9070038
0.90701354
0.89993167
0.1584158
0.12179219
0.21018527
0.1363446
0.18155484
0.83900577
0.67213106
0.64192355
0.80294305
0.22662964
0.19241612
0.24263619
0.87053543
0.8800324
0.7327359
0.14711627
0.12586488
0.1590289
0.877432
0.8784201
0.7101859
0.7555688
0.115075774
0.075484164
0.08372881
0.07825986
0.062843844
0.062965065
0.10404687
0.08952897
0.8604359
0.8500123
0.9241741
0.9216705
0.10286158
0.076962955
0.066960685
0.0933472
0.14580896
0.15290938
0.10058719
0.111205295
0.700495
0.7088752
0.16779144
0.12690905
0.0966262
0.06422178
0.06704498
0.05648538
0.06798461
0.07277899
0.108191945
0.87365544
0.86304986
0.9191732
0.9244506
0.9263403
0.92554605
0.8440703
0.08938562
0.06517793
0.0867802
0.073767945
0.11208636
0.09009221
0.13396542
0.11604223
0.18775974
0.663231
0.7222445
0.87610203
0.8977222
0.123980045
0.08452967
0.07319286
0.07467461
0.11415333
0.78189075
0.09426551
0.07711208
0.09594261
0.14275213
0.13412248
0.07615099
0.07914767
0.057007443
0.061765667
0.08493444
0.7843418
0.8069374
0.087891996
0.06186057
0.063780256
0.10037626
0.86956245
0.7762791
0.8486121
0.13254066
0.13079964
0.8298765
0.08020635
0.05132591
0.04494678
0.04726816
0.058337323
0.1417147
0.9267861
0.9449392
0.937857
0.16023126
0.06202443
0.047212433
0.048633985
0.0573008
0.08618983
0.8533498
0.13038574
0.11176282
0.8070232
0.8303759
0.9241039
0.9235361
0.8420723
0.10651988
0.06747594
0.06833133
0.09782232
0.8135584
0.9041474
0.10073949
0.07039843
0.079631224
0.116464145
0.17156053
0.8725029
0.21957353
0.20081675
0.25233254
0.19415687
0.19843319
0.6002872
0.1317699
0.11208084
0.1123453
0.13045402
0.2094
0.8752
0.88728267
0.8964914
0.89451724
0.87874264
0.70424426
0.6086959
0.5733399
0.16431136
0.13607824
0.15675208
0.7348658
0.86730814
0.684316
0.627246
0.15018095
0.13420494
0.15446831
0.58588165
0.19214433
0.17258707
0.17166938
0.21669452
0.22891462
0.20267467
0.3854693
0.90911514
0.9263096
0.10652421
0.0584206
0.04417263
0.041670408
0.042847335
0.041961603
0.042214066
0.04600425
0.056587014
0.123495854
0.9284383
0.94299734
0.9426062
0.10012864
0.052313257
0.040607896
0.03901581
0.040005207
0.04664156
0.063546196
0.071925364
0.9006845
0.9237128
0.93735707
0.9434662
0.9357011
0.08931428
0.06402517
0.068599254
0.05599811
0.06116328
0.04697706
0.053165793
0.08062188
0.10413221
0.08596424
0.07251674
0.05399543
0.049830332
0.04986031
0.051409554
0.05828603
0.077043116
0.11441284
0.81629837
0.9137544
0.76355267
0.13624486
0.0944166
0.1081545
0.13650085
0.21266069
0.23379621
0.19753364
0.09223359
0.096587345
0.09547515
0.74672264
0.8886601
0.7753268
0.905268
0.098318495
0.058352176
0.049416102
0.05080879
0.06084696
0.09900391
0.116755605
0.8671881
0.51632506
0.8147719
0.82899106
0.835747
0.8893406
0.80826604
0.87122995
0.7585402
0.71495044
0.43692723
0.8466934
0.15619564
0.13144718
0.08438456
0.080749966
0.10886194
0.108119406
0.13655223
0.6189372
0.62918174
0.6664798
0.7507626
0.26706263
0.28353906
0.1767144
0.16653211
0.21178105
0.23530668
0.39428633
0.57990974
0.7378494
0.4032281
0.31665593
0.28027585
0.38202024
0.68527114
0.73260313

