0.787796
0.8319304
0.8311091
0.836555
0.8411498
0.884008
0.8061864
0.87772113
0.7968017
0.7246337
0.7284306
0.7158842
0.6599956
0.26624048
0.17852955
0.15446149
0.15563008
0.167504
0.6211803
0.21441638
0.18861677
0.32650334
0.16384885
0.166889
0.17526455
0.6128328
0.5693241
0.25059772
0.23921901
0.7413705
0.87154394
0.7694217
0.87425786
0.7254297
0.7018165
0.14758569
0.10557295
0.14286436
0.14476177
0.14570345
0.13485804
0.2088565
0.7936766
0.77471
0.8775645
0.38947412
0.2225445
0.32840112
0.3219409
0.2680544
0.63300467
0.65916187
0.6669871
0.6890982
0.8576806
0.7450603
0.7021818
0.66868305
0.16519634
0.11631303
0.12073121
0.20051801
0.71093446
0.7004892
0.72915554
0.74246216
0.74678636
0.7402892
0.7722286
0.90354
0.91583467
0.2064626
0.08840004
0.064903915
0.061161984
0.06854535
0.089279
0.10457047
0.72038555
0.630591
0.26643345
0.32063976
0.40973663
0.79759896
0.78971285
0.79918104
0.7597209
0.27126294
0.26284012
0.4120644
0.8726812
0.87751776
0.13809156
0.11932993
0.14845574
0.8908397
0.9039828
0.91108805
0.114923835
0.07626635
0.077851385
0.099225596
0.1034973
0.12591316
0.6946658
0.71038896
0.14618674
0.11255595
0.114550985
0.18839566
0.12186743
0.08240811
0.092707306
0.15313645
0.12503302
0.13242263
0.15678708
0.81368434
0.779615
0.7526094
0.797668
0.8951334
0.903106
0.84738046
0.8410124
0.8412135
0.8191117
0.36063755
0.24440642
0.1844039
0.123073764
0.097017646
0.11850835
0.7411021
0.72113883
0.8876798
0.20359552
0.09014084
0.08015251
0.10471861
0.08651133
0.116869204
0.90407205
0.9154301
0.8182092
0.7875896
0.09370981
0.069872044
0.086727455
0.103760794
0.114627324
0.17659415
0.88993657
0.15911168
0.10787747
0.082031764
0.061717324
0.060053725
0.090103485
0.09334531
0.0749293
0.095245495
0.8758542
0.9208166
0.8690736
0.84865874
0.9157893
0.19914915
0.085595705
0.08245104
0.078200236
0.06909229
0.07393034
0.11072758
0.10728578
0.16408458
0.7327895
0.89056665
0.89591
0.81152076
0.88120544
0.73063606
0.66495395
0.16388576
0.14682251
0.10606755
0.1018955
0.11101282
0.1461981
0.1324554
0.1460189
0.6975007
0.6812106
0.71159333
0.70418555
0.6354645
0.27334526
0.28943855
0.3924346
0.7331829
0.87036985
0.7823937
0.8694116
0.7267453
0.64574325
0.16836989
0.12524833
0.122228965
0.13834296
0.18542178
0.6130961
0.60157996
0.5691013
0.23348835
0.28697753
0.19157115
0.18962614
0.26927882
0.82707816
0.23051213
0.21279801
0.6573085
0.8501673
0.26332828
0.20694995
0.16243888
0.23786609
0.15224741
0.22825982
0.1500439
0.16604516
0.8733388
0.7088163
0.23737586
0.113659576
0.10393755
0.14471003
0.78591865
0.8805388
0.37338018
0.2847922
0.22956257
0.15177745
0.75672954
0.6740791
0.6541356
0.66279775
0.6972756
0.8821573
0.13254811
0.08699718
0.11576421
0.85055476
0.13409495
0.07119546
0.06527596
0.092790306
0.8922856
0.8832801
0.9100949
0.08395669
0.053575967
0.050683632
0.051537007
0.06925696
0.8882499
0.9088538
0.8880138
0.89429
0.102234796
0.081678666
0.12165009
0.8361346
0.1311313
0.11960933
0.867283
0.87505955
0.89837414
0.1693578
0.0878842
0.10634308
0.116425805
0.8171786
0.17079441
0.10975326
0.14523043
0.84403694
0.90901965
0.91571015
0.8494634
0.8283951
0.81727517
0.12184743
0.10771124
0.121250905
0.1750262
0.8920042
0.90369046
0.22281024
0.09818185
0.090384595
0.14079568
0.7055871
0.68905
0.15313628
0.1396426
0.12976114
0.10622283
0.15106466
0.1898101
0.2691621
0.23794779
0.7663864
0.24807227
0.26749888
0.7538857
0.34783465
0.20007725
0.1913295
0.23222983
0.2842535
0.83167815
0.83737344
0.6763661
0.6421489
0.62332845
0.6543973
0.75682425
0.87014323
0.88905084
0.85943085
0.874424

