0.8716703
0.875249
0.88833785
0.6682358
0.37863347
0.397475
0.43918046
0.4675858
0.73682934
0.87368685
0.7723386
0.74702483
0.8610724
0.23209795
0.1368129
0.100138694
0.10577122
0.16615732
0.1681912
0.8565422
0.20419265
0.23554602
0.7716528
0.10872111
0.088192
0.12467076
0.15699418
0.80038756
0.21254662
0.7871323
0.14139596
0.11005577
0.21750899
0.85216236
0.80202967
0.8199721
0.15435378
0.12765053
0.27026048
0.8576821
0.2729599
0.7754415
0.26244736
0.19767758
0.113229334
0.12953492
0.679608
0.32297146
0.2954777
0.85040766
0.7650211
0.766054
0.77622736
0.78661597
0.8746428
0.78589237
0.7189707
0.73277277
0.8069945
0.88688165
0.894151
0.8328251
0.830382
0.8899296
0.78181124
0.8851288
0.23906775
0.15192348
0.08585064
0.0994961
0.8263256
0.110803574
0.061937656
0.06038741
0.08690378
0.89951473
0.90209746
0.9395799
0.15667589
0.06403012
0.048183963
0.04792154
0.050027143
0.05918274
0.095694095
0.15816757
0.89173424
0.14244798
0.14734036
0.09332126
0.09579215
0.111735396
0.22027266
0.8622828
0.72869766
0.8663594
0.7382297
0.7083567
0.6945916
0.6692916
0.70451325
0.13168441
0.092337176
0.08568753
0.14813307
0.10447938
0.081287794
0.090407215
0.09821802
0.10847766
0.8181527
0.76510894
0.26707482
0.17184232
0.26373667
0.8775883
0.89893067
0.90419716
0.8399508
0.8943679
0.81392175
0.8350033
0.8867825
0.27715817
0.13596982
0.18201935
0.7747945
0.7029408
0.23063906
0.24602118
0.23001488
0.16757506
0.2521017
0.720701
0.76734394
0.8018162
0.88480157
0.81138265
0.79493266
0.88434535
0.8057447
0.76496404
0.7112274
0.6620707
0.1852093
0.12165181
0.1130446
0.1386136
0.6689962
0.6979167
0.1634644
0.10746968
0.11225641
0.11661999
0.12164074
0.77894515
0.09582169
0.07065114
0.08904719
0.06856554
0.06228404
0.079175726
0.07555298
0.12114092
0.89805144
0.8552629
0.8534802
0.82834595
0.78535825
0.8784022
0.11554795
0.092929006
0.15701316
0.29141876
0.888221
0.86708635
0.8653363
0.879074
0.8785468
0.8622591
0.8672589
0.10526648
0.07073526
0.062471222
0.08480329
0.8721252
0.7642825
0.80925757
0.91518176
0.82306445
0.08531171
0.05757762
0.063516304
0.07381706
0.13972117
0.7635777
0.7685615
0.09478587
0.082024656
0.086965814
0.12265173
0.14236927
0.16227221
0.21124467
0.87623024
0.83898634
0.8415808
0.11315929
0.08425653
0.084116
0.09906275
0.14234962
0.13671827
0.087166995
0.09350717
0.091824204
0.10934524
0.64819163
0.17672434
0.2730767
0.28534627
0.21374358
0.33039647
0.7289085
0.741699
0.7556892
0.7843472
0.8710786
0.79215354
0.7616755
0.8024515
0.8863577
0.89746386
0.8975665
0.8833601
0.27149805
0.19602479
0.16062666
0.12022293
0.14949366
0.1935021
0.15258855
0.74647975
0.75726926
0.9069486
0.9199397
0.92029566
0.8211394
0.15956499
0.07361477
0.06381817
0.053551625
0.06846294
0.054587856
0.0596991
0.08998532
0.8624903
0.8531124
0.10787849
0.10385384
0.09409233
0.08117444
0.13076824
0.88207656
0.8363783
0.86820024
0.87498224
0.9023617
0.86678267
0.8679037
0.8744157
0.9049134
0.8814273
0.90686613
0.8942132
0.14221689
0.14283329
0.10557202
0.28884307
0.8845211
0.9073148
0.913249
0.8814209
0.8644737
0.87583613
0.25042918
0.4115785
0.85611737
0.9023149
0.8787232
0.87180185
0.8534473
0.21580543
0.16529503
0.8578462
0.838262
0.8775987
0.89165044
0.8827341
0.92194235
0.12786326
0.06570035
0.058807842
0.0648312
0.08636448
0.07300573
0.07339985
0.07804406
0.08719481
0.8276663
0.79229426
0.17369336
0.09014883
0.08761304
0.08970263
0.08888241
0.13060962
0.09528782
0.10899852
0.120362066
0.13514417
0.18114243
0.13021035
0.18727852
0.16291271
0.2902046
0.84545726
0.7517847
0.84045327
0.683291
0.35867238
0.23828533
0.17872627
0.18757576
0.2796624
0.7369817
0.85723436

