0.7782837
0.8854801
0.836068
0.78419477
0.8825288
0.87494135
0.22096899
0.17397533
0.15953676
0.22923963
0.29719892
0.18111362
0.17842029
0.61111104
0.6011801
0.6414507
0.82113534
0.5983322
0.21343431
0.19587578
0.29609752
0.7374753
0.876482
0.88319254
0.7952472
0.83645797
0.41769916
0.41060483
0.34674725
0.288362
0.31132555
0.8274863
0.8091513
0.31069273
0.30472872
0.2696036
0.6133351
0.7922904
0.54776376
0.18726352
0.16987967
0.17255835
0.19188336
0.85503787
0.84873354
0.17464931
0.14013188
0.16393109
0.14967376
0.76427424
0.71502274
0.7066407
0.74011695
0.14171799
0.1800205
0.0734546
0.06440738
0.07606101
0.13153833
0.2036794
0.11727088
0.16952765
0.09674612
0.106483646
0.8117612
0.10669087
0.08600777
0.11224235
0.83594644
0.1535721
0.08662788
0.099216186
0.7769836
0.1288463
0.13551477
0.85852903
0.90876913
0.83419
0.8613411
0.9057637
0.28030664
0.16173412
0.77210134
0.10290527
0.09558149
0.16153032
0.8505297
0.13038473
0.11173302
0.13733307
0.87709826
0.89234054
0.80288374
0.7564136
0.7468452
0.7087708
0.71161234
0.7236796
0.7430091
0.78122425
0.7926901
0.77578706
0.89891046
0.09814557
0.060836226
0.05043594
0.059169002
0.061767157
0.096593775
0.9061064
0.92023546
0.15492284
0.12892191
0.11960654
0.8405383
0.078355365
0.052180152
0.047458388
0.05216822
0.073540285
0.90772784
0.941138
0.9448075
0.93576777
0.095868446
0.058771454
0.048643947
0.055830147
0.08765933
0.8570379
0.17385021
0.15819864
0.29166105
0.9041888
0.85869795
0.9172701
0.09159561
0.05653478
0.055693977
0.059797563
0.099207364
0.14541398
0.9138523
0.92275184
0.8552198
0.15146361
0.08297709
0.06942927
0.07649016
0.054176174
0.061405268
0.048651867
0.051336337
0.06252861
0.056993898
0.069066346
0.9062503
0.9202577
0.94549346
0.9250041
0.08336226
0.053481407
0.04885275
0.057931535
0.046916846
0.054117683
0.0623869
0.07345421
0.09728955
0.11261139
0.11397541
0.87245274
0.92295814
0.9210909
0.91422284
0.13378146
0.10872664
0.093378246
0.07345432
0.093073726
0.09395068
0.11562265
0.62394476
0.1262025
0.113945104
0.15090565
0.17974478
0.8612557
0.83717614
0.56168514
0.24234498
0.31864512
0.3124915
0.62081575
0.7961615
0.16794887
0.1227378
0.13471821
0.18070515
0.19543996
0.59589165
0.6197708
0.67907435
0.12445926
0.11285
0.09805739
0.14559689
0.10548632
0.096768364
0.104976214
0.06809297
0.069442764
0.11887683
0.9151911
0.8540522
0.09398361
0.05871945
0.046491552
0.044472504
0.04657658
0.05184854
0.051492658
0.06595906
0.8857242
0.9069684
0.9343022
0.93616873
0.8954487
0.8703518
0.89712846
0.075171165
0.051125947
0.050460123
0.067238845
0.05050267
0.056307625
0.09216715
0.10090574
0.061531227
0.055976674
0.0597593
0.086871736
0.13947368
0.71919787
0.7192318
0.19333419
0.122952856
0.101470515
0.1621522
0.15584527
0.7336288
0.89475
0.11215308
0.06997208
0.059928853
0.064933315
0.088111974
0.75223845
0.12946376
0.14219448
0.78590024
0.37936428
0.8030475
0.8845248
0.74623615
0.70372885
0.68814945
0.31362736
0.7240961
0.26272535
0.103129
0.076652884
0.07269938
0.08062434
0.09964094
0.14701465
0.86142284
0.7272775
0.84750974
0.1440305
0.12083344
0.14345711
0.7445212
0.84852266
0.15875736
0.16304372
0.1706873
0.85546637
0.76773274
0.87368083
0.7706394
0.847649
0.17884707
0.15884621
0.20341031
0.82749605
0.67287093
0.16759668
0.15346569
0.21371377
0.82360905
0.13962318
0.12558016
0.09623225
0.11334409
0.8145867
0.8816195
0.73167825
0.6827131
0.14467116
0.12727232
0.20123936
0.18242891
0.587135
0.6570658
0.79827553
0.66082597
0.16099273
0.20598699
0.13998088
0.17636567
0.3154276
0.8463533
0.69867694
0.72497743
0.8708935
0.86491126
0.34480968
0.29521215
0.1917269
0.14155777
0.099220105
0.091304444
0.097182475
0.108739085
0.17619678
0.88103026
0.9006989
0.83285

