0.64303124
0.2845126
0.1999155
0.19313282
0.23722987
0.23559467
0.62147903
0.6239648
0.7238163
0.8774408
0.8766779
0.68132484
0.19029422
0.13816664
0.15514135
0.21647981
0.2944587
0.25560862
0.28916374
0.23357658
0.8531064
0.8490317
0.27575958
0.20985346
0.7895331
0.8991808
0.8239784
0.09116573
0.07125538
0.06284913
0.057472456
0.06843498
0.08103672
0.05270221
0.050565902
0.047556013
0.04853932
0.055486668
0.0789566
0.88360256
0.92243284
0.15575609
0.13070913
0.12115866
0.8397854
0.08181669
0.060092065
0.06037518
0.075341836
0.1454411
0.91019124
0.93833226
0.94040906
0.9329675
0.1256481
0.07043912
0.08118698
0.09279051
0.10554093
0.8592221
0.17452659
0.15578791
0.29116762
0.9085281
0.874937
0.081464745
0.05231197
0.047405995
0.05511447
0.08436861
0.8917987
0.83919877
0.9152758
0.7821697
0.82267094
0.08725695
0.06286791
0.0627184
0.095549345
0.8895156
0.9217686
0.09802016
0.066942126
0.049333766
0.0534081
0.070886254
0.89817077
0.9168544
0.9417859
0.9192965
0.082558475
0.05241687
0.04647455
0.05718708
0.08402086
0.85745436
0.86491907
0.16132654
0.090932064
0.10843064
0.10078476
0.8523402
0.90808415
0.909756
0.8932449
0.17238097
0.15923913
0.80245125
0.8036045
0.8983011
0.102737285
0.07045138
0.07094897
0.09918785
0.15428895
0.14833295
0.20962681
0.22624865
0.1940725
0.8483529
0.67250615
0.17055547
0.20497833
0.1390408
0.17460027
0.24680418
0.16294134
0.11272799
0.09927045
0.114505105
0.15135409
0.13539602
0.10539041
0.13452819
0.18391459
0.12069178
0.10693302
0.115000494
0.075629316
0.082569875
0.104139544
0.79153764
0.8141639
0.096242405
0.061047137
0.048310872
0.04516586
0.044835627
0.045335222
0.05150617
0.067005776
0.8850023
0.90401274
0.93360853
0.93488884
0.88466674
0.8625965
0.891763
0.08187266
0.06361899
0.047765557
0.058045316
0.047641672
0.054521747
0.089322634
0.10098544
0.077357136
0.09564821
0.07809227
0.10560181
0.1613118
0.677802
0.6508699
0.22767523
0.17724645
0.20789333
0.17096691
0.29052913
0.7166354
0.88770455
0.13176171
0.08839933
0.070979536
0.061849408
0.05432988
0.054911375
0.06325078
0.094408184
0.83630186
0.9058792
0.7751184
0.89434886
0.7250762
0.10318614
0.082382075
0.09384996
0.13256426
0.87051356
0.7143869
0.67299163
0.1400624
0.11377027
0.121985406
0.15770184
0.8619812
0.730455
0.8685395
0.14531025
0.119132146
0.09627287
0.105183065
0.1556281
0.85324544
0.13331708
0.12699208
0.13554847
0.8712654
0.7867315
0.90295374
0.8127223
0.8980674
0.10891327
0.07842271
0.08147735
0.12144792
0.089907825
0.10573915
0.18558979
0.17729397
0.8596313
0.13616693
0.12040406
0.094424844
0.106835045
0.81430614
0.8938813
0.72415245
0.6700685
0.12748261
0.11356245
0.16528691
0.15613443
0.59022665
0.6428828
0.8285598
0.20273547
0.18977925
0.81309444
0.15380038
0.14099409
0.14937593
0.81806815
0.17962813
0.18654986
0.8807499
0.8983364
0.8097839
0.89588785
0.1323568
0.07841799
0.060685452
0.06869199
0.1400278
0.8939913
0.92874813
0.92934704
0.114190616
0.05910197
0.05037175
0.06380343
0.07349347
0.88824266
0.90255666
0.9370932
0.93075407
0.10229838
0.06923569
0.056399193
0.074269645
0.12037251
0.8945136
0.15201545
0.074938454
0.07033374
0.11379408
0.086348824
0.08509617
0.12193814
0.87864333
0.18777274
0.12676932
0.12703794
0.62028503
0.15260313
0.15147279
0.6368556
0.67463404
0.119895436
0.0917291
0.1359236
0.117678344
0.78788024
0.8908577
0.8841308
0.7600496
0.3094451
0.17960249
0.7850204
0.096111454
0.062107317
0.0615301
0.0828544
0.88895607
0.92641693
0.87821686
0.10678706
0.07348837
0.0777655
0.11459905
0.7403895
0.20705505
0.29981267
0.88023573
0.88255614
0.8675473
0.18482342
0.17923586
0.15425675
0.18082921
0.61226344
0.6455746
0.68026465
0.7387461
0.84485376
0.7960304
0.84701157
0.773844
0.8101307
0.7013068
0.70328516
0.8270551
0.83915937
0.76905
0.85798204
0.87317467
0.8343392
0.37417713
0.35661095
0.25725025
0.2842016
0.43074253

