0.7840718
0.82822424
0.8273396
0.83325887
0.8381129
0.8831332
0.8006001
0.87653756
0.78948915
0.7177658
0.7270151
0.7231542
0.6932028
0.2218793
0.12885815
0.09909339
0.08494505
0.073323414
0.078881145
0.104825996
0.13920331
0.88544047
0.7353206
0.7150886
0.75213903
0.112601906
0.073049076
0.07424885
0.082954235
0.14057948
0.23000802
0.12842059
0.2342061
0.14988613
0.79119825
0.13445349
0.1610928
0.08480868
0.060753778
0.07107336
0.12264356
0.12955622
0.87549394
0.8482193
0.9297125
0.9279797
0.8526247
0.08642816
0.06418039
0.04709882
0.049397632
0.059036814
0.0809016
0.13837817
0.8711971
0.2277548
0.26319224
0.31877923
0.87080413
0.90788466
0.8834091
0.8848064
0.88358563
0.87518156
0.85535806
0.85943633
0.15700367
0.15106922
0.30433083
0.8872344
0.22924751
0.14137208
0.10616242
0.08881097
0.078278266
0.08896859
0.13230528
0.8969259
0.79930824
0.91140133
0.13384385
0.09098932
0.05501922
0.057313778
0.07880592
0.85979104
0.8842564
0.09074411
0.05927107
0.057407245
0.07063925
0.8867879
0.9100287
0.9399471
0.93225753
0.102157354
0.06370296
0.06321871
0.10154991
0.83253676
0.085655235
0.0641605
0.06938142
0.10162457
0.18363476
0.8845725
0.7970193
0.77148515
0.7968338
0.8059116
0.81681097
0.8433392
0.90951246
0.91864634
0.92021275
0.8432766
0.10188253
0.07726042
0.060523733
0.0732904
0.1147271
0.0967011
0.08049434
0.09382517
0.12717411
0.15267172
0.8761898
0.17953576
0.12180693
0.10438327
0.09766051
0.09869349
0.10440409
0.16573687
0.8721139
0.18535842
0.22626078
0.18404958
0.77375513
0.09472765
0.07612379
0.07025084
0.0712871
0.10160416
0.90619314
0.91973734
0.12657177
0.0869702
0.09025695
0.081811346
0.10086975
0.22895125
0.9044609
0.8643511
0.8721301
0.11343167
0.0809324
0.10256644
0.8804474
0.9107527
0.8719838
0.858068
0.8894503
0.12653027
0.10255408
0.20873979
0.8857153
0.86479735
0.8748566
0.85779524
0.85858136
0.1251342
0.09858859
0.06919374
0.08739187
0.13719776
0.22784567
0.9026022
0.77081156
0.099364035
0.080138415
0.12251549
0.1411204
0.133376
0.7483994
0.69398487
0.25080213
0.15880467
0.12129608
0.17590606
0.12162154
0.124749474
0.18300927
0.6272584
0.1833028
0.17405634
0.28396434
0.6761699
0.6252531
0.22680616
0.26850438
0.27902737
0.7998514
0.89229923
0.7208108
0.17034566
0.16960084
0.16793163
0.61476
0.60532933
0.23059061
0.1792935
0.1922526
0.6073958
0.6453247
0.69674075
0.71124715
0.70603
0.6879346
0.7663833
0.8687636
0.80014485
0.8770794
0.80089974
0.8733008
0.74175733
0.6558259
0.17166334
0.127093
0.12367341
0.13957939
0.1866509
0.6125421
0.600834
0.5654328
0.2423009
0.29792362
0.20291662
0.20104447
0.28781
0.8212168
0.25017443
0.23179299
0.64900875
0.83564746
0.3234266
0.26806557
0.2334072
0.34548488
0.33245084
0.21940748
0.15740046
0.16162656
0.23536776
0.603906
0.58183974
0.18955325
0.16907161
0.22348598
0.71319306
0.88251454
0.88682985
0.8748306
0.26558307
0.19302623
0.69731694
0.65355575
0.21122628
0.719015
0.7340019
0.9083446
0.1165709
0.069215916
0.055086628
0.05079278
0.04850137
0.05066253
0.05185945
0.05400198
0.061068837
0.08329514
0.88563913
0.8998565
0.09417394
0.06304492
0.06347615
0.12297773
0.8909133
0.9075982
0.921293
0.9357131
0.90467054
0.9094807
0.104405105
0.06612138
0.072473146
0.13484159
0.88270277
0.08782947
0.06108177
0.06367093
0.057648975
0.06885002
0.05316193
0.05685545
0.07525999
0.07449589
0.10567727
0.8631818
0.91093075
0.8966613
0.2873161
0.77292967
0.74185497
0.18619746
0.23765819
0.7771272
0.8110643
0.89804447
0.8939985
0.289934
0.13324721
0.13948703
0.73204505
0.70697457
0.26747242
0.12217011
0.113464355
0.2098
0.18022333
0.1926081
0.21665348
0.28169018
0.25156966
0.74175024
0.2534334
0.2720752
0.74191433
0.3549598
0.2046201
0.19536905
0.2364065
0.28942424
0.83012867
0.8367474
0.676942
0.64296967
0.62469953
0.6558932
0.7574912
0.8701411
0.8890588
0.8595192
0.8743506

