0.76673603
0.7979211
0.82486355
0.8899408
0.8437097
0.8280023
0.87821007
0.7198347
0.3154865
0.30697668
0.29855576
0.2806866
0.2556763
0.5203061
0.27625358
0.21484584
0.22100307
0.3222224
0.2167362
0.24192658
0.6015076
0.58030474
0.30217153
0.35995287
0.27827245
0.33772382
0.29467452
0.2812315
0.2847652
0.8390699
0.82462746
0.6203211
0.23442058
0.15683652
0.13642122
0.13420922
0.24065527
0.18868047
0.25903273
0.8600423
0.25708964
0.119995154
0.11041683
0.19359046
0.1302312
0.20702586
0.19847794
0.1625793
0.74853736
0.1501753
0.21356663
0.18600467
0.8972869
0.17815495
0.070112005
0.05615913
0.056297317
0.07212134
0.061240774
0.059835482
0.055871412
0.05390109
0.054555245
0.061299223
0.08438353
0.8484916
0.091267586
0.07685196
0.1144708
0.12610096
0.8848177
0.9134821
0.919366
0.9198938
0.9218347
0.90677834
0.9319356
0.93537027
0.91486186
0.08372193
0.053880554
0.04244247
0.04096286
0.041553885
0.0429
0.047171228
0.05787153
0.0881703
0.8853728
0.88307345
0.15595406
0.14869475
0.8206793
0.83172566
0.84771234
0.8956926
0.7742906
0.1633473
0.16625635
0.86345315
0.8961218
0.86710036
0.92084754
0.9252702
0.883448
0.15990885
0.07358807
0.06591134
0.05395927
0.052164845
0.0640017
0.08334694
0.083613865
0.11847799
0.14615832
0.6547896
0.15676808
0.18194094
0.19488847
0.1951438
0.8503733
0.6761046
0.6404058
0.19665311
0.15445139
0.18862647
0.155531
0.20993707
0.18937469
0.33244538
0.70540446
0.7531986
0.77329355
0.8909361
0.8944806
0.78161865
0.86908805
0.23180634
0.14454204
0.12304781
0.12851346
0.27440375
0.279681
0.15863374
0.16811864
0.30076432
0.35348293
0.642179
0.8421295
0.16242889
0.13456446
0.19586694
0.28684255
0.887995
0.8955193
0.8903469
0.20806025
0.1524348
0.13340248
0.8069994
0.77742064
0.77645165
0.7555371
0.13034749
0.14793882
0.11989263
0.81737804
0.9000452
0.7722247
0.27871367
0.19937155
0.11640063
0.13298129
0.6497808
0.6162309
0.21258533
0.1841158
0.1479843
0.17629509
0.86364037
0.8777473
0.80998594
0.817667
0.8846458
0.88749695
0.81755537
0.87659985
0.80252475
0.80204725
0.88379383
0.892338
0.8347031
0.8817152
0.72992605
0.6691907
0.32288375
0.18860617
0.1760259
0.1303502
0.14256757
0.2587955
0.24543409
0.8562969
0.74279046
0.7271389
0.86527467
0.7754921
0.7973172
0.9027487
0.9080166
0.909659
0.15363675
0.09382965
0.060550816
0.05679949
0.06691327
0.13849202
0.90798014
0.8325803
0.11244262
0.08608604
0.052934516
0.05643803
0.091634594
0.9115589
0.9293265
0.830409
0.9220211
0.08967425
0.053288247
0.046022207
0.048235554
0.041265845
0.04246208
0.053042896
0.057162534
0.09895262
0.8982983
0.9124095
0.93762517
0.93503857
0.909793
0.15171504
0.14044666
0.8517265
0.08852313
0.054937076
0.046931773
0.04784067
0.05058547
0.06021039
0.08908723
0.8341885
0.91180927
0.10362942
0.07447839
0.08128553
0.11803404
0.21936913
0.8871036
0.8974188
0.8978975
0.8091506
0.7872875
0.8826873
0.8931022
0.8902044
0.7987996
0.88941693
0.8059246
0.76589966
0.8069444
0.09802759
0.081069425
0.054368783
0.05419305
0.060947962
0.09615822
0.8795624
0.29239255
0.20792763
0.87574774
0.10908615
0.058903016
0.052765217
0.06563759
0.14230742
0.90987253
0.9224486
0.9199722
0.91709614
0.117870376
0.0911427
0.057616573
0.06933126
0.1160288
0.8416182
0.14082228
0.17307149
0.8635822
0.1381193
0.1159376
0.2199427
0.8968634
0.11074209
0.071624786
0.055723347
0.05302465
0.054621533
0.057338223
0.071099676
0.115790546
0.12867185
0.90378773
0.8983312
0.74385875
0.114979394
0.10545966
0.092149116
0.10615316
0.17203756
0.13242254
0.1816102
0.66318357
0.15897334
0.15669462
0.6531091
0.20406194
0.21851669
0.115727924
0.07283421
0.062226865
0.064644635
0.0634776
0.072365366
0.12809117
0.89451903
0.9034685
0.84244025
0.9050868
0.90929663
0.9081566
0.8204726
0.9080117
0.814625
0.08912532
0.06216663
0.061944984
0.10105569
0.098679475
0.097420834
0.16675451
0.17438047
0.24698983
0.71129984
0.12904085
0.10319673
0.09966483
0.11745061
0.12729485
0.13011445
0.7589279
0.9033306
0.91704345
0.112069644
0.08875239
0.073427945
0.09377762
0.061886918
0.0576238
0.0631144
0.08910132
0.09436117
0.7878689
0.1023129
0.10147273
0.12327216
0.864705
0.9044203
0.908881
0.87080795
0.89942724
0.84953153
0.8933923
0.8417972
0.84738284
0.89738196
0.88940716
0.567263
0.3608937
0.28426045
0.8496396
0.8008291
0.8049733
0.8970867
0.822688
0.9078471
0.84923387
0.09740358
0.056080718
0.046526197
0.048274122
0.06499951
0.08137948
0.8576177
0.84610456
0.11279268
0.10125482
0.24612261
0.8895638
0.8778667
0.86739594
0.8500619
0.83873004
0.13579161
0.12127225
0.8447723
0.9003328
0.91639507
0.8978109
0.9264151
0.9276778
0.90310603
0.08448555
0.05208624
0.048551742
0.05424485
0.0781611
0.90515393
0.92716694
0.8731475
0.8696719
0.09148416
0.06291558
0.05103664
0.05371802
0.07818636
0.14089869
0.8735044
0.9237487
0.920153
0.13000011
0.11381985
0.0945281
0.06831439
0.07196548
0.10076916
0.11211332
0.21336144
0.8360227
0.2893186
0.6771813
0.8561434
0.8307724
0.319129
0.38958097
0.39167264
0.33779156
0.7825476
0.29788232
0.22594735
0.17231698
0.1640891
0.18414386
0.3444828
0.86231065
0.87265885
0.86036855
0.5850821
0.18874662
0.18111736
0.60551286
0.63659304
0.1475265
0.14159241
0.15782143
0.09666894
0.10414028
0.7666165
0.89551437
0.7902884
0.9044232
0.91887426
0.09448602
0.06027919
0.053715818
0.06892523
0.054753304
0.054680794
0.07024824
0.060279943
0.06865524
0.064276904
0.084093414
0.8343524
0.09222582
0.075496376
0.09154922
0.88376266
0.867914
0.906592
0.90922797
0.9295043
0.9217703
0.118467286
0.07889379
0.09793368
0.82446885
0.09035457
0.07436875
0.07371372
0.073861614
0.112972595
0.8292885
0.109241515
0.09409348
0.0826215
0.06774126
0.07616562
0.114067666
0.8037462
0.89654726
0.77350986
0.7415587
0.8548815
0.1476725
0.12684083
0.16817069
0.23925655
0.20735842
0.5718896
0.5015201
0.23401572
0.256585
0.84392196
0.84917384
0.6775491
0.2781763
0.16596423
0.18890324
0.23651731
0.5940561
0.41293147
0.43020615
0.73422825
0.88522077
0.8996357
0.8753453
0.44374388
0.388777
0.59862036
0.43856105
0.33390677
0.20408455
0.25297138
0.617918
0.14714895
0.182053
0.1115093
0.12319789
0.66647744
0.23650882
0.1678884
0.7021142
0.22811504
0.14945515
0.22320926
0.8846693
0.90442187
0.9053562
0.8013776
0.7870179
0.8784767
0.3117212
0.14929254
0.19846918
0.74476296
0.118345186
0.10836635
0.079984784
0.0846065
0.11607347
0.13305055
0.62794286
0.7007482
0.8499932
0.7386202
0.86263686
0.8648235
0.7657587
0.1222268
0.09070241
0.103634514
0.7506591
0.094319865
0.07099592
0.075350866
0.14481671
0.20879856
0.88250333
0.09100708
0.055589043
0.046227332
0.04688014
0.054465782
0.08388212
0.91351706
0.9421973
0.92295986
0.0914686
0.05657887
0.05167006
0.0527325
0.062368065
0.10165674
0.8265483
0.13748522
0.1098857
0.085031256
0.08653066
0.13765264
0.77469796
0.78002214
0.13099505
0.09091976
0.10642531
0.07638806
0.06947018
0.08997945
0.105046265
0.77742517
0.18004875
0.18383563
0.77872545
0.48867893
0.79434174
0.8837681
0.7993632
0.87493324
0.75286114
0.41238546
0.62932813
0.39724502
0.3971311
0.5886388
0.20999277
0.27348137
0.17751154
0.1758547
0.5801442
0.26437172
0.22733669
0.31326652
0.24430683
0.30086103
0.2492531
0.29111132
0.79233783
0.83996487
0.8532088
0.8288098
0.70019615
0.64166254
0.6193995
0.58485734
0.35075802
0.28358528
0.28843534
0.42026106
0.79070634
0.81909156
0.81532955
0.19004618
0.13541597
0.12825558
0.17267063
0.85093033
0.85910213
0.7794122
0.8630686
0.8651511
0.7898105
0.8607895
0.86023957
0.7754855
0.8391968
0.81183136
0.2544389
0.1918991
0.181851
0.24843529
0.7823788
0.76454794
0.4269261
0.24353278
0.25638342
0.22847831
0.26366657
0.25703645
0.37229383
0.54010046
0.6651658
0.8051864
0.7694609
0.42573795
0.453856
0.5954053
0.75527114
0.29230076
0.1904247
0.23239917
0.21620469
0.66710407
0.14563847
0.08893148
0.07191591
0.089135274
0.085164554
0.11602273
0.06283042
0.05103092
0.047504704
0.054148324
0.061848868
0.07737126
0.91103035
0.93910784
0.9374907
0.12862158
0.12161896
0.09900873
0.056401607
0.04785122
0.04981636
0.060879987
0.056091003
0.06339502
0.07369113
0.088857226
0.18069308
0.9052642
0.8956943
0.90731204
0.2053286
0.09835508
0.10074795
0.1609276
0.87643844
0.09963861
0.06866955
0.056574572
0.06114321
0.09199338
0.89352363
0.8178249
0.84943247
0.24953704
0.17900865
0.13306463
0.08839212
0.102545686
0.8699764
0.85519564
0.9018812
0.8559012
0.89834815
0.8977245
0.8441431
0.8276557
0.8480849
0.8928101
0.8980762
0.8550984
0.9047677
0.8696137
0.9162734
0.91638035
0.11067116
0.06645311
0.07208367
0.089780144
0.12005981
0.8229465
0.09536736
0.07173475
0.07200249
0.1308081
0.11344851
0.1638193
0.08819722
0.09212926
0.10480282
0.09180259
0.09069741
0.09981463
0.08613894
0.101126365
0.17853805
0.6727734
0.86884856
0.8686984
0.7711826
0.87382746
0.8728389
0.87976336
0.11798515
0.078397915
0.08040249
0.14657895
0.16025598
0.12341702
0.8142024
0.904875
0.9149385
0.90798396
0.7917927
0.21061355
0.1502231
0.11926083
0.093341246
0.09849512
0.12922789
0.6476594
0.8256956
0.67506343
0.6715162
0.77605593
0.6570928
0.6746109
0.82530653
0.83410823
0.68026686
0.35211644
0.34750944
0.2999566
0.17222302
0.12315833
0.18832107
0.17440063
0.8639838
0.79974043
0.8927677
0.889274
0.77753186
0.77729243
0.8811626
0.8772641
0.15511733
0.1417284
0.12946145
0.2157226
0.18988621
0.21465261
0.28239816
0.20874731
0.32161185
0.36319166
0.3742997
0.41701448
0.8549589
0.8071658

