0.7656618
0.79880106
0.7905853
0.8748466
0.7708653
0.8434382
0.32564658
0.32302383
0.2412052
0.37133786
0.5977052
0.2542343
0.6472447
0.14144103
0.10380806
0.1383622
0.14247419
0.7270231
0.2543705
0.16401398
0.14349075
0.7512329
0.72603923
0.74765617
0.7458052
0.8244778
0.090777665
0.06666573
0.07481387
0.07392478
0.13993567
0.103167854
0.11692182
0.7190732
0.20240885
0.66554683
0.20279217
0.14545624
0.15691942
0.12188538
0.1498233
0.19488461
0.18816578
0.28805017
0.2612717
0.84022945
0.68646324
0.6265061
0.64046663
0.6261402
0.17068441
0.13253894
0.13965577
0.19222003
0.26776296
0.8740711
0.8647419
0.24365892
0.27194336
0.5918107
0.23888549
0.68325657
0.7303745
0.81000406
0.89697033
0.8958732
0.7577741
0.32464978
0.8210359
0.17219692
0.15295002
0.6746324
0.66552114
0.30624148
0.23831049
0.124303356
0.11354954
0.13628753
0.66246575
0.27012137
0.6684077
0.15711677
0.09408535
0.08943869
0.12658954
0.1608856
0.8148453
0.19510977
0.10253372
0.10205728
0.11855392
0.78469515
0.100439295
0.08952646
0.14440268
0.80573404
0.25581315
0.8765036
0.8284251
0.8293627
0.8137588
0.7690736
0.7470818
0.26200756
0.84828573
0.13950227
0.08681717
0.10415966
0.7597887
0.1919189
0.166224
0.11247146
0.14908493
0.72879255
0.71048236
0.26632175
0.20116664
0.12446999
0.13046353
0.21901736
0.6498629
0.28668106
0.15632483
0.14774701
0.6838789
0.10006318
0.0742989
0.07412825
0.08193015
0.112104215
0.8268864
0.9054912
0.82457227
0.90964854
0.9078089
0.24249859
0.10800516
0.09087301
0.10370553
0.13355874
0.82397157
0.22443888
0.2391947
0.85131264
0.85651076
0.16516335
0.13447227
0.16718218
0.5985451
0.18350543
0.63777137
0.12450017
0.13457303
0.09162192
0.07852595
0.10056871
0.089316845
0.81734294
0.82412463
0.83759606
0.91480917
0.90767616
0.12902065
0.10627076
0.09227522
0.14489473
0.14395046
0.15501235
0.85704273
0.2819247
0.6658023
0.12648247
0.09354991
0.09256604
0.10986337
0.1718131
0.22351333
0.35204747
0.23494844
0.16388617
0.13149355
0.10617649
0.10597563
0.13951841
0.112822704
0.113655806
0.1317577
0.70967317
0.7683982
0.8894025
0.777673
0.89049876
0.7488723
0.2184647
0.10049357
0.08218992
0.08473223
0.07065498
0.07137101
0.1101643
0.19027188
0.15569206
0.9073219
0.92024356
0.12385432
0.06656035
0.054151326
0.058421127
0.085710675
0.8173252
0.10576775
0.10801122
0.1872938
0.8815769
0.928704
0.10264064
0.070945434
0.047491454
0.042353865
0.043167982
0.049713448
0.07303366
0.8864003
0.9030701
0.93142176
0.9282886
0.91913664
0.20121819
0.088268295
0.08975529
0.8518494
0.8649855
0.8762145
0.90721667
0.110274106
0.079305016
0.099338844
0.87888044
0.9223704
0.18791537
0.073998146
0.0626788
0.08759341
0.17654622
0.87784404
0.19368589
0.14418954
0.74624455
0.17727676
0.19733225
0.1646243
0.8966267
0.91813606
0.17761356
0.07377175
0.056551214
0.06578236
0.11945334
0.71798253
0.71413666
0.7196074
0.13081576
0.13066936
0.16847043
0.09601588
0.078497924
0.0572589
0.056429755
0.06920658
0.112326704
0.9122378
0.8439017
0.106481925
0.06282609
0.054671735
0.065659985
0.05415115
0.06022547
0.07197364
0.85692734
0.8427442
0.865741
0.9186086
0.9193638
0.85177076
0.85141844
0.8440215
0.12530206
0.12315639
0.06676091
0.07136521
0.06440012
0.078937344
0.15190955
0.7554185
0.73553425
0.88428915
0.8702801
0.70907235
0.18058878
0.11163642
0.12423269
0.16390179
0.3445403
0.8155688
0.6657114
0.6045232
0.5848059
0.6034135
0.6663173
0.7746199
0.6882076
0.7129751
0.8333213
0.3955328
0.15101655
0.07781024
0.06715833
0.066044696
0.08944852
0.21238948
0.8855158
0.81869453
0.8093616
0.8865025
0.81449145
0.8981354
0.90080446
0.80810684
0.78984463
0.15395115
0.082234144
0.072694674
0.066314414
0.081166804
0.10223089
0.16087912
0.7045315
0.8357106
0.80501693
0.35740745
0.32287437
0.1942347
0.2100177
0.29572967
0.65712166
0.15267417
0.11000821
0.10078423
0.1140271
0.12067218
0.1294846
0.14012095
0.20401324
0.7492849
0.77952397

