0.8693304
0.8964283
0.8193898
0.77297
0.8751981
0.8622393
0.25282922
0.20931935
0.19602793
0.27352342
0.58325434
0.1910793
0.1480114
0.16211168
0.17288381
0.1837512
0.34993553
0.26159257
0.19977666
0.18373
0.2057907
0.33495936
0.8289065
0.79408574
0.38489294
0.41026103
0.3625374
0.7483843
0.38123605
0.2934223
0.33228034
0.8353371
0.8323305
0.6690594
0.6542678
0.6547057
0.69386995
0.86240983
0.8687009
0.7038122
0.62089133
0.3785003
0.2974442
0.16687952
0.14562272
0.15874024
0.74898845
0.7003425
0.6828955
0.6977516
0.12270904
0.088793084
0.102871135
0.18619971
0.24661736
0.84527355
0.2605361
0.28275603
0.6585125
0.13012768
0.086547926
0.09029327
0.10316022
0.23925143
0.7009704
0.67416835
0.66892755
0.70602083
0.124744214
0.078658655
0.074244216
0.10456043
0.19359191
0.8870297
0.2834893
0.12120843
0.10267986
0.079768814
0.086717
0.10144911
0.08936372
0.09808013
0.13322012
0.90194947
0.91397524
0.10851523
0.07532041
0.08576436
0.10747246
0.8228726
0.08704283
0.05932044
0.053109873
0.05525901
0.052352574
0.05166258
0.049868267
0.048761092
0.04664511
0.04654346
0.054411843
0.08758409
0.9119066
0.9333533
0.9268118
0.9378729
0.9287246
0.08749982
0.06270294
0.044464428
0.048418682
0.063200206
0.12680641
0.91092736
0.9394005
0.94197756
0.93670446
0.12032641
0.05908474
0.05179768
0.043256704
0.050601248
0.06551918
0.86342233
0.88538474
0.92829865
0.9299342
0.8795596
0.9109511
0.096420616
0.062495075
0.064989425
0.09948823
0.89047694
0.8027006
0.10299339
0.09134897
0.070293374
0.07401528
0.12508248
0.864383
0.8549566
0.13884014
0.11803056
0.81592125
0.82235193
0.8590712
0.85995144
0.87204707
0.91244227
0.9134912
0.9024103
0.1917074
0.24169865
0.85150707
0.123238035
0.09680298
0.1146594
0.077008285
0.053843427
0.052062575
0.050360315
0.05361949
0.06590222
0.09606047
0.07899128
0.08713044
0.12612398
0.8979017
0.14207923
0.08731782
0.07709607
0.07467806
0.06851965
0.06946992
0.07343323
0.082729325
0.08380993
0.102095
0.1345744
0.16328552
0.094204776
0.091587
0.13219632
0.12587082
0.15504251
0.87587583
0.119342804
0.09459648
0.14085287
0.903111
0.81661046
0.09936274
0.06249256
0.048026662
0.044528406
0.04422287
0.044124898
0.04894104
0.06368601
0.87629
0.89915574
0.93180084
0.93457264
0.93245596
0.8552655
0.8815857
0.0782639
0.054681607
0.059660576
0.08465424
0.055499688
0.060902078
0.106376395
0.11439263
0.07293973
0.070584804
0.081853986
0.7773271
0.8928769
0.7338408
0.16862363
0.19557539
0.12455718
0.09407159
0.10734734
0.18354814
0.74742687
0.89558214
0.116617694
0.07179009
0.06945315
0.05878893
0.058648903
0.06956482
0.07999859
0.83998805
0.80384153
0.89559877
0.799751
0.8729302
0.74730474
0.7435021
0.8560745
0.7271024
0.21036822
0.24678412
0.1743114
0.13266143
0.2193657
0.15524273
0.16965921
0.66016865
0.81815016
0.73490214
0.85758907
0.13837981
0.11057378
0.08347706
0.087147415
0.1222638
0.85098374
0.1286374
0.121449135
0.1320632
0.878467
0.8185613
0.9108144
0.83446336
0.9071327
0.11707083
0.07845211
0.065749735
0.060064502
0.06934409
0.09463542
0.20527093
0.20032941
0.86506945
0.13038312
0.114193276
0.08579111
0.1003045
0.84084445
0.8907109
0.7452321
0.7062547
0.14222936
0.12339059
0.19512725
0.17662297
0.6252959
0.65605927
0.7869414
0.21313228
0.16320305
0.2728157
0.17809236
0.19603463
0.19390497
0.42475566
0.23357612
0.28996384
0.7934355
0.80769825
0.7212134
0.79006296
0.6669811
0.21931216
0.14781274
0.16084756
0.31528217
0.71469903
0.8670655
0.8941993
0.1604809
0.07903105
0.059659082
0.059399575
0.071745284
0.8717341
0.9233452
0.9251482
0.91932386
0.12827258
0.07528
0.0739933
0.11361311
0.15142344
0.8644289
0.1933749
0.11635319
0.11420031
0.20990269
0.149489
0.15949328
0.38595134
0.8326379
0.24345563
0.13819353
0.09766826
0.09451087
0.117095485
0.14979006
0.6039791
0.6154744
0.5881387
0.36361286
0.26032358
0.27909806
0.32162076
0.79290825
0.7087554
0.73114717
0.8693577
0.88690865
0.8030427

