0.8641926
0.8545601
0.8450421
0.89502037
0.8376295
0.80634075
0.860013
0.21326417
0.16602547
0.18923223
0.1640218
0.7548479
0.8834885
0.79264605
0.863496
0.24213392
0.2639762
0.16046105
0.1810472
0.7005385
0.8572598
0.69594866
0.6587598
0.26859766
0.20191187
0.28589293
0.19031149
0.12692893
0.11725526
0.22848706
0.14037028
0.17074248
0.17577295
0.7318767
0.7065711
0.7436108
0.84637696
0.29524884
0.3505637
0.30000988
0.83733284
0.7308796
0.86536527
0.76586586
0.8608829
0.18012154
0.14336409
0.10218508
0.13784273
0.17301609
0.7648935
0.77189183
0.7888896
0.8208886
0.88961124
0.839685
0.893412
0.8377337
0.8378484
0.84982777
0.90550107
0.2684187
0.15510818
0.08903995
0.1141752
0.08347356
0.07208087
0.09710173
0.060303885
0.07165267
0.08729878
0.13083635
0.1513735
0.17193545
0.18198517
0.89443386
0.20352097
0.12573862
0.085796125
0.062103704
0.07229706
0.87059486
0.88504857
0.9106816
0.8991517
0.92382795
0.0918945
0.056345444
0.05454456
0.06851855
0.10190095
0.8428046
0.15576921
0.11514747
0.11526858
0.13544904
0.19641495
0.21592891
0.18686835
0.8274867
0.29730886
0.26884496
0.86095154
0.8851069
0.88764673
0.75670505
0.7272313
0.75733715
0.8752957
0.2462184
0.12304949
0.10538401
0.085990354
0.10014845
0.1136082
0.1395173
0.81857383
0.7958816
0.90913767
0.91554224
0.8481072
0.82074416
0.28752875
0.18324612
0.100187436
0.093521975
0.15058254
0.12736137
0.19593427
0.8512618
0.2295963
0.17224644
0.1988125
0.22904357
0.72750634
0.7763992
0.7765868
0.7349966
0.45838314
0.3487539
0.26012415
0.42735702
0.8533707
0.721361
0.65177447
0.2465983
0.18844442
0.2117847
0.8588277
0.3556649
0.2378284
0.10867118
0.0830652
0.100511916
0.10888469
0.19708377
0.23426321
0.88318986
0.80955195
0.82216257
0.89775336
0.88903606
0.19411646
0.1755113
0.121900775
0.19330534
0.88881856
0.9038089
0.122067384
0.078808695
0.1159385
0.13154028
0.13967279
0.8900916
0.92769337
0.9314101
0.9274375
0.17954132
0.08494022
0.067818396
0.06902552
0.11512662
0.82453823
0.7964931
0.904093
0.18384665
0.090247996
0.10219129
0.12451649
0.88607645
0.74609023
0.17871402
0.11785133
0.06399692
0.057497103
0.056762103
0.0760906
0.18054996
0.8968764
0.2089586
0.10771529
0.14430304
0.8117444
0.105171
0.097309455
0.16481423
0.8877426
0.9012351
0.91066265
0.90297997
0.9088895
0.106808536
0.07501514
0.047827948
0.05059723
0.059741482
0.11128443
0.91140527
0.82292706
0.10043667
0.07077062
0.06085699
0.07808398
0.059585065
0.07272216
0.079979576
0.080947205
0.12519836
0.1287355
0.08532779
0.06974534
0.057691313
0.0544693
0.059137598
0.05968099
0.056396704
0.058769617
0.061587457
0.0720338
0.057322238
0.057159577
0.09314507
0.13763958
0.90255404
0.92835313
0.91225845
0.9116278
0.8956481
0.927544
0.11359336
0.06578106
0.052354954
0.067310214
0.06747543
0.08184668
0.05765444
0.058764156
0.09136737
0.11087929
0.10495539
0.8068694
0.1185151
0.1609839
0.16292419
0.12632045
0.12307565
0.12051298
0.72990596
0.68403006
0.6548712
0.6324665
0.61884403
0.29704598
0.22620468
0.21708055
0.26594138
0.13979696
0.1197237
0.17620267
0.23128101
0.5958607
0.23511082
0.18108834
0.29435974
0.22040446
0.17773625
0.18762764
0.31140414
0.37815017
0.7546146
0.2896139
0.33975193
0.308106
0.21519306
0.3474116
0.7042902
0.7691444
0.20222905
0.079735
0.05862491
0.056391887
0.067478456
0.06475362
0.05419275
0.051747326
0.049387265
0.056492727
0.08580094
0.8891454
0.87567306
0.88421595
0.87923807
0.87068754
0.9080236
0.9149408
0.92129576
0.9235754
0.8470266
0.8708973
0.07899719
0.053712104
0.05181716
0.07301597
0.07404088
0.13273147
0.8423002
0.10130587
0.08890016
0.056643683
0.052835733
0.058609862
0.08539609
0.89055806
0.9079182
0.87239236
0.9077908
0.8388964
0.8470815
0.8462609
0.9097341
0.91014194
0.111972935
0.068145804
0.05944993
0.08369576
0.113878615
0.16296408
0.751582
0.7251146
0.25105864
0.11225026
0.08952578
0.09245506
0.12136207
0.14391516
0.15775986
0.2828596
0.87874115
0.8168057

