0.45880902
0.57038325
0.3418061
0.34584704
0.2318832
0.19922414
0.23514108
0.31127396
0.42984837
0.6757184
0.839409
0.71224403
0.79255885
0.395405
0.48711544
0.31710094
0.25007913
0.24349438
0.5369744
0.27146673
0.26906976
0.7802527
0.2781115
0.18865284
0.16183321
0.14450045
0.19695136
0.16210176
0.18756452
0.14347461
0.1726824
0.2357172
0.61703414
0.3278423
0.19497299
0.18196508
0.69587165
0.14237821
0.13206793
0.14127016
0.10714699
0.113350675
0.08756406
0.10630622
0.14831181
0.73867875
0.8666141
0.32139656
0.85513663
0.20594688
0.16031647
0.78132015
0.09538455
0.061959047
0.06112248
0.0810668
0.8742079
0.8819491
0.9322042
0.931019
0.8297426
0.88083756
0.07934529
0.050639298
0.04531132
0.053642977
0.0757234
0.18930699
0.8691128
0.244267
0.7217837
0.8677756
0.12537745
0.09213747
0.110684164
0.80437213
0.9118962
0.9158964
0.82995456
0.087062135
0.05531354
0.04903383
0.056477167
0.068249695
0.11349742
0.89725965
0.128
0.07338779
0.062320385
0.07767451
0.103211544
0.86444145
0.09772873
0.066880725
0.06712454
0.09764718
0.89287776
0.8796352
0.09173552
0.06996675
0.07764772
0.877023
0.91023815
0.938316
0.94131327
0.9094543
0.914108
0.0771638
0.04876415
0.04044132
0.04032723
0.044621494
0.056097493
0.09670156
0.8643348
0.8603382
0.091243915
0.068009764
0.0622343
0.07653848
0.14293975
0.88192046
0.71478015
0.7248042
0.88122714
0.15014622
0.14931805
0.81318873
0.08115008
0.057521865
0.064584345
0.062165253
0.07247239
0.8893641
0.9283524
0.913155
0.9362287
0.93070096
0.110373065
0.08642696
0.055206846
0.04551895
0.04855247
0.06699881
0.07728372
0.8569756
0.924728
0.92734057
0.11618821
0.08309788
0.06493431
0.06826578
0.08573664
0.1310962
0.87588245
0.11730234
0.09291338
0.08221175
0.114120245
0.09879778
0.80941385
0.7923803
0.8049742
0.89820004
0.8854185
0.16390228
0.14091589
0.12455395
0.22496381
0.24904253
0.68822205
0.8409969
0.72471863
0.7370882
0.101831235
0.062139936
0.05762812
0.06857345
0.111557886
0.8671278
0.90666366
0.80983734
0.76219934
0.756419
0.72698087
0.71074307
0.24930303
0.10996008
0.08646567
0.089621946
0.10929537
0.7071759
0.8424838
0.69146174
0.37332818
0.20416947
0.27410161
0.15836732
0.17772919
0.5593406
0.1728827
0.16150478
0.2298887
0.31846622
0.2997037
0.8536628
0.86108464
0.7799662
0.11482724
0.072271325
0.054226555
0.051757492
0.058305345
0.06875404
0.09413692
0.88938713
0.80070025
0.91357565
0.9111726
0.78803176
0.09711869
0.07022052
0.08169257
0.1743242
0.8625879
0.14515074
0.13192979
0.81921566
0.901254
0.10722542
0.0727439
0.06779811
0.08016533
0.85952425
0.8340941
0.85224044
0.91082925
0.11472294
0.07887066
0.102131456
0.09716613
0.7933838
0.8747052
0.16234678
0.14475928
0.6931856
0.69414127
0.85014105
0.21272397
0.11912267
0.1108366
0.13885699
0.67523986
0.70415205
0.865999
0.87194103
0.8671605
0.1589179
0.09320936
0.081026606
0.09360099
0.11036281
0.15270202
0.16217655
0.65691996
0.68842113
0.2732957
0.12097574
0.10835417
0.0863005
0.058373902
0.05772271
0.06528378
0.101875976
0.111273006
0.8815179
0.8595572
0.9239941
0.9192698
0.1257033
0.09233745
0.07018255
0.0937858
0.11613104
0.6890259
0.29566827
0.2750783
0.16216177
0.21409392
0.5515523
0.65231925
0.80579966
0.68037325
0.66982967
0.6586194
0.17003365
0.21513078
0.15344357
0.14701046
0.31115448
0.8860517
0.10742797
0.061867822
0.059175003
0.063212685
0.0935189
0.9024447
0.9217883
0.8763527
0.8316807
0.8350346
0.101780154
0.09257812
0.122677326
0.104203135
0.16447806
0.89490944
0.8986543
0.16568683
0.09105058
0.085290655
0.09907009
0.10025748
0.12533057
0.24596533
0.65114903
0.18996708
0.27910247
0.15704404
0.13390796
0.16577548
0.40704703
0.77003396
0.25985172
0.22427733
0.56895494
0.18766524
0.15382798
0.2021164
0.48908162
0.3709399
0.6259647
0.79351526
0.77311236
0.4228146
0.33916077
0.20497335
0.20205969
0.2566049
0.27102965
0.25023076
0.4271407
0.28500852
0.4200679
0.48163798
0.5323084
0.62586343
0.7094817
0.78559613
0.7794088

