0.7976204
0.8539984
0.9061243
0.9039231
0.7886458
0.68301314
0.2586228
0.22572508
0.5835936
0.5872769
0.16091624
0.13222332
0.1462593
0.2555544
0.8730555
0.79475
0.8124984
0.89001656
0.77157056
0.73415464
0.86915493
0.14139417
0.095146984
0.10269231
0.14143154
0.8647619
0.8538091
0.2694446
0.25531596
0.7485042
0.7956083
0.88423055
0.8940913
0.89669394
0.8919103
0.8060354
0.7818442
0.79045945
0.8780558
0.87104106
0.5951572
0.3282573
0.36907262
0.83806676
0.70739084
0.65673584
0.30748707
0.23918736
0.300193
0.17920774
0.18123992
0.20706856
0.5893738
0.22810237
0.23980549
0.16657047
0.16886
0.20749107
0.44355074
0.61250657
0.5878908
0.36926854
0.7639123
0.26004493
0.22936031
0.29663157
0.34084412
0.2485554
0.3054684
0.23416653
0.26837263
0.78666127
0.40182194
0.60735154
0.6179382
0.6236029
0.62393236
0.67043406
0.7040326
0.7233454
0.77634114
0.87584436
0.7368674
0.4258973
0.31451747
0.2070819
0.1439452
0.19267815
0.86684537
0.78400946
0.7831001
0.7747735
0.7756159
0.7736225
0.77210593
0.7807197
0.10819024
0.09696489
0.17474116
0.15024807
0.16491592
0.1608751
0.8444854
0.16617388
0.15162697
0.21317105
0.22099751
0.83274895
0.66541314
0.6054866
0.2376709
0.20897526
0.26951844
0.26781303
0.2092834
0.28019598
0.3340171
0.19586462
0.16713324
0.1881676
0.29002655
0.3836517
0.37957364
0.6430538
0.7956847
0.6151045
0.50204074
0.32683772
0.36955866
0.56808686
0.65262896
0.7894982
0.42486775
0.35611618
0.24505216
0.25481045
0.6241164
0.6069079
0.5916352
0.5636378
0.22477958
0.1503997
0.16761696
0.26737875
0.88161546
0.8978923
0.1221374
0.0813293
0.0957248
0.102029525
0.13035272
0.084667385
0.11465617
0.897884
0.79811513
0.9180793
0.12057407
0.0739435
0.08698917
0.07087474
0.05008267
0.052683067
0.06912378
0.0675883
0.082821205
0.14095522
0.889851
0.102240086
0.072137505
0.07342037
0.12385416
0.8739223
0.8794843
0.89340556
0.90951836
0.90752405
0.9056139
0.90374637
0.8673724
0.9057164
0.88977987
0.9019705
0.90432817
0.9231028
0.12830108
0.06640963
0.07196822
0.068854935
0.09782483
0.11968091
0.1382097
0.14995004
0.86947125
0.109315306
0.086111754
0.105981216
0.8340445
0.9021939
0.7619232
0.78223
0.16202594
0.12328051
0.23717912
0.8761837
0.12599868
0.084955975
0.09490458
0.11235843
0.7328467
0.22315657
0.14063464
0.14084272
0.657386
0.6328544
0.2945254
0.16628283
0.18771201
0.34525284
0.77806145
0.6378932
0.5967041
0.21408822
0.19527787
0.25555214
0.35076272
0.3770539
0.38541633
0.7417948
0.7350861
0.4499713
0.28870735
0.20073424
0.17045473
0.16895884
0.18266322
0.2810953
0.41165358
0.6430771
0.8034176
0.81047606
0.6699575
0.2757233
0.20481598
0.15684845
0.21696232
0.35071236
0.7695253
0.8837949
0.86709714
0.4763018
0.39156783
0.32313505
0.3823967
0.449912
0.6851144
0.8352744
0.7965675
0.86414856
0.85629874
0.739592
0.73094445
0.84536386
0.8636387
0.8290715
0.31294188
0.311978
0.22815363
0.34746757
0.83960724
0.7834099
0.8578028
0.76516443
0.7203539
0.7517901
0.86013114
0.8713567
0.80095273
0.8649751
0.8437028
0.49244183
0.2811418
0.28861904
0.29474682
0.7407699
0.6194741
0.29614288
0.35503763
0.344876
0.21216297
0.20922133
0.58053625
0.14183839
0.12942761
0.2037849
0.16613601
0.18099302
0.24206302
0.8589645
0.6922605
0.200118
0.20406519
0.14254524
0.21266282
0.8760562
0.8974241
0.90631837
0.9067221
0.8966501
0.7904737
0.7728873
0.8593491
0.314537
0.16256441
0.2054258
0.2933813
0.65817297
0.7916365
0.24130556
0.26371303
0.178289
0.1926386
0.16872168
0.2265417
0.7727679
0.6460955
0.62374836
0.6384576
0.69327307
0.8120899
0.8029607
0.66592026
0.4168733
0.36834627
0.27655008
0.2756528
0.49713576
0.31482568
0.564486
0.28232402
0.20342375
0.19089402
0.20935899
0.33570138
0.15659426
0.1291497
0.12412636
0.18322024
0.67818487
0.8114853
0.723448
0.81756365
0.7360659
0.81328607
0.71670955
0.1738849
0.1330609
0.10001364
0.09662894
0.10836574
0.15101929
0.22318934
0.2169294
0.4320459
0.55245334
0.232953
0.22541313
0.316191
0.7248189
0.8819675
0.8823369

