0.86379236
0.8229891
0.86205417
0.40128872
0.35279757
0.28759542
0.22783896
0.23631327
0.34659338
0.32120025
0.3428073
0.5670996
0.29712754
0.5659218
0.2035095
0.16077273
0.2024144
0.1645089
0.20345506
0.3873432
0.85004985
0.8319793
0.2900976
0.36690834
0.6125681
0.25277767
0.123835616
0.0975977
0.11563097
0.23938166
0.2824931
0.88769764
0.88720554
0.7510145
0.8652468
0.15259829
0.17630342
0.1354212
0.7796784
0.73211414
0.7889697
0.103668444
0.095391944
0.11595277
0.84170085
0.20989183
0.11611827
0.0773537
0.07375772
0.08266953
0.13747635
0.70124054
0.20697328
0.1758312
0.6203235
0.27428925
0.24415565
0.83866984
0.18695244
0.13037688
0.1478724
0.10298328
0.12059534
0.18411031
0.6823349
0.66029114
0.62201774
0.6131511
0.6480994
0.6836268
0.8568286
0.7273834
0.86855423
0.18918031
0.14541358
0.7636577
0.088172674
0.058631115
0.057730004
0.07530839
0.8787153
0.8933808
0.9352079
0.9344035
0.84546065
0.8870027
0.07493135
0.047558833
0.040533505
0.044054866
0.055829126
0.10557106
0.11801406
0.071215466
0.079485826
0.116201214
0.080534935
0.07754497
0.09718639
0.13113573
0.90038306
0.21155229
0.08159296
0.061724354
0.0622932
0.083299346
0.116656944
0.844224
0.105710834
0.07345708
0.088757075
0.07549738
0.07835287
0.096520506
0.108424686
0.86144257
0.09872639
0.068947025
0.07200399
0.1244771
0.8541562
0.17415172
0.27055883
0.8820722
0.89695513
0.9056389
0.93196225
0.87876713
0.90513253
0.090185404
0.05166892
0.042403188
0.04410407
0.054751527
0.095119916
0.8590837
0.8513089
0.098391995
0.087358475
0.10621099
0.10408219
0.085038826
0.08551327
0.13179822
0.7037232
0.8780802
0.14755516
0.1611303
0.6957716
0.7076439
0.08643379
0.063450485
0.065720804
0.09094185
0.8610718
0.9089901
0.84593666
0.9101319
0.9038177
0.26565745
0.10637966
0.09765155
0.13166344
0.8499705
0.83062106
0.2216945
0.24879023
0.860053
0.8585304
0.76683676
0.10370363
0.075908735
0.056106593
0.05085177
0.052114524
0.061304826
0.09597209
0.105146855
0.8657145
0.90347236
0.7874366
0.7747038
0.799719
0.8110836
0.90042037
0.90291435
0.13798538
0.102373704
0.06738374
0.06962363
0.10489265
0.10915503
0.22944357
0.15691493
0.086329415
0.06466038
0.053138893
0.053546723
0.06271553
0.09854354
0.88093364
0.9133049
0.8502505
0.8977085
0.76471704
0.7289168
0.7438941
0.11629789
0.080546334
0.07666044
0.08689265
0.10540246
0.20115839
0.84488034
0.66838217
0.43585986
0.31991425
0.8264293
0.69963664
0.13757901
0.113246374
0.09938432
0.18308899
0.2352863
0.88838696
0.81610394
0.8956615
0.2968002
0.15549226
0.09893413
0.09191293
0.10954712
0.6040051
0.5836746
0.2542366
0.34490773
0.8059253
0.70001715
0.77017075
0.48187608
0.3358045
0.2026681
0.16912813
0.18365581
0.25908583
0.47240877
0.27611956
0.31833747
0.7919503
0.81955624
0.83393764
0.15235893
0.11164781
0.1348118
0.62838846
0.6375074
0.67003125
0.79277384
0.18669145
0.14136192
0.16181283
0.5873238
0.19878809
0.28979665
0.15704294
0.1377859
0.16903092
0.35626826
0.39327574
0.25720486
0.180974
0.18545263
0.2761514
0.25937814
0.26573148
0.8436585
0.84987915
0.46409962
0.6577303
0.1219955
0.09087154
0.095067166
0.115619466
0.7088396
0.10144439
0.09072237
0.11269123
0.16435082
0.8322766
0.09834885
0.0610377
0.05553064
0.06557002
0.109050676
0.9147208
0.87296885
0.085248426
0.054151423
0.045932654
0.048975855
0.04703017
0.053590924
0.067706674
0.87404186
0.88375187
0.90268505
0.9273618
0.92949814
0.8983669
0.901981
0.9031399
0.08927509
0.06568126
0.043880325
0.042822134
0.04267068
0.048083816
0.065311484
0.8045386
0.7907406
0.92656755
0.9270093
0.8307653
0.100413576
0.06178368
0.06353418
0.08821367
0.19423214
0.894076
0.12817708
0.068299584
0.06165362
0.0707912
0.12468973
0.85933954
0.2032679
0.27914008
0.9008855
0.91445845
0.8585647
0.086208925
0.059434436
0.061200928
0.074601375
0.8588771
0.90904903
0.8662014
0.8510787
0.90687853
0.8193806
0.123964
0.14799467
0.12180679
0.12904556
0.76679564
0.727678
0.23354232
0.09865126
0.08574301
0.09011193
0.12015695
0.14401884
0.30211252
0.82379377
0.30810428
0.30785996
0.18695524
0.22573543
0.62383527
0.6480992
0.6395043
0.15247758
0.11988333
0.13899761
0.18186378
0.4844269
0.39968467
0.68858016
0.78267014
0.78020906

