0.6807608
0.69990295
0.7032793
0.7509486
0.8823384
0.8977402
0.83920234
0.8863579
0.7516276
0.24015248
0.15318368
0.13962531
0.1594949
0.7528623
0.8910946
0.89922523
0.1689572
0.090932734
0.07186854
0.07248816
0.08355005
0.85436493
0.91957897
0.92032313
0.91773266
0.11706341
0.074853495
0.07719951
0.12590063
0.15635173
0.8606496
0.14570452
0.12105887
0.13260329
0.23346958
0.1855254
0.18819076
0.65948486
0.83733165
0.18570925
0.14694354
0.11422771
0.1113331
0.13239251
0.15141228
0.6351405
0.63230824
0.59064573
0.52581096
0.19634202
0.17443635
0.19191399
0.34617165
0.8487482
0.71191883
0.8574607
0.35825118
0.1825085
0.1809575
0.106450915
0.09378294
0.097667314
0.14292817
0.09813909
0.10992359
0.12636007
0.17079127
0.85756904
0.68897015
0.67185247
0.7653494
0.8950779
0.8987345
0.8981198
0.13145204
0.09083135
0.09312121
0.16084565
0.19815154
0.7251035
0.15959638
0.090657845
0.09289772
0.12525706
0.16665037
0.07713669
0.080825895
0.10070799
0.79606414
0.8707486
0.20011576
0.23581883
0.8617518
0.8547707
0.3079855
0.78111106
0.8893091
0.8917568
0.7435657
0.30460563
0.7362612
0.855102
0.14211404
0.13476788
0.8109686
0.81322217
0.9110897
0.097610846
0.062434178
0.06346697
0.0906417
0.12817076
0.08476858
0.105435826
0.18707986
0.65650994
0.22738995
0.37847885
0.87160605
0.14877272
0.08884507
0.07230298
0.07264721
0.08795061
0.71408683
0.67250043
0.7468586
0.908928
0.90883726
0.91695684
0.11368775
0.09362137
0.096072845
0.056050878
0.051704936
0.053370055
0.052816227
0.06021223
0.0906479
0.86203057
0.14551838
0.1428335
0.88341933
0.7948882
0.7983366
0.8412675
0.081105396
0.05193398
0.050191168
0.06371708
0.13018009
0.9141027
0.92460203
0.85828394
0.15016575
0.07326813
0.068521865
0.08982843
0.116646
0.07930946
0.073776975
0.07596008
0.08343381
0.09629379
0.116564155
0.70166993
0.88297576
0.13404544
0.09199812
0.09204825
0.10830041
0.10308322
0.076886885
0.07200858
0.054345697
0.05426912
0.066038124
0.10033639
0.9066145
0.9183191
0.845859
0.81038076
0.9044763
0.10970996
0.08242538
0.0626388
0.061388943
0.06740623
0.07613976
0.10158375
0.81470853
0.90090555
0.8964916
0.887838
0.16437215
0.12820964
0.1421885
0.1655092
0.81942886
0.17110276
0.15931714
0.19721563
0.26828367
0.6348249
0.6629343
0.19421732
0.6850134
0.101531595
0.06980245
0.059470642
0.06966897
0.06944725
0.08884713
0.11779612
0.217473
0.9111384
0.10655302
0.061996873
0.047184028
0.044010825
0.04252681
0.042979613
0.048155297
0.06560378
0.89090145
0.8925927
0.94321215
0.9433756
0.14227742
0.05823863
0.04248183
0.039211348
0.041751362
0.03912328
0.041866243
0.047061514
0.06446927
0.90238714
0.9286158
0.94026625
0.9462485
0.9391484
0.086369164
0.05089842
0.040807735
0.039602604
0.04202027
0.045112878
0.054240126
0.06870123
0.09699079
0.8720667
0.8660114
0.088718385
0.059659004
0.052879967
0.056772597
0.05502641
0.070367664
0.11677906
0.15522636
0.9112264
0.7926317
0.13935697
0.08506018
0.07240427
0.07495793
0.13451388
0.10283719
0.113847844
0.11110805
0.6274161
0.20952876
0.6648814
0.7914843
0.63001126
0.2971176
0.31138954
0.25144324
0.23603424
0.53485173
0.6098875
0.6905406
0.2675504
0.2848829
0.18494268
0.18103972
0.22165178
0.43863365
0.71817195
0.29616907
0.32322398
0.46515793
0.6209187
0.8103248
0.811799
0.6365359
0.26331186
0.17922354
0.18072033
0.23093
0.7656736
0.62259346
0.61566186
0.61878294
0.6650517
0.79062134
0.18076448
0.1231083
0.12781106
0.14504057
0.20209359
0.24038266
0.839645
0.84352165
0.19121027
0.17119811
0.10113017
0.08163617
0.090794
0.12418367
0.19306892
0.17461862
0.8814912
0.16734175
0.14105587
0.08223578
0.066697486
0.08843483
0.7447035
0.8077853
0.12636507
0.06890824
0.065600075
0.09952483
0.123166785
0.1194516
0.8555179
0.14365391
0.137806
0.869139
0.80504245
0.81620675
0.82476026
0.1229481
0.10810913
0.8812951
0.93310237
0.9399107
0.9145013
0.08042015
0.050427634
0.042578902
0.04304358
0.047583114
0.05686226
0.060315136
0.053913318
0.061018236
0.090481
0.7929609
0.74020725
0.8917417
0.13431646
0.11647728
0.17795545
0.16201879
0.17681037
0.8344962
0.17961916
0.20212851
0.21388388
0.8167798
0.16782703
0.15286575
0.1724783
0.5485757
0.6702828
0.8504184
0.75185555
0.71026474

