0.7130048
0.6717283
0.5927572
0.26363266
0.2810887
0.8731683
0.8937161
0.184823
0.10166215
0.10420092
0.09264342
0.07936858
0.087332025
0.21220066
0.8484175
0.9151952
0.92273736
0.11343594
0.058686156
0.047850497
0.052280355
0.071264714
0.8777122
0.87713355
0.9328882
0.92847323
0.09310281
0.057855234
0.054857355
0.080326565
0.12465267
0.88419664
0.14972495
0.094832435
0.09583341
0.17762344
0.1544696
0.6221569
0.23130502
0.36317426
0.6401738
0.6371072
0.1544554
0.12702134
0.14849369
0.1632096
0.58980095
0.3263826
0.5762438
0.32691973
0.18790263
0.15837272
0.20043243
0.84810156
0.714618
0.7062259
0.8686193
0.88184685
0.15031627
0.098488644
0.09412562
0.11582636
0.7811544
0.73770684
0.7124506
0.71821666
0.10790587
0.078106485
0.07625122
0.0840755
0.11734951
0.20789325
0.89572185
0.8982955
0.2238412
0.11372196
0.093864575
0.13100304
0.7468869
0.12903568
0.10265757
0.09415836
0.10066337
0.7970529
0.90488267
0.1016205
0.06778278
0.071086496
0.11016342
0.8525594
0.26153958
0.15523265
0.83375156
0.8937461
0.8618442
0.90447843
0.9049361
0.84732735
0.83001375
0.8973565
0.8034385
0.7885177
0.16265729
0.19973865
0.8552121
0.097696796
0.06291402
0.06473419
0.08705115
0.7690583
0.8807861
0.1859136
0.22994919
0.23876669
0.20546529
0.8549529
0.24032274
0.1344818
0.12532826
0.17899649
0.5838702
0.5583654
0.47668162
0.19224368
0.18158972
0.7141386
0.87058246
0.87983525
0.17897855
0.1797935
0.21090302
0.099463426
0.08795646
0.09359278
0.080138244
0.079489
0.112748705
0.87272525
0.17783363
0.17618981
0.8701773
0.12675212
0.0860067
0.10575904
0.7769513
0.08486245
0.05958751
0.05567454
0.066345036
0.10537018
0.13503626
0.15118077
0.87753344
0.14024584
0.13703743
0.88032776
0.9227612
0.08963128
0.052429825
0.043762777
0.04952842
0.05396784
0.08454538
0.9189714
0.94199514
0.9087951
0.91960716
0.083339304
0.05406991
0.045043766
0.04264325
0.04520882
0.04802915
0.052872803
0.07462235
0.8522989
0.92667276
0.11011383
0.08159144
0.084239654
0.09962631
0.061729684
0.06371692
0.05674181
0.055102505
0.05664631
0.06154664
0.08040456
0.12652119
0.8995458
0.8970357
0.89179707
0.3409419
0.85400146
0.13973252
0.11380376
0.0890807
0.08589109
0.10720151
0.16015562
0.24663875
0.18515547
0.6426873
0.121213585
0.101772726
0.096801594
0.1113797
0.10938618
0.100614496
0.090554364
0.08006937
0.115698375
0.21623696
0.91485757
0.80808175
0.0955382
0.059506122
0.044640075
0.042298295
0.04219518
0.045642514
0.051492862
0.07606806
0.9082186
0.9418097
0.94312954
0.9397423
0.09996986
0.05223966
0.040548027
0.03647049
0.036105998
0.038270168
0.04459875
0.061363645
0.8985018
0.9277892
0.9411813
0.9460331
0.9387454
0.08886754
0.054298446
0.04202803
0.040096637
0.042454008
0.05051529
0.05668082
0.08186981
0.81079185
0.8385758
0.089517154
0.056560274
0.049319275
0.04799567
0.0524652
0.06978954
0.1155969
0.15065482
0.78078073
0.9100025
0.7671237
0.12538393
0.08195633
0.07806527
0.095774695
0.16356966
0.18497485
0.11251531
0.10725576
0.14660847
0.15957685
0.6305626
0.27531636
0.15247609
0.1427488
0.107158974
0.11391724
0.09888945
0.10984972
0.7563042
0.9082629
0.9060369
0.9174691
0.11208327
0.071639836
0.06109745
0.08447475
0.060776703
0.06056229
0.07543653
0.7866526
0.23972473
0.9088191
0.9269379
0.11612941
0.067995064
0.049823854
0.047243726
0.049595714
0.04946151
0.050736748
0.055426124
0.067099586
0.11812334
0.8806822
0.102385625
0.07450306
0.08336444
0.85707635
0.8763556
0.89241064
0.9195351
0.9223727
0.9233577
0.87645006
0.87225735
0.094858
0.07849056
0.113188796
0.89709663
0.8852607
0.1467843
0.0947932
0.10257794
0.06943957
0.05579457
0.07154883
0.056702167
0.060656212
0.084953696
0.09261023
0.81187224
0.91623104
0.21218899
0.090247996
0.101783626
0.0682641
0.08430465
0.83161527
0.7600213
0.78626287
0.10664145
0.078898266
0.090377025
0.10192851
0.16207753
0.86847526
0.73909926
0.8411742
0.25066826
0.6514827
0.14472543
0.11208945
0.15191299
0.16578542
0.15125313
0.16066858
0.28363338
0.764208
0.6595539
0.7109884
0.26595473
0.25303707
0.37464884
0.4072527
0.55551356
0.6789208
0.34619662
0.37844887
0.6116705
0.71524686
0.20508566
0.16886795
0.17153174
0.27754384
0.5803981
0.50330645
0.56605095
0.21292639
0.1799437
0.24187618
0.17452167
0.23838651
0.8556586
0.8750784
0.86180216
0.6666056
0.20315272
0.22409655
0.35323235
0.6725722

