0.87416244
0.89157933
0.17441332
0.115614206
0.123671725
0.22827637
0.76898134
0.8869062
0.76039
0.74360967
0.77557296
0.8914599
0.21605988
0.117382966
0.10093477
0.12542468
0.8785776
0.10229774
0.06341082
0.058818143
0.067849666
0.06952468
0.107674204
0.8665424
0.12909108
0.1249256
0.10436842
0.8610156
0.9015027
0.9102108
0.91012406
0.90927774
0.9105915
0.9139714
0.9184617
0.88081145
0.8964288
0.9229463
0.09496757
0.05786984
0.042984005
0.041116852
0.045952473
0.06393681
0.089838885
0.07785933
0.10419695
0.88981813
0.88334787
0.21086794
0.2826998
0.29139683
0.2758492
0.75226605
0.88436955
0.88057
0.21020441
0.13536322
0.1317227
0.159506
0.8690232
0.8859739
0.8936823
0.88183844
0.64099795
0.5978971
0.1705786
0.1126385
0.110958055
0.12305794
0.22036749
0.10882507
0.08576961
0.09773916
0.16551325
0.10167206
0.1029657
0.12279993
0.88990426
0.90392673
0.9147052
0.9110535
0.81319696
0.7627254
0.70731086
0.11513507
0.0909128
0.12309333
0.14819294
0.18027253
0.7575903
0.8876736
0.8966982
0.88985294
0.75277424
0.7540818
0.8721439
0.6949319
0.1313068
0.11472004
0.10486469
0.08969594
0.12473491
0.78327376
0.09202858
0.068786405
0.071378514
0.07748418
0.08011458
0.15230966
0.87354255
0.9068045
0.8435121
0.904911
0.9047827
0.8325479
0.9040226
0.8230746
0.80345136
0.13440143
0.095342815
0.13426605
0.14785247
0.13262396
0.1364205
0.85069877
0.14907056
0.13992803
0.21675034
0.24807703
0.20788789
0.8598794
0.84633213
0.23187216
0.5366775
0.14750017
0.13034296
0.20326464
0.8726574
0.1772139
0.12840445
0.12337717
0.073445894
0.0679539
0.09652809
0.8475117
0.9105616
0.75838125
0.7413361
0.7716575
0.09293322
0.0699126
0.0838545
0.10339061
0.13523337
0.10543117
0.14262457
0.11054887
0.12083338
0.6816346
0.23941348
0.8692956
0.12501024
0.07799316
0.06589065
0.06944625
0.095009804
0.120207325
0.8947682
0.8007241
0.9080957
0.9171106
0.09657066
0.06081763
0.05560542
0.07044639
0.11845809
0.8964794
0.10761834
0.063204035
0.052712046
0.047120422
0.045097455
0.044334337
0.04660396
0.05170316
0.068726406
0.8811793
0.89454037
0.89390326
0.8965241
0.9288067
0.8629072
0.88829166
0.08260357
0.05664827
0.0640361
0.06558739
0.10313332
0.9097539
0.8703711
0.09290593
0.059493635
0.04925037
0.05095341
0.061851583
0.10367802
0.07158938
0.07682542
0.11339872
0.79300594
0.734439
0.87354356
0.18774405
0.21971828
0.13904339
0.15087917
0.4998753
0.20162044
0.23471291
0.83276755
0.8285796
0.72127855
0.84663177
0.86398953
0.8521721
0.7601267
0.85344994
0.8703499
0.87349
0.85640234
0.75936097
0.84555966
0.8379953
0.19326884
0.1363497
0.15681909
0.12224235
0.13430674
0.183889
0.393215
0.8323098
0.7015469
0.1722374
0.20731121
0.114440165
0.11046323
0.1973746
0.6909571
0.13139373
0.15213357
0.21025284
0.8953057
0.12990706
0.06510248
0.05853943
0.059761558
0.07057032
0.059982352
0.08905257
0.9025236
0.9326009
0.92201066
0.9391259
0.9209576
0.13486998
0.06312395
0.056642074
0.07003568
0.070017934
0.055194367
0.06743344
0.06590218
0.095497966
0.11169374
0.90923345
0.91800946
0.1269633
0.07831949
0.066928394
0.08606692
0.07768244
0.06705476
0.061572682
0.07290624
0.073818296
0.111099005
0.19732936
0.87577134
0.14512251
0.14189929
0.21510066
0.8303233
0.8959816
0.7850432
0.8796478
0.74780786
0.16677344
0.1382327
0.71766144
0.280374
0.21103705
0.8517929
0.76518923
0.79418457
0.89594716
0.8977981
0.77108413
0.19126807
0.23876686
0.6350969
0.26684427
0.40452218
0.86327446
0.8837362
0.8679413
0.68514955
0.25026554
0.18344232
0.20180057
0.7629022
0.3118164
0.32299972
0.2046507
0.27473325
0.14488648
0.11865063
0.1391569
0.17380624
0.09554104
0.09131912
0.112473495
0.13711321
0.8858985
0.8985442
0.9040642
0.89205426
0.87462777
0.16187763
0.11909325
0.14709517
0.8573861
0.88264966
0.89523673
0.8969384
0.89489347
0.8819649
0.7847837
0.86694604
0.864524
0.17620353
0.1797123
0.09195547
0.09804118
0.8013087
0.79446375
0.898778
0.8925964
0.15889467
0.12218015
0.15275685
0.16603926
0.8315701
0.27005774
0.13309842
0.11858631
0.20330916
0.8795024
0.89209193
0.8295795
0.8940012
0.8801505
0.72664803
0.14628695
0.118548125
0.12789272
0.24555708
0.8468084
0.8346295
0.65003145
0.20261648
0.18494718
0.25612023
0.55497515
0.6275785
0.7217497
0.41956308
0.3515305
0.21728392
0.21287248
0.29100588
0.36959672
0.47772437
0.57954013
0.7382166
0.8673651
0.80245435

