0.6241813
0.5418777
0.54230183
0.3279009
0.4123187
0.56426394
0.289499
0.4004399
0.5921203
0.21895811
0.12360733
0.11984816
0.11789548
0.18627876
0.88465196
0.8962573
0.8971066
0.7694746
0.7204724
0.70586735
0.6534926
0.16209286
0.14958346
0.17641595
0.8633433
0.8530132
0.3477737
0.31335455
0.18645677
0.26096135
0.17617255
0.76064855
0.8901843
0.89501643
0.14661115
0.12884657
0.110317126
0.15092754
0.16704564
0.8415569
0.14611162
0.12031051
0.11810965
0.14345942
0.7513764
0.7450735
0.89002866
0.7743591
0.113364115
0.0843083
0.09126545
0.1408637
0.87435555
0.7100778
0.775019
0.12050242
0.07142748
0.059596386
0.0638986
0.07233667
0.06369597
0.07925238
0.8011849
0.73817605
0.77418905
0.76436126
0.90261763
0.109169155
0.07721095
0.09257942
0.06323606
0.06982734
0.083921395
0.10675565
0.7617446
0.17653506
0.14188336
0.10313986
0.06324106
0.055442873
0.057876803
0.082073495
0.07152309
0.09075157
0.84001726
0.8320502
0.91014993
0.83580416
0.9108027
0.8389835
0.9056549
0.105318144
0.06684834
0.06903897
0.06242343
0.0667764
0.07830266
0.10075318
0.1815519
0.28363892
0.77527165
0.8887446
0.8917277
0.1376027
0.10635596
0.13506824
0.09544275
0.12434485
0.10868057
0.59546816
0.6197678
0.7181253
0.89400035
0.89474016
0.7322451
0.7643556
0.08809833
0.06336609
0.050097212
0.048862074
0.054490477
0.062506646
0.09420176
0.8829873
0.92180145
0.09909734
0.061136987
0.05916578
0.080038905
0.8709368
0.83384985
0.88609976
0.08745126
0.06173495
0.06840647
0.1267225
0.8957002
0.21792139
0.124912344
0.12258353
0.06542998
0.06704817
0.10556493
0.08007583
0.07585029
0.09407432
0.08432639
0.10030177
0.08365377
0.08917218
0.114633195
0.19964503
0.64352745
0.20019242
0.17969583
0.54928297
0.21438327
0.19711672
0.46342078
0.24625844
0.57635957
0.79586357
0.21089162
0.18614607
0.18741979
0.25748515
0.34651932
0.833541
0.35900947
0.31103596
0.48885536
0.19581778
0.17013907
0.17326085
0.70336986
0.77428085
0.89158076
0.89697963
0.88619596
0.6524753
0.23286775
0.289317
0.21332109
0.14665161
0.15772381
0.67830855
0.40756065
0.8789529
0.15083662
0.086294934
0.07097608
0.07755841
0.085540086
0.096197486
0.17920625
0.8902725
0.1298704
0.09630417
0.10384029
0.26381624
0.9059503
0.11643346
0.06939634
0.04902773
0.04482779
0.04476064
0.04229982
0.044508245
0.05321162
0.09191374
0.91560036
0.9444869
0.9455348
0.94084257
0.0977018
0.05251496
0.04301334
0.05034481
0.048654754
0.041517492
0.047231577
0.07100057
0.094395384
0.91934425
0.92886233
0.9456563
0.17665093
0.06820867
0.045884013
0.04253223
0.044165544
0.046227396
0.04812223
0.056959335
0.083327465
0.7987892
0.8467238
0.09107174
0.05809538
0.051288787
0.051719915
0.05568379
0.064956315
0.086948544
0.15992497
0.18874662
0.89704436
0.7243445
0.16662015
0.1188259
0.13606322
0.13302113
0.61953324
0.24119934
0.16455269
0.16703548
0.6858745
0.7076638
0.8592284
0.67150515
0.14086497
0.102665715
0.09003846
0.085164055
0.107941724
0.6751537
0.24413955
0.8764676
0.7421369
0.90244055
0.11022478
0.06603119
0.051782038
0.0511658
0.05947787
0.07884557
0.05681215
0.05955389
0.07378554
0.1344424
0.9104965
0.12761115
0.068566695
0.052246958
0.0498164
0.050531916
0.05207938
0.05257573
0.052508164
0.05224675
0.05319643
0.05399621
0.04579347
0.045967426
0.05202922
0.081386715
0.9189241
0.94476587
0.9459484
0.2195731
0.07271512
0.04511416
0.042659324
0.053116776
0.0893504
0.13983876
0.9264411
0.9404385
0.9191319
0.084228
0.05314261
0.044347055
0.045229673
0.049657464
0.059656918
0.08793252
0.097292945
0.825498
0.17136845
0.10744106
0.12707442
0.8608078
0.7085634
0.7317375
0.8578675
0.70534194
0.7035043
0.113911316
0.08245469
0.086803816
0.8379501
0.90839213
0.9069031
0.8122808
0.11586084
0.08055272
0.10233315
0.09785847
0.111253895
0.08381661
0.093095474
0.10299943
0.11728067
0.20924798
0.81838655
0.7025771
0.81196874
0.7872388
0.3116683
0.60889304
0.16567965
0.14566228
0.12474939
0.13833086
0.18703704
0.6300632
0.7045628
0.22860758
0.20986478
0.22701135
0.31173787
0.5685884
0.4865809
0.52235276
0.27075922
0.26410905
0.33470702
0.33204883
0.38853645
0.7760556
0.8227275
0.8233515
0.7796203
0.2598669
0.20041496
0.2714716
0.52564836
0.20699628
0.21066779
0.5096753
0.22745538
0.29800424
0.20039506
0.19233644
0.26043135
0.805771
0.8264024
0.146107
0.11158606
0.12870567
0.17375466
0.8446279
0.7387168
0.75789243
0.84972507
0.76364917
0.85815775
0.7954565
0.8578545
0.71763796
0.14882119
0.11439774
0.13089328
0.16435423
0.49855515
0.73944616
0.86838573
0.8014372
0.7776593

