0.7668806
0.79804987
0.82497805
0.88995624
0.84386086
0.82825154
0.87827533
0.720092
0.31703493
0.30834937
0.2999996
0.2820862
0.25744334
0.51877195
0.27867383
0.21739407
0.2239039
0.3246464
0.22030601
0.24633667
0.599689
0.57857025
0.3109324
0.36612874
0.2900966
0.34831738
0.30771992
0.29308113
0.30208182
0.83642364
0.82285464
0.607379
0.25713322
0.17768867
0.1569749
0.15463655
0.24969256
0.20657498
0.30255988
0.86072433
0.85415316
0.6915239
0.6784267
0.82647204
0.23525058
0.28099632
0.25516444
0.19685318
0.7107126
0.15130189
0.2138131
0.18593296
0.896069
0.18382515
0.07055319
0.0559853
0.055703618
0.07100018
0.059578028
0.058012534
0.05488234
0.05601723
0.064171046
0.09244782
0.861726
0.084497735
0.061110795
0.062811464
0.100360245
0.11607834
0.8880439
0.91500235
0.92029697
0.92047036
0.92223054
0.9068932
0.93205106
0.93543786
0.91477877
0.08361485
0.053831816
0.042417943
0.040939488
0.041538477
0.04291131
0.047225744
0.05799671
0.08837982
0.88530385
0.88278145
0.15630972
0.14916839
0.81989115
0.8304763
0.846584
0.895328
0.7729358
0.16384119
0.16693273
0.86340207
0.89591354
0.8665005
0.9206347
0.92505044
0.88271767
0.16059248
0.07389927
0.06630374
0.054283205
0.05254392
0.064688876
0.08447649
0.08495518
0.12051534
0.14887694
0.6515428
0.16060755
0.18710554
0.20043266
0.20100081
0.8452997
0.6658267
0.6166789
0.21898037
0.18385763
0.2318718
0.21801624
0.6123213
0.32553986
0.81243277
0.28784093
0.29495624
0.25568393
0.42787862
0.8612907
0.77375317
0.87396425
0.7362866
0.61471254
0.19091986
0.16487657
0.29608038
0.28639144
0.16680425
0.17422663
0.30522022
0.35967484
0.6430672
0.8422423
0.16183433
0.1333097
0.19450168
0.2875042
0.88828903
0.89602804
0.8906491
0.20706664
0.15138459
0.13260119
0.80726385
0.77868706
0.77849734
0.75623333
0.129936
0.14664252
0.11916012
0.8158863
0.8999048
0.77160865
0.27612796
0.19802651
0.11627575
0.13286886
0.64844364
0.6168571
0.21064132
0.18205188
0.14634094
0.17295627
0.86366385
0.8775679
0.8095035
0.81717086
0.8845239
0.8871691
0.81606644
0.8758974
0.7995771
0.79860365
0.88304186
0.89148164
0.8307466
0.880018
0.72493595
0.66675264
0.31209338
0.18068068
0.16784477
0.12555039
0.13722908
0.24911855
0.23337251
0.8579701
0.74953705
0.73526204
0.8683142
0.7811781
0.80119014
0.90437657
0.90914243
0.9117146
0.14574316
0.08797559
0.058187228
0.055059437
0.06529662
0.13121329
0.9084469
0.8379023
0.10837197
0.08146056
0.052037187
0.055831347
0.09012565
0.9118632
0.93023765
0.83542717
0.92284364
0.08972931
0.053283665
0.04593412
0.048148632
0.0412385
0.042441603
0.05306313
0.057190124
0.09934078
0.89852965
0.9126738
0.9375296
0.9349703
0.90996915
0.15326874
0.14137004
0.8529225
0.089457475
0.055107333
0.046991337
0.0478891
0.050564848
0.060068153
0.08872924
0.84387934
0.91364235
0.10253116
0.07232174
0.0775128
0.11068108
0.20345604
0.88769567
0.89807165
0.8987032
0.81132805
0.7900431
0.8830914
0.89314634
0.88964057
0.7999016
0.88848794
0.8059109
0.76805234
0.8084686
0.09998158
0.08455767
0.055427086
0.054884713
0.061200257
0.09624496
0.8793731
0.29987082
0.211011
0.87609255
0.110240616
0.0590695
0.05277129
0.06548338
0.1417281
0.9096889
0.92208546
0.91975296
0.91644233
0.11818744
0.09208711
0.057925217
0.06983566
0.11656761
0.84108436
0.14185275
0.17528194
0.8636903
0.14300482
0.11935364
0.23023005
0.89838403
0.11558207
0.07525055
0.056644246
0.0524733
0.052579768
0.053915203
0.06612281
0.10975663
0.12608434
0.90649277
0.8998486
0.7635626
0.10162357
0.08954615
0.07982149
0.09522853
0.15801701
0.12515786
0.17972617
0.785578
0.09510587
0.06860495
0.06838542
0.09903137
0.13817729
0.08486365
0.058674365
0.05194929
0.052110523
0.052910693
0.06129596
0.108645104
0.89721924
0.9099266
0.870329
0.9121094
0.9151395
0.916342
0.86171466
0.91984427
0.8730439
0.0848181
0.055384822
0.051532444
0.0814975
0.07730563
0.0750294
0.12768637
0.13807917
0.19934732
0.75131154
0.10144439
0.07940275
0.079318605
0.09744983
0.10711272
0.107069485
0.12932472
0.88744366
0.88081884
0.6995533
0.20357805
0.15262774
0.21084528
0.1271611
0.12313578
0.14332633
0.23949932
0.15927704
0.14412323
0.15088025
0.20669718
0.22655019
0.22060378
0.31721961
0.36269277
0.4200378
0.8618175
0.801773
0.87970555
0.80585796
0.8101286
0.8827798
0.89127207
0.8931112
0.88678694
0.79491216
0.8740175
0.80683035
0.78789836
0.877747
0.77982813
0.8665456
0.23702759
0.16395704
0.1130073
0.104541756
0.1154296
0.23352067
0.7498421
0.7221362
0.69801617
0.7016144
0.7661159
0.8923673
0.89974
0.15118873
0.081533894
0.07660258
0.107901864
0.81782633
0.8094013
0.84917384
0.9038341
0.9040625
0.8355052
0.89391875
0.8851776
0.19992818
0.15976393
0.7564392
0.7709336
0.11439654
0.10176888
0.25465018
0.894338
0.86024934
0.81583995
0.8346544
0.11641925
0.08322969
0.09708363
0.82710254
0.869266
0.26019016
0.44740853
0.8680403
0.8091344
0.8246065
0.83010906
0.815777
0.8170554
0.83443457
0.82914716
0.8822592
0.27861908
0.14193466
0.14489241
0.25228027
0.8626014
0.7985323
0.8953687
0.9001801
0.8222439
0.8914874
0.7781721
0.18574929
0.11751239
0.10661286
0.12741718
0.22925138
0.41307414
0.8724094
0.86682934
0.6155111
0.17325339
0.16553305
0.6370182
0.66606545
0.13184041
0.12365296
0.13453856
0.085153446
0.09313214
0.78744876
0.90105987
0.795762
0.9082149
0.9210195
0.09322171
0.05908861
0.052255988
0.065453626
0.053655226
0.053916503
0.06818742
0.059377216
0.06728683
0.06388202
0.08394357
0.83631116
0.092194445
0.07537456
0.091364495
0.8840383
0.86986846
0.9077631
0.9105201
0.92986107
0.9219501
0.11816182
0.0787925
0.09785363
0.8252388
0.09008944
0.07373106
0.07316731
0.073520206
0.11225006
0.83405715
0.10961865
0.094259515
0.08372815
0.06743716
0.07523918
0.1129958
0.8175366
0.8969962
0.7762527
0.7440448
0.8514503
0.15649445
0.13344909
0.17643733
0.2521149
0.22146615
0.56431603
0.49588397
0.2484612
0.27710694
0.83520794
0.8447395
0.72429305
0.77893245
0.2780314
0.26523086
0.26664314
0.24574535
0.33162525
0.35603708
0.36391622
0.829232
0.8317166
0.41775623
0.28604797
0.26172447
0.27220452
0.8605226
0.87221175
0.73489153
0.7152519
0.6866555
0.14080422
0.15357974
0.098768346
0.112254694
0.7226733
0.22310784
0.16030711
0.746208
0.21310757
0.13800067
0.21143411
0.88667285
0.90743613
0.9109248
0.82393074
0.81393033
0.8942931
0.26971
0.1253462
0.16052252
0.7966081
0.099905156
0.084407866
0.06360009
0.06822225
0.09492497
0.11282924
0.69682795
0.7233572
0.8675054
0.20927665
0.26798958
0.25327003
0.15652882
0.097592205
0.08732264
0.10117199
0.73164517
0.09385523
0.07175282
0.07513056
0.13832344
0.188389
0.86555976
0.08872494
0.055732407
0.046728518
0.047421258
0.05495746
0.083769046
0.91090834
0.94130725
0.9159015
0.090615585
0.056938034
0.05293124
0.054259744
0.06466984
0.10616947
0.769148
0.13487487
0.10890617
0.087321766
0.091159366
0.13705412
0.72235644
0.70021623
0.13576706
0.11698741
0.16989529
0.67100626
0.69779277
0.13962549
0.08868898
0.08198922
0.12156428
0.79109114
0.12085167
0.1287657
0.09384666
0.1525329
0.8376842
0.8962186
0.1810808
0.145402
0.15435788
0.87851816
0.89328223
0.11301944
0.091278024
0.14798413
0.85467774
0.82151395
0.8390603
0.20647553
0.1835271
0.8223827
0.32172674
0.8555522
0.7283413
0.17639478
0.257032
0.3737446
0.8795705
0.88135433
0.20070967
0.13095698
0.13724539
0.13092813
0.6056321
0.16366692
0.16675287
0.2410039
0.43394044
0.8342999
0.8493003
0.15162447
0.10762308
0.10207843
0.13534924
0.86499953
0.87307006
0.79334146
0.8751527
0.87538135
0.79817796
0.86936
0.86887324
0.7832441
0.8489678
0.8257653
0.23449737
0.17470431
0.16568057
0.2292686
0.79509026
0.77463365
0.41615096
0.23395856
0.2476557
0.21932735
0.2559048
0.24981005
0.3684109
0.5397033
0.6648809
0.8060878
0.77013034
0.42300224
0.45212206
0.5940683
0.7558782
0.2911291
0.18962821
0.23160835
0.21562473
0.6673336
0.14552034
0.08886546
0.07185308
0.089041434
0.08507346
0.115869746
0.06278699
0.051011328
0.04749308
0.054127447
0.06182801
0.077361695
0.9110365
0.9391129
0.93749547
0.12861323
0.12160061
0.09899621
0.05639907
0.047850776
0.04981645
0.060879588
0.056090575
0.063394204
0.07368992
0.08885567
0.1806873
0.90526456
0.89569414
0.9073131
0.20532665
0.09835378
0.10074655
0.16092555
0.8764386
0.09963829
0.06866915
0.05657439
0.06114312
0.09199334
0.8935235
0.81782365
0.8494317
0.24953708
0.17900889
0.1330649
0.088392295
0.10254579
0.8699763
0.8551949
0.9018811
0.8559006
0.89834803
0.8977244
0.8441425
0.8276548
0.84808415
0.8928099
0.898076
0.85509765
0.9047675
0.86961293
0.91627306
0.91638005
0.110671446
0.06645339
0.07208422
0.08978087
0.1200606
0.8229447
0.09536794
0.07173538
0.07200315
0.1308096
0.11344942
0.16382112
0.08819779
0.09212981
0.104803555
0.091803215
0.09069804
0.099815525
0.08613964
0.10112732
0.17854023
0.6727684
0.8688476
0.8686974
0.77118176
0.87382674
0.8728385
0.8797628
0.1179857
0.07839833
0.08040301
0.14658013
0.16025712
0.12341775
0.81420135
0.9048747
0.9149383
0.9079837
0.7917918
0.2106143
0.15022378
0.11926136
0.093341604
0.09849547
0.12922834
0.6476586
0.82569516
0.6750632
0.67151594
0.7760556
0.6570927
0.6746108
0.8253065
0.8341081
0.68026686
0.35211673
0.3475096
0.29995674
0.1722232
0.123158455
0.18832125
0.1744008
0.8639838
0.7997404
0.8927677
0.889274
0.7775318
0.77729243
0.8811626
0.877264
0.15511745
0.14172852
0.12946159
0.2157228
0.18988636
0.2146528
0.28239828
0.20874749
0.32161194
0.36319184
0.37429988
0.41701466
0.8549589
0.8071658

