0.872962
0.9035673
0.8651784
0.8919378
0.7599339
0.30479646
0.21765816
0.22540398
0.37439087
0.7341372
0.8855987
0.88995516
0.18177338
0.10090617
0.0825178
0.08975486
0.13527891
0.8093722
0.8990843
0.7704628
0.89566445
0.11596714
0.072645605
0.07595545
0.12517148
0.15642804
0.8642445
0.20681265
0.13594976
0.14092219
0.23979338
0.1908013
0.19660187
0.6788278
0.8541816
0.24103005
0.13817532
0.10846713
0.100167
0.10988306
0.09962058
0.121117555
0.16362572
0.13002129
0.13007522
0.24104387
0.18863967
0.66499084
0.8691059
0.873323
0.7450604
0.8795818
0.8821703
0.74404633
0.13511221
0.089398816
0.09582762
0.17915435
0.8447811
0.9075125
0.7906487
0.10617236
0.08090245
0.092758946
0.1470634
0.7337516
0.6810465
0.77667767
0.8994862
0.90281194
0.89158046
0.15575701
0.1452384
0.116254754
0.13102739
0.644575
0.2411244
0.23189208
0.23271266
0.28538075
0.20013401
0.2220283
0.12273071
0.18159023
0.13985814
0.774221
0.88934785
0.89937663
0.8421017
0.9106843
0.91725117
0.9184219
0.8330801
0.09209783
0.07761833
0.047580816
0.04936157
0.056456268
0.07058626
0.11225428
0.877163
0.83220464
0.8390853
0.87566566
0.1131747
0.098138094
0.07614281
0.052302852
0.05349096
0.06953727
0.087981015
0.79801244
0.7338139
0.7444587
0.8937317
0.89173925
0.73691225
0.73611414
0.79763997
0.8936225
0.11028614
0.086370125
0.075116314
0.097414665
0.13515274
0.11904593
0.12227672
0.20611434
0.2838931
0.7540629
0.877679
0.874397
0.19309844
0.16569985
0.2660896
0.6522405
0.123414546
0.107723325
0.117329314
0.77734256
0.825369
0.91410846
0.9132399
0.7884759
0.77611065
0.109016255
0.078345105
0.08046197
0.09886199
0.10115686
0.118452236
0.6864068
0.8630731
0.6708699
0.6720661
0.23722216
0.12589298
0.09673564
0.108428374
0.71285003
0.09027865
0.07292139
0.07484316
0.10344205
0.16852051
0.2273675
0.838211
0.9148201
0.09952067
0.066469945
0.06735806
0.10381081
0.82312924
0.093068875
0.084059924
0.07362434
0.087397665
0.8964297
0.9339532
0.935428
0.87102896
0.08820099
0.06596394
0.08160802
0.13960725
0.88124675
0.12224524
0.066301115
0.06280757
0.0819863
0.7974265
0.90571254
0.7817093
0.18281731
0.15514082
0.17397144
0.12461566
0.10706426
0.08653161
0.08832411
0.10248626
0.14364757
0.1829298
0.76177365
0.8856107
0.88747114
0.87313646
0.60055846
0.5618751
0.14728808
0.127532
0.09499747
0.09863013
0.13127306
0.21270213
0.89685255
0.13321495
0.08147353
0.060587995
0.060827613
0.06007254
0.060504507
0.06590108
0.11521539
0.1098817
0.15689702
0.14620815
0.246863
0.91465604
0.8238257
0.09008794
0.056280423
0.056872636
0.047228113
0.05179786
0.04631236
0.052128322
0.07693595
0.89495325
0.92826027
0.936715
0.9357681
0.8711627
0.8831284
0.07480142
0.04917232
0.04642612
0.043724444
0.05907937
0.071082704
0.8935556
0.9178432
0.9326183
0.94020915
0.9316434
0.08600152
0.052851032
0.04196948
0.043555446
0.050440233
0.08064066
0.9103861
0.92807305
0.8338182
0.8720333
0.083755635
0.051876966
0.046626594
0.058299094
0.0719011
0.08469189
0.0965978
0.20423341
0.90711236
0.91027415
0.75974166
0.15050508
0.10665583
0.12557168
0.16700064
0.1344589
0.11943644
0.15227517
0.15419498
0.6177558
0.3050002
0.5992579
0.31183368
0.18070853
0.18303098
0.16008772
0.25261545
0.17716172
0.26646954
0.22567797
0.24066715
0.67901284
0.87504303
0.25590104
0.123273276
0.09684888
0.16090673
0.0876981
0.08137217
0.12345583
0.7648621
0.7337224
0.89322376
0.90556353
0.15130423
0.09438444
0.116151884
0.79008913
0.106260225
0.093699805
0.070195995
0.09175526
0.86838496
0.84183246
0.9268155
0.84448373
0.075619936
0.049841985
0.04688841
0.059113584
0.09841338
0.9088454
0.92733926
0.9247397
0.116759494
0.06731993
0.067910336
0.13989761
0.87841576
0.91085577
0.8871815
0.91964084
0.90323704
0.92192644
0.89607614
0.10839569
0.063012324
0.06110084
0.102148
0.8768125
0.9174081
0.87806004
0.9238324
0.91866654
0.11592963
0.101711445
0.05834504
0.061240662
0.09248979
0.882808
0.8172716
0.89543873
0.15616961
0.13441618
0.7623709
0.18824889
0.23364994
0.8213786
0.105428815
0.07824645
0.11831153
0.08392124
0.082849525
0.0983158
0.10446262
0.095687516
0.09978678
0.16830333
0.87078834
0.25607488
0.15073645
0.14612633
0.12154199
0.1778538
0.23445846
0.60446113
0.33274335
0.20982361
0.2717779
0.59407604
0.32251623
0.169068
0.16294265
0.1624082
0.26560605
0.58405507
0.3986523
0.29204345
0.23339652
0.2369525
0.3078444
0.2745803
0.5579865
0.76850843
0.79422027
0.7714542
0.2254035
0.14807199
0.15336151
0.18060608
0.14862444
0.15240301
0.17591678
0.2355579
0.7090255
0.30988985
0.3467677
0.82886857
0.87149036
0.88044983
0.82935834
0.8781523
0.80349296

