0.8113373
0.89491045
0.90254647
0.84951067
0.86293334
0.44833556
0.4288605
0.81116694
0.5720118
0.47786823
0.42741287
0.47465092
0.6626862
0.7242717
0.8810322
0.89738053
0.83004826
0.8976298
0.7910477
0.8034425
0.10636999
0.06526581
0.06486306
0.054899003
0.056539994
0.09142982
0.07757148
0.1096439
0.17117149
0.90596247
0.91760707
0.91251856
0.8999458
0.13705143
0.13544123
0.7839462
0.7973844
0.09875722
0.086918525
0.1429911
0.84818876
0.12862618
0.114433646
0.12804163
0.8767621
0.90223557
0.9114347
0.9115196
0.88602537
0.89693654
0.92300856
0.92530185
0.91980493
0.107276164
0.08134829
0.056036748
0.071239725
0.08148504
0.79382646
0.21049297
0.8230786
0.91339135
0.10122762
0.062080592
0.051980484
0.05966435
0.07311513
0.12912059
0.86161625
0.15139705
0.14903884
0.8870841
0.91111434
0.8493081
0.83267874
0.14406711
0.15306614
0.8480633
0.17928165
0.09627921
0.1321141
0.1446094
0.88313454
0.22303692
0.14379692
0.077749945
0.08303989
0.08119425
0.10689388
0.14632066
0.10417192
0.116749845
0.10315917
0.14544518
0.21176443
0.13122065
0.081648014
0.061266255
0.057475556
0.061671443
0.0824997
0.09879842
0.12724105
0.8976111
0.11237336
0.074246414
0.06688616
0.09636871
0.13130255
0.8927872
0.09721545
0.06067214
0.05176851
0.056731284
0.08607025
0.9082643
0.8994524
0.88148564
0.8971462
0.082733706
0.05328434
0.050391
0.07230483
0.10335432
0.8975621
0.7738695
0.798028
0.09529448
0.07560213
0.074225046
0.10989105
0.10489139
0.7054601
0.13771936
0.17829464
0.1745835
0.13290784
0.14997873
0.86907256
0.872944
0.8711098
0.7253913
0.84986895
0.7369193
0.71681446
0.8718364
0.89218736
0.20390968
0.09467825
0.08414368
0.06709687
0.06988082
0.103328206
0.10274295
0.078005634
0.07395018
0.12365828
0.8828665
0.93130493
0.8687108
0.11424233
0.079791516
0.06339374
0.07428861
0.0800443
0.07702468
0.10670872
0.15203069
0.13529378
0.18524252
0.87489426
0.12564999
0.09746047
0.09813873
0.13174032
0.8609626
0.13041137
0.11662377
0.1357295
0.11444166
0.78806394
0.7910976
0.84747386
0.91429555
0.9061171
0.22706556
0.17174613
0.17211024
0.09290277
0.08828514
0.11517442
0.13560942
0.15251042
0.8411975
0.66604567
0.75079364
0.88309914
0.8914869
0.8861999
0.74283147
0.16328773
0.18676552
0.123778194
0.16476628
0.13327678
0.69600564
0.13788134
0.10167082
0.13241032
0.8458267
0.90791875
0.91828763
0.92035913
0.91660094
0.80864006
0.19675778
0.10759854
0.13314797
0.10757263
0.10840233
0.11117167
0.10892176
0.09104309
0.09454646
0.08743701
0.12253239
0.09522315
0.0869971
0.1447642
0.79691523
0.7877911
0.79052687
0.9004863
0.8923229
0.19651291
0.1377421
0.18783809
0.15843862
0.1502125
0.2878075
0.8518709
0.16967046
0.14404677
0.2339549
0.17319232
0.13020721
0.12841557
0.1438885
0.22028686
0.19745828
0.23112105
0.18582352
0.7528494
0.87436646
0.70037156
0.63176864
0.2375723
0.22314732
0.2715
0.18562067
0.12052023
0.112170495
0.12118711
0.102087215
0.12239925
0.72258705
0.7094138
0.88471067
0.88264465
0.15866876
0.14571722
0.22671084
0.17009564
0.6801587
0.1657383
0.114197515
0.116587214
0.10291272
0.072028115
0.07580357
0.061318025
0.07066624
0.107576706
0.11588668
0.7576225
0.7709263
0.097050376
0.073913716
0.07500371
0.09930859
0.8439095
0.093599856
0.07489641
0.08631927
0.08225352
0.10832797
0.88089484
0.87151927
0.093342595
0.07298237
0.08611055
0.8609367
0.8797426
0.9142586
0.890773
0.8893396
0.9163198
0.8818815
0.88180226
0.8793815
0.0910147
0.06989408
0.0833806
0.8671409
0.898656
0.17152171
0.12659286
0.08097563
0.08045956
0.055864025
0.05722878
0.07773185
0.07605473
0.11239543
0.89607537
0.10979754
0.075841635
0.061217226
0.07425913
0.10805634
0.07920702
0.075009614
0.077756576
0.086006306
0.1384363
0.116801344
0.115917854
0.14042853
0.108539425
0.153342
0.88997084
0.12724043
0.080697395
0.070953876
0.092190735
0.7852989
0.7884223
0.13170433
0.1312447
0.79463166
0.09869717
0.08530599
0.06345458
0.07880333
0.08185286
0.85743105
0.8526188
0.87158877
0.9233695
0.92318916
0.915861
0.17172812
0.10667138
0.0766942
0.102149874
0.14680299
0.86868477
0.7515314
0.8701917
0.72379375
0.16833602
0.16981195
0.6741055
0.6484882
0.16978738
0.16250989
0.305094
0.38639548
0.5855621
0.3306079
0.21226513
0.27359042
0.37931547
0.46431342
0.5697287
0.34416965
0.3608539
0.28952095
0.30274457
0.15136474
0.120078966
0.13605875
0.2597112
0.2956726
0.23610389
0.09426101
0.07393988
0.10736777
0.07821556
0.06625564
0.08730672
0.8599028
0.83539057
0.86567533
0.92342794
0.91907054
0.11433159
0.08224816
0.110940285
0.086523294
0.07798757
0.09480807
0.10863076
0.123881735
0.14043842
0.15410411
0.8651776
0.7707743
0.77297276
0.80670875
0.87324625

