0.6518509
0.45610532
0.53886676
0.26949456
0.26677364
0.23919886
0.28459308
0.3513584
0.7219866
0.78122395
0.8748997
0.80739
0.8817301
0.8898924
0.89324516
0.8951538
0.8933312
0.8190239
0.88902813
0.8004135
0.879669
0.1547076
0.09061581
0.08102752
0.10173915
0.23751289
0.27418137
0.275571
0.23832841
0.8725121
0.7849927
0.7918799
0.806137
0.89584804
0.18941261
0.13201301
0.10812621
0.09260736
0.07692359
0.08592031
0.11194141
0.19660155
0.8773495
0.8867035
0.889099
0.77987635
0.7270714
0.6731923
0.64774966
0.5422548
0.2197125
0.18641648
0.20266606
0.34086412
0.2750704
0.5299182
0.28478494
0.3281682
0.4053731
0.3779721
0.30464736
0.2890023
0.29223695
0.33299598
0.29394463
0.31482163
0.8022748
0.22585334
0.19260624
0.66265184
0.15392324
0.1195031
0.1409694
0.72242427
0.6720071
0.26204625
0.14086185
0.15546982
0.19221334
0.143894
0.79983103
0.76389515
0.7653079
0.7782628
0.89930874
0.7887327
0.8184545
0.09780546
0.07612902
0.06842575
0.08281963
0.17390348
0.8890905
0.8816313
0.17700681
0.16734941
0.24402149
0.81258285
0.26018748
0.2672742
0.8464468
0.7889344
0.8870873
0.88601935
0.7164954
0.2862
0.34252587
0.3110408
0.21971354
0.1865902
0.17304915
0.67600244
0.6872597
0.7218941
0.7277684
0.6884749
0.29852694
0.30437994
0.27036527
0.18190286
0.15812385
0.13615318
0.2016562
0.27490872
0.14982718
0.1594914
0.1264628
0.1854382
0.6506219
0.66340274
0.8748347
0.88670194
0.79296166
0.77782357
0.8925842
0.8992166
0.8878569
0.16158149
0.13383123
0.2037317
0.14505534
0.21263039
0.36634764
0.84309316
0.30752432
0.298758
0.14059684
0.10607602
0.09709947
0.10613719
0.15186389
0.18181957
0.20501712
0.7076392
0.124197684
0.124042474
0.096148156
0.11104667
0.09922415
0.15800913
0.8144669
0.8080662
0.89448804
0.8221678
0.89235556
0.800916
0.8155467
0.9043478
0.83450836
0.10473298
0.06657667
0.055809937
0.056576658
0.06579972
0.09056262
0.89110106
0.9228348
0.91845804
0.12720115
0.08947822
0.09601551
0.15695155
0.88090897
0.8949109
0.90902585
0.93034345
0.90296257
0.10857134
0.09146565
0.06469877
0.04844475
0.05805723
0.09386503
0.9134932
0.9389006
0.9441913
0.9394178
0.1414066
0.0941809
0.04849277
0.045398373
0.050373815
0.06770312
0.06883093
0.09661044
0.124118544
0.18469214
0.9119309
0.91678816
0.12000641
0.12154301
0.12540793
0.13019924
0.13298792
0.12988803
0.11388829
0.08122235
0.10425653
0.09640748
0.71106493
0.23736109
0.20957728
0.8688871
0.26725227
0.15017778
0.18896826
0.09274469
0.08456676
0.09676516
0.13993244
0.17573604
0.25114283
0.70834696
0.8791159
0.8850411
0.80067265
0.7835388
0.786169
0.8042371
0.8731072
0.8795101
0.8283456
0.8785639
0.88455564
0.886032
0.8818291
0.82185185
0.86625355
0.78918475
0.7657888
0.7791247
0.8659695
0.8601864
0.28329283
0.26504487
0.2081048
0.11581186
0.090029985
0.07903338
0.07778301
0.08408952
0.10797677
0.88356775
0.89844036
0.09554818
0.0575964
0.051411964
0.05688257
0.0782353
0.8825095
0.83380926
0.8988884
0.08607491
0.058277342
0.062079027
0.06441686
0.108780734
0.8736924
0.84562004
0.12301119
0.13851808
0.15454194
0.17760885
0.7735266
0.19879533
0.17073083
0.14228784
0.16242197
0.2779034
0.8926217
0.9023805
0.10517912
0.083351865
0.07477263
0.074254304
0.074418165
0.13917112
0.86875135
0.865327
0.9161469
0.9112741
0.8020411
0.3485099
0.2505015
0.16924658
0.15052867
0.8628146
0.886521
0.8266356
0.89202076
0.83851016
0.8966047
0.8549354
0.8549834
0.8577007
0.9003682
0.14056145
0.1309344
0.089899845
0.0819375
0.081929125
0.08379845
0.14024918
0.17456451
0.17476867
0.110165425
0.14888707
0.1092894
0.14214128
0.22878887
0.27638328
0.28749046
0.21665594
0.20907657
0.2567216
0.13443337
0.14061917
0.23075007
0.6459926
0.76764715
0.22344555
0.2029032
0.26555806
0.79301256
0.6577413
0.5036347
0.3861377
0.28117415
0.31770575
0.25154713
0.27771664
0.81769323
0.75518817
0.85756767
0.8419903
0.28558496
0.2418278
0.2834056
0.27737957
0.21986614
0.24802284
0.8810562
0.1491932
0.10020823
0.08678522
0.093225494
0.06228905
0.063133344
0.07133342
0.09934183
0.84542876
0.14834888
0.15657748
0.83323205
0.1416239
0.12318537
0.8469869
0.8567285
0.8755354
0.9127674
0.8745325
0.8581915
0.8596097
0.8487317
0.14318821
0.14479123
0.86718714
0.83812046
0.18485494
0.21271612
0.8439875
0.10704445
0.10144848
0.09002964
0.060831137
0.07326532
0.09780258
0.09560419
0.16756006
0.8864176
0.13847657
0.14734036
0.12832853
0.14988565
0.22454314
0.24955198
0.7074003
0.09234162
0.07414272
0.0802073
0.08044086
0.14719844
0.9047652
0.9187029
0.91782004
0.8073865
0.26436985
0.14808717
0.18534715
0.15859002
0.16847853
0.62915623
0.6185491
0.64847946
0.71879745
0.7413272
0.7292217

