0.88568735
0.90934694
0.78381497
0.17273377
0.120517984
0.1512089
0.108454615
0.09756237
0.08467641
0.099631846
0.09958457
0.08520948
0.09305093
0.08098689
0.091621384
0.091296
0.11442987
0.20747319
0.8709404
0.43323672
0.26982382
0.8280143
0.1969647
0.2563879
0.21731135
0.73322684
0.72029734
0.86425155
0.37972337
0.7383811
0.14426379
0.1261143
0.8312322
0.915117
0.14577986
0.06288075
0.05474083
0.07323015
0.08135387
0.21148919
0.8977153
0.897774
0.15165205
0.14562657
0.86140764
0.8006453
0.8244456
0.88683707
0.16374259
0.1598969
0.89530075
0.9232281
0.11246493
0.06033962
0.052578546
0.05212854
0.05273989
0.064351946
0.076544516
0.12851413
0.7832446
0.34204215
0.8959948
0.90051997
0.8954546
0.14521076
0.12927984
0.13179661
0.6184063
0.5927142
0.21137622
0.27899483
0.87334037
0.71736425
0.12549981
0.0980986
0.10382932
0.1375816
0.1590695
0.8375134
0.6583489
0.7342401
0.87653524
0.8799599
0.7458589
0.8602076
0.15664637
0.11752649
0.11761469
0.09991703
0.11280857
0.19982195
0.19483197
0.71446824
0.87653536
0.1952633
0.13620022
0.20567875
0.90124655
0.81400096
0.085603
0.056483172
0.052719213
0.05011995
0.054739572
0.0537274
0.049049348
0.04737778
0.046680797
0.051645134
0.068560675
0.85646844
0.82034093
0.91120225
0.31403065
0.55575764
0.89468586
0.08969589
0.052504357
0.04211063
0.042809572
0.048874423
0.07034755
0.9110431
0.9433742
0.9468624
0.9386938
0.090568624
0.05273511
0.04343588
0.045680024
0.059910577
0.07980568
0.82291543
0.2017195
0.35698396
0.89864784
0.83996403
0.90526515
0.09902337
0.0632481
0.06405777
0.087789044
0.88247985
0.86118513
0.92006975
0.9161251
0.85327274
0.10651843
0.07245957
0.082201436
0.8529587
0.90672374
0.83709913
0.8902373
0.12766205
0.09777293
0.14640675
0.8455611
0.9027372
0.9053729
0.886648
0.18934442
0.16817753
0.836847
0.76116574
0.8039296
0.9097018
0.9180039
0.8463416
0.8442705
0.0835352
0.05798486
0.055072367
0.08627171
0.06984475
0.07761581
0.11263949
0.09969626
0.12665452
0.87323064
0.124304
0.112483494
0.16467468
0.11013965
0.11654938
0.08786209
0.086524665
0.09573762
0.09395699
0.10335586
0.0915778
0.07412745
0.07310883
0.089254
0.13738064
0.104096375
0.09525244
0.10200401
0.067774095
0.069339134
0.11654684
0.91359717
0.8197581
0.09397067
0.059611566
0.04750511
0.045453817
0.047661774
0.053288106
0.052387815
0.0662718
0.88134545
0.9010791
0.93176264
0.9357279
0.93784815
0.9368114
0.90678746
0.07569701
0.051345102
0.050346907
0.06312012
0.048533026
0.054738093
0.08901641
0.09571893
0.06351201
0.060918536
0.0671536
0.09900514
0.15583187
0.7138082
0.7084777
0.19857903
0.1204252
0.08778214
0.098200254
0.12486893
0.19734438
0.89284754
0.13318658
0.078106485
0.062717326
0.06117038
0.057217296
0.05406974
0.061014045
0.08948724
0.8494835
0.9104099
0.7747721
0.8886276
0.12297612
0.09039683
0.09900492
0.12840028
0.8645448
0.7308016
0.86575264
0.14247902
0.11339341
0.11772766
0.13549489
0.6874643
0.8638241
0.74032724
0.8714935
0.13639486
0.108930744
0.08468322
0.087112755
0.11066396
0.8430212
0.13299486
0.13043728
0.14998327
0.89438856
0.9160505
0.9211587
0.8278857
0.9060102
0.10089022
0.06674395
0.059256546
0.062333968
0.06993534
0.0932468
0.17206016
0.16933449
0.8676222
0.12501012
0.10856896
0.08564726
0.09791648
0.8125676
0.89779955
0.73636186
0.71856016
0.115677305
0.096422665
0.13774876
0.10006859
0.09919957
0.12277051
0.8626744
0.12572472
0.10367567
0.17532693
0.70780265
0.7443019
0.09276701
0.06638413
0.069401495
0.10461378
0.9028887
0.9157244
0.85116327
0.1101404
0.09458717
0.112154074
0.7775541
0.15686138
0.27196017
0.8713813
0.9142632
0.91033214
0.21774025
0.15252963
0.7414384
0.10224622
0.08726008
0.106710784
0.80937845
0.89655596
0.89959913
0.13077039
0.09171474
0.09973505
0.1626408
0.67756146
0.82078964
0.25539264
0.18804458
0.20146538
0.7808005
0.2232906
0.21485998
0.6559646
0.8230177
0.15872788
0.1213447
0.10073149
0.10477406
0.12882836
0.15727015
0.6027749
0.61722404
0.18236285
0.20914604
0.12796193
0.12860546
0.6372906
0.8483542
0.7194384
0.7194105
0.8579146
0.88513315
0.11540759
0.07010987
0.06694733
0.08923606
0.811015
0.76674294
0.7278616
0.7225088
0.10702613
0.08038097
0.089397825
0.12787849
0.6897576
0.7565303
0.89258915
0.8904063
0.8855737
0.14094888
0.10046729
0.12256061
0.0991357
0.11577919
0.121588916
0.119909965
0.114001006
0.7713019
0.09279544
0.06929199
0.085976094
0.07163306
0.08412757
0.85313755
0.90450597
0.90495205
0.826212
0.88946027
0.8272703
0.82520896
0.87879
0.79773116
0.7749803
0.8514918
0.7348032
0.6814137
0.6770056
0.71614504
0.83014023
0.17037714
0.12453208
0.16063318
0.1517996
0.1836605
0.7704212
0.2833749
0.38135552
0.35408518
0.19422719
0.1714028
0.27372876
0.19968148
0.22304347
0.57324374
0.6298111
0.673755
0.68586695

