0.6661119
0.64859277
0.4128529
0.25003344
0.24379312
0.5947727
0.2620193
0.31413835
0.179557
0.21090035
0.1742719
0.1818346
0.69373083
0.8485061
0.20673941
0.1205082
0.112643935
0.124242514
0.22321264
0.17413577
0.1815615
0.23183018
0.20673612
0.119175464
0.194388
0.13014066
0.20828089
0.8980381
0.20163155
0.082004555
0.05666921
0.056814462
0.08852614
0.06448533
0.058992714
0.07142603
0.85839874
0.91639143
0.7897815
0.79370785
0.8640692
0.08944703
0.05437433
0.045357313
0.04605851
0.059156444
0.11010694
0.9068179
0.92468286
0.9430127
0.9379585
0.13493815
0.09608895
0.0566464
0.07123056
0.070304066
0.05043411
0.05228596
0.065101735
0.12983596
0.1684686
0.9046101
0.7574398
0.10846053
0.08610825
0.09351656
0.15444708
0.6743589
0.29894212
0.22370249
0.3144719
0.86658144
0.86865956
0.7317176
0.8428881
0.18674785
0.15175977
0.18228926
0.23097883
0.16157937
0.21923177
0.76316476
0.89330614
0.90463996
0.11769681
0.08864567
0.12848552
0.20164816
0.8447554
0.08848232
0.06383569
0.069971435
0.09374741
0.07049911
0.07284691
0.1135858
0.8853034
0.094700634
0.06658745
0.07373938
0.085246235
0.8771818
0.9178419
0.4888434
0.90673184
0.18195337
0.06485367
0.044054702
0.040744174
0.04122279
0.047954947
0.06880702
0.90804785
0.9412922
0.94484
0.93547904
0.095503196
0.05984101
0.05102454
0.06491613
0.08345986
0.82933974
0.24732204
0.24860501
0.8697818
0.6183621
0.8560001
0.90414834
0.101448126
0.07191624
0.06677926
0.09856051
0.8891285
0.80060035
0.914699
0.11548211
0.09034085
0.06018867
0.052941248
0.07086066
0.07558486
0.11320048
0.13951647
0.86457694
0.08758643
0.06707594
0.07361074
0.865512
0.8858788
0.9148303
0.941245
0.9404659
0.9196592
0.07995014
0.051508848
0.04609475
0.051676538
0.06418178
0.08626762
0.06658672
0.05431571
0.053471383
0.060342748
0.06734524
0.07583708
0.12743923
0.20702784
0.8927743
0.81732136
0.81457293
0.8988525
0.8250357
0.79505676
0.7505774
0.7430967
0.18107805
0.14119053
0.12476001
0.7237577
0.10766291
0.10157289
0.18025771
0.15982588
0.20474832
0.14011708
0.1648337
0.8504813
0.16264354
0.10931853
0.10303518
0.12004041
0.20116745
0.12267836
0.15014134
0.11794777
0.10363562
0.10903905
0.09063946
0.07655493
0.08201108
0.11516699
0.16657373
0.1337473
0.13287432
0.874931
0.11454984
0.08610983
0.113150254
0.8109425
0.8310452
0.1062358
0.06691953
0.053383563
0.054105822
0.065931864
0.10036913
0.8709746
0.114537194
0.09091408
0.17401132
0.9175546
0.93981594
0.9072038
0.9159959
0.078806706
0.04896101
0.04105997
0.043728635
0.060256198
0.052574117
0.061071135
0.105580375
0.11720694
0.06706327
0.057880804
0.056944765
0.07242177
0.11277438
0.12645671
0.8100499
0.8953264
0.7231327
0.2174063
0.12592393
0.13265842
0.20677356
0.8838017
0.10718058
0.07021981
0.056607727
0.051660683
0.049641922
0.056313332
0.059185285
0.08405638
0.87117213
0.9093367
0.8139699
0.89007765
0.7388995
0.68889725
0.28962258
0.21255995
0.36028072
0.85883504
0.13599849
0.079383016
0.07224198
0.08302852
0.118999645
0.68055177
0.8415965
0.73062295
0.8642842
0.1562269
0.08978901
0.07894977
0.092890896
0.15110837
0.84340894
0.1675155
0.18142971
0.80033153
0.87925565
0.7922337
0.87901217
0.79385835
0.85904855
0.41861558
0.2526481
0.6499829
0.2683853
0.1159835
0.10123984
0.123527
0.25897762
0.7114123
0.10779305
0.0727075
0.071693316
0.091839544
0.84800416
0.9062203
0.80064934
0.798726
0.115063
0.079778224
0.071061835
0.065492615
0.07010803
0.07802587
0.13972504
0.12477221
0.76682496
0.23768581
0.16882415
0.72182053
0.67759955
0.7260056
0.85510355
0.78102607
0.8808161
0.89307845
0.88864875
0.8597068
0.21063334
0.20955345
0.2022625
0.2014551
0.18630269
0.22413248
0.8096557
0.81203014
0.68769795
0.16008891
0.13015206
0.1051225
0.11017821
0.77204865
0.88067794
0.8857179
0.86240464
0.23033008
0.17901033
0.27820432
0.23325759
0.5739961
0.7793078
0.69886816
0.80683565
0.78788364
0.63662523
0.24646291
0.25286156
0.28227466
0.34605023
0.20573564
0.19433777
0.12757157
0.12983285
0.18219063
0.3668
0.62445045
0.6374443
0.2126165
0.27139905
0.15788783
0.12640701
0.106573105
0.08765186
0.1202545
0.7958324
0.7771175
0.8251953
0.90249586
0.89263237
0.33869398
0.18147174
0.22577663
0.1608845
0.2398888
0.20498861
0.205895
0.611737
0.63994646
0.63312936
0.6239718
0.62396586
0.69556904
0.8408066
0.84418863
0.72337604
0.6956495
0.6951703
0.70429194
0.7596086
0.86300546
0.8812729
0.87631387
0.8617704
0.17074917
0.13191462
0.21513242
0.14694215
0.22661653
0.8480032
0.7176042
0.7147519
0.7465498
0.8696259
0.8824727
0.8222889
0.88454014
0.87176913
0.7372371
0.7024585
0.13891451
0.10716292
0.11817703
0.101582795
0.10480635
0.119648114
0.14812139
0.38141102
0.77274364
0.2826957
0.3059382
0.35604584
0.57508564
0.5623372
0.2502124
0.23998074
0.34029704
0.68279594
0.733908

