0.2270945
0.22356577
0.24360865
0.7409341
0.1310651
0.11286963
0.10041485
0.09769631
0.09846105
0.09679306
0.83701324
0.79359496
0.9163182
0.83031267
0.09715326
0.062308736
0.051391795
0.047651257
0.04617644
0.046735745
0.054801226
0.08028383
0.8773149
0.8864968
0.916131
0.8802906
0.87389624
0.8592906
0.85758144
0.86984396
0.8776148
0.8868673
0.8869501
0.88525856
0.9156281
0.09185442
0.057032116
0.05842162
0.08160641
0.091763556
0.08703357
0.14714271
0.22263998
0.8830384
0.8050702
0.90399647
0.9056746
0.8082364
0.87726325
0.15101586
0.13098297
0.2196326
0.25922012
0.2627902
0.20147803
0.66006577
0.6045907
0.23695861
0.27751058
0.2702161
0.8606121
0.87474513
0.8608439
0.25947073
0.27013946
0.26563638
0.22889005
0.34738693
0.3180424
0.5533299
0.217702
0.20348704
0.30156052
0.8335721
0.6179282
0.24759975
0.2398321
0.8180234
0.23637632
0.30669987
0.17584698
0.17291284
0.68643636
0.17739688
0.17314982
0.78688544
0.1209851
0.07357459
0.06047823
0.056485076
0.056401376
0.06290523
0.07160191
0.09901007
0.80606246
0.8194475
0.094641514
0.060987685
0.053943265
0.058921836
0.08205076
0.81194985
0.7751447
0.1262315
0.12442119
0.7977946
0.81395185
0.097082496
0.080201745
0.10436678
0.8918178
0.84837663
0.9134095
0.10778095
0.07505052
0.08918863
0.81181705
0.08905192
0.07294344
0.1002606
0.901644
0.9367122
0.9013019
0.92240685
0.12784068
0.055473354
0.042033758
0.041557252
0.048118267
0.06488617
0.84043974
0.8130752
0.9205432
0.85465854
0.09918777
0.07340834
0.087886445
0.81532437
0.8893816
0.17091702
0.17451371
0.8962866
0.8513536
0.08935273
0.059257578
0.049633652
0.04945532
0.051234204
0.053779986
0.05939156
0.07609569
0.08018786
0.098790675
0.6916901
0.14651987
0.17001696
0.8616789
0.23588188
0.7127876
0.15445165
0.094293
0.08288792
0.08802263
0.11217883
0.10816383
0.12072964
0.14652336
0.87362504
0.8583376
0.32529628
0.18503849
0.17852855
0.2121853
0.20601848
0.85297126
0.1545414
0.12002696
0.13624582
0.08821712
0.079099715
0.08776587
0.10575588
0.09628758
0.13693826
0.8898408
0.7541953
0.11279537
0.09337779
0.12740242
0.8113906
0.81760305
0.84288657
0.90494114
0.89601386
0.26779246
0.13470705
0.1392446
0.7854998
0.89463025
0.89367586
0.18936749
0.13751227
0.1841786
0.15177754
0.6241419
0.68429095
0.20637147
0.15941359
0.7457934
0.11743448
0.12292494
0.068012625
0.0572874
0.0640243
0.09770704
0.84895825
0.9197873
0.11873726
0.06798162
0.06637757
0.09631159
0.875095
0.8785102
0.087726004
0.05216968
0.043478712
0.042759404
0.047743026
0.063947104
0.87871903
0.8946255
0.91333854
0.91542184
0.9021795
0.9113563
0.0929671
0.052833684
0.043410905
0.04801764
0.059687737
0.10053004
0.8455797
0.8134072
0.1437945
0.08460667
0.090536706
0.19409433
0.9083852
0.9199419
0.17226963
0.08301912
0.07127447
0.08497714
0.101168044
0.11760904
0.6345119
0.6043838
0.22717465
0.33197755
0.7697637
0.87337434
0.74368536
0.8465838
0.17949955
0.1500859
0.21984977
0.1550034
0.17466274
0.5522178
0.22866838
0.34000432
0.28588107
0.1425917
0.11258889
0.108305074
0.11935049
0.7108258
0.71981937
0.88738686
0.7490504
0.14352028
0.10506124
0.104787454
0.1260042
0.20285957
0.617701
0.6128155
0.6171937
0.57536036
0.582997
0.5876555
0.39240658
0.28610095
0.8357717
0.16253436
0.12470938
0.15564284
0.16174296
0.19629036
0.09591288
0.086996906
0.10200596
0.21193822
0.7993244
0.9075447
0.78163683
0.09645366
0.067293756
0.068628624
0.10953322
0.85537136
0.90151745
0.20120637
0.1796083
0.86139154
0.1073332
0.062359024
0.062602274
0.104005985
0.17217101
0.9051043
0.8922576
0.9094666
0.1016077
0.06287973
0.05121856
0.059760846
0.10270899
0.7961236
0.16067794
0.2405065
0.7990473
0.88703007
0.76635885
0.7820369
0.89643335
0.8974816
0.752762
0.24036606
0.21134223
0.7869887
0.08727256
0.06524328
0.048221916
0.04661366
0.051036946
0.066317566
0.14548668
0.89163136
0.83342505
0.85565466
0.9062641
0.85997695
0.8781531
0.9207916
0.9291148
0.93148136
0.904963
0.09200309
0.052250486
0.04202504
0.04143395
0.046909515
0.064619035
0.093596235
0.79636514
0.18417458
0.22832924
0.8903503
0.11494342
0.08976109
0.098813646
0.064598694
0.08089961
0.05984951
0.06405928
0.05146733
0.05651868
0.080173165
0.8734443
0.87978697
0.88662964
0.8804086
0.8663841
0.8995787
0.8580728
0.89922035
0.9014251
0.8471061
0.83220774
0.8210965
0.82735234
0.8386295
0.8632289
0.84998137
0.8757231
0.09744574
0.06377366
0.06472785
0.098907776
0.84375376
0.09394364
0.08344129
0.08019078
0.10760646
0.14865093
0.08760416
0.07489998
0.072894864
0.07373121
0.09449035
0.74112624
0.7082444
0.73812366
0.8682231
0.20821542
0.10951874
0.08795028
0.09240589
0.13794993
0.1415425
0.23119764
0.13878727
0.13744232
0.16643257
0.275617
0.8003057
0.7013305
0.7982098
0.67935103
0.62729037
0.5740387
0.2853732
0.28484112
0.30045995
0.45495218
0.5378883
0.48382965

