0.7513554
0.7365633
0.69418645
0.6849945
0.7395929
0.8804151
0.89761853
0.8403851
0.88801706
0.7550645
0.24028873
0.15128104
0.12832722
0.1571982
0.76477623
0.8944531
0.9006729
0.1692964
0.09108734
0.07187579
0.072449565
0.083568625
0.8555795
0.92037976
0.92149633
0.91845876
0.116246715
0.07394834
0.07578203
0.123062946
0.15334767
0.8604521
0.1455457
0.12903231
0.13027225
0.22121684
0.17451714
0.17609012
0.65359074
0.82697904
0.26771122
0.6495917
0.14884658
0.11341725
0.11362842
0.101605706
0.12289127
0.1666501
0.14322053
0.23683175
0.1358971
0.13435118
0.166634
0.8557333
0.71372473
0.7116359
0.8804745
0.8829724
0.6883032
0.634702
0.18509604
0.125291
0.15658247
0.1662179
0.16037512
0.56466675
0.6112905
0.8076389
0.27559733
0.1949176
0.20313293
0.31674978
0.88157415
0.8926649
0.8938964
0.15181962
0.11494938
0.13861418
0.099081494
0.13210697
0.11026051
0.13610949
0.10982966
0.2249424
0.10692614
0.09414169
0.16600561
0.107364066
0.11701868
0.7726679
0.88652384
0.88473314
0.42216977
0.8937207
0.91448265
0.16764866
0.07531891
0.065132864
0.066025466
0.079830356
0.05250721
0.044958677
0.04475363
0.052263863
0.07487795
0.87271935
0.87047666
0.9011742
0.92669046
0.92862743
0.89729357
0.8789004
0.9207126
0.085558586
0.050125834
0.040859584
0.041098975
0.05086208
0.08106554
0.13318124
0.1500961
0.13269053
0.15166411
0.6938797
0.8476909
0.25639182
0.62734354
0.65921986
0.7216852
0.8688997
0.13752969
0.103374496
0.13023843
0.12439935
0.14510368
0.872023
0.8805551
0.875362
0.68527865
0.66241586
0.8210785
0.38978356
0.23107952
0.23509185
0.84018755
0.67114705
0.6129646
0.54146576
0.172435
0.1541801
0.25277308
0.8848908
0.89729035
0.14742225
0.12672684
0.08030983
0.06968737
0.074949816
0.08558523
0.07418895
0.0747155
0.10571301
0.86026603
0.16979401
0.165364
0.87438667
0.74031276
0.74039483
0.7695786
0.09106173
0.0604345
0.06414035
0.08235592
0.14953873
0.90283936
0.904542
0.78251636
0.21012174
0.10252401
0.09260869
0.1052464
0.17559908
0.16060838
0.6392543
0.6476757
0.16497374
0.10625043
0.08526369
0.097314976
0.1471142
0.08089692
0.06888338
0.081734374
0.11669239
0.17265745
0.89871436
0.9004668
0.7561136
0.13684918
0.131353
0.79386395
0.8892393
0.90073276
0.8435409
0.8454274
0.89317685
0.7945328
0.7433685
0.66970223
0.62649876
0.5765337
0.14182916
0.14344566
0.82486355
0.9092307
0.9135514
0.25250176
0.104143806
0.0754468
0.07551595
0.07881083
0.102223046
0.094771214
0.11489933
0.16918595
0.26334774
0.5939258
0.57561475
0.5931842
0.28660503
0.20088074
0.23888046
0.8366875
0.22192869
0.20858271
0.14869733
0.1260284
0.24897094
0.9012819
0.7888348
0.10296198
0.06733532
0.082372606
0.07239393
0.048795417
0.046301126
0.05196653
0.07363597
0.88945514
0.92733175
0.93571675
0.9339738
0.85758156
0.87141895
0.07311164
0.04555514
0.03815142
0.038697764
0.044750962
0.061953727
0.8897792
0.9191771
0.93096787
0.9408541
0.9322855
0.084831454
0.05046244
0.041998114
0.042185612
0.051018562
0.08066639
0.9093832
0.92616695
0.82780486
0.8646595
0.08544118
0.052873045
0.0478004
0.060356747
0.07346541
0.08516494
0.095748685
0.19150601
0.9054288
0.9058114
0.74069
0.14796235
0.10176414
0.10416053
0.14510812
0.226526
0.590106
0.2707916
0.18824597
0.2367053
0.63850003
0.64681506
0.8366374
0.18156248
0.15404858
0.1220118
0.13477968
0.12347828
0.1630777
0.6230231
0.24361739
0.16692618
0.23768948
0.6293642
0.6809192
0.870994
0.74961555
0.8667529
0.12729937
0.10255522
0.10170592
0.81482834
0.91618776
0.93046516
0.11491319
0.06867248
0.049477313
0.048013423
0.056114234
0.050311666
0.05047341
0.0549688
0.06630641
0.11639091
0.8772096
0.110573694
0.086896166
0.12715736
0.87423843
0.8823798
0.8965881
0.92361534
0.9212237
0.9116113
0.14661108
0.07716225
0.07989675
0.85816723
0.8863435
0.93208784
0.89768463
0.152591
0.09545391
0.09978806
0.065527946
0.04944846
0.052042224
0.05094685
0.057024892
0.079336785
0.083900176
0.83106774
0.90650254
0.897496
0.2022247
0.27410647
0.24764891
0.64651906
0.23331879
0.12310663
0.13545665
0.7176434
0.1252705
0.11285456
0.8265027
0.90020645
0.8960442
0.76518637
0.15576455
0.14103356
0.67044896
0.27835497
0.19505574
0.28624338
0.80147916
0.2780159
0.19271326
0.25591856
0.5778773
0.20241345
0.18316342
0.3025604
0.24975282
0.37170446
0.4644861
0.76567435
0.758193
0.61786044
0.34820333
0.3034825
0.35466126
0.30764017
0.4383525
0.5729627
0.56237847
0.31693533
0.33481443
0.25995994
0.27353287
0.5831998
0.6659853
0.24982561
0.19876033
0.25411823
0.5433966
0.74360895
0.204311
0.13866721
0.14784312
0.1823381
0.16573523
0.19505894
0.4419717
0.27971467
0.48413792
0.6258837
0.74451184
0.36806047
0.3842014
0.83727926
0.875121
0.88618296
0.8801755
0.79891384
0.84296983
0.72339433
0.72402656
0.83704835
0.7866645
0.7906395
0.8536535
0.7946857
0.8655927
0.84332
0.8848893
0.84507054
0.7971265

