0.86795384
0.8593341
0.8177673
0.7657844
0.8556751
0.47535223
0.2166884
0.18407401
0.16733597
0.22703171
0.19560045
0.21543711
0.55088186
0.23765966
0.22703427
0.24480368
0.7783193
0.3025434
0.22107407
0.20448056
0.27193603
0.29648462
0.32175422
0.423568
0.57579875
0.35519442
0.23232447
0.30010003
0.2349427
0.20021768
0.21186922
0.8233538
0.31053433
0.17175147
0.17270996
0.11317628
0.12186907
0.13292171
0.21477292
0.104613215
0.111486524
0.12194901
0.14335021
0.8576404
0.20391291
0.20412889
0.86518437
0.13961585
0.1530627
0.0872235
0.111500286
0.08606796
0.13851655
0.16165724
0.79298294
0.83410126
0.09990347
0.064442664
0.055267997
0.06222878
0.09482412
0.8560087
0.084329456
0.061460953
0.059727367
0.0748301
0.8671995
0.8558127
0.8875228
0.8458863
0.8873787
0.086630486
0.06106502
0.06739312
0.0937476
0.8453278
0.085080266
0.05942802
0.057652794
0.07596166
0.1750012
0.9018164
0.72830874
0.7614491
0.09330573
0.06657443
0.07441002
0.1091593
0.8435481
0.2014184
0.27822256
0.8731035
0.8783968
0.3951667
0.87287664
0.8612384
0.90352464
0.8532352
0.7962458
0.24116169
0.8031371
0.88622856
0.2624572
0.16281395
0.780479
0.12264888
0.10430452
0.07090733
0.08252692
0.76396364
0.88734996
0.7374616
0.76087403
0.8898206
0.1981719
0.10246606
0.099181876
0.68127596
0.10841491
0.10848664
0.832624
0.89435387
0.31559238
0.563728
0.8871113
0.10104066
0.070914656
0.081730254
0.077341154
0.06282448
0.07247947
0.9009306
0.9370576
0.94185555
0.934088
0.11155412
0.08787727
0.061551165
0.062313143
0.07973623
0.087176085
0.80047566
0.20764834
0.34407032
0.89157397
0.8339233
0.89441097
0.14271878
0.12684467
0.7347924
0.13559446
0.19472396
0.22641163
0.88468015
0.17775741
0.11339242
0.07660972
0.0863431
0.08167085
0.11126776
0.13453056
0.86101
0.6187927
0.13958065
0.166316
0.13216385
0.7561907
0.8972851
0.89834595
0.9124289
0.110249706
0.070664994
0.082992226
0.057580546
0.059594546
0.07798798
0.8298672
0.8874078
0.14105321
0.12941334
0.85580313
0.85668945
0.8539277
0.8772556
0.099220365
0.06165873
0.050148893
0.054711252
0.0785112
0.089017555
0.08499392
0.09730103
0.70119596
0.69772583
0.72795755
0.84137255
0.2800506
0.22933154
0.20199655
0.6251551
0.7975556
0.20441665
0.17484418
0.56284404
0.15058123
0.12680988
0.14114042
0.2096342
0.8393507
0.7343235
0.81862855
0.28458327
0.20007852
0.2353644
0.22652969
0.3149577
0.296028
0.3188656
0.7946285
0.206564
0.17344885
0.24558762
0.86631304
0.7067269
0.14418963
0.09979275
0.068476506
0.05851371
0.057961226
0.052068666
0.055415098
0.069317
0.8352491
0.8530846
0.92281115
0.92536175
0.917813
0.77792656
0.76831764
0.08888788
0.07071546
0.097998075
0.13466313
0.088689476
0.09798248
0.16709203
0.17843227
0.11178331
0.11103428
0.124500446
0.6094408
0.8408046
0.65868264
0.65990245
0.83305144
0.7017972
0.6765524
0.8250873
0.2785902
0.30598804
0.86678
0.12811552
0.074963294
0.06436057
0.060889974
0.0634985
0.076921485
0.08540681
0.816306
0.75492436
0.8876715
0.76513237
0.8700058
0.72938704
0.7480783
0.88418573
0.7804331
0.15714842
0.17795068
0.113879524
0.07881474
0.07784601
0.09522815
0.12063373
0.6416641
0.3637228
0.26088554
0.8600361
0.14440036
0.11840874
0.09166995
0.0939932
0.12389602
0.8515661
0.12978211
0.12356801
0.13383752
0.87301546
0.78253585
0.90460205
0.81353515
0.9038076
0.106941395
0.07197666
0.06337618
0.06264747
0.07415358
0.09947587
0.18491894
0.17724338
0.8647397
0.1344974
0.11924173
0.0936804
0.10637393
0.81547004
0.89374495
0.7227298
0.66765153
0.12637907
0.11127295
0.15895289
0.14634663
0.5380929
0.64755356
0.8320337
0.6839503
0.69581133
0.86483324
0.1173911
0.080848895
0.059134487
0.05660127
0.06533422
0.09743597
0.9034444
0.9123719
0.809817
0.82572347
0.11381513
0.07123005
0.05738214
0.06588903
0.13629323
0.89951557
0.93144625
0.9321534
0.11118413
0.05578151
0.044975474
0.048511405
0.063447416
0.8884241
0.91183037
0.9404282
0.93415976
0.1003349
0.05664918
0.050468627
0.06641992
0.11387421
0.8966844
0.14380103
0.07108607
0.067200124
0.11342035
0.08015802
0.06487992
0.07027737
0.100629345
0.115388654
0.1075123
0.11393267
0.7448302
0.11762543
0.08540432
0.09498321
0.116924666
0.12062911
0.16751778
0.6400776
0.19741824
0.17208897
0.26646978
0.272889
0.18054804
0.21848948
0.3107709
0.6113779
0.15406741
0.12460265
0.15325315
0.65762126
0.20168678
0.120607115
0.11515885
0.10784873
0.101210915
0.12239591
0.15940957
0.14204362
0.19268592
0.29266903
0.4172921
0.83710855
0.20434992
0.20640701
0.8482333
0.11885443
0.09748032
0.09106352
0.095322184
0.11333001
0.7993845
0.2601681
0.83204377
0.8939751
0.7880925
0.7620898
0.78942645
0.8743209
0.60958123
0.69844687
0.34385473
0.30582008
0.2937826
0.25903592
0.17758028
0.57270586
0.15149428
0.19548443
0.5790207
0.21312994
0.19038278
0.16530171
0.18178803
0.7149612
0.86019635
0.7847549
0.8027711
0.87709504
0.83596104
0.84202015
0.8720982

