0.7873536
0.81282896
0.8004064
0.8783009
0.799037
0.8832933
0.8725662
0.3702102
0.25183806
0.280097
0.26366457
0.21900642
0.488316
0.2407593
0.23415506
0.48781174
0.8387624
0.67207086
0.5951284
0.17429686
0.13231638
0.12118849
0.16267544
0.76195055
0.8761633
0.86357343
0.24439625
0.22468491
0.7301665
0.7342075
0.74594724
0.87300026
0.7635122
0.7262846
0.72357696
0.8565937
0.17416783
0.15111484
0.7776897
0.891035
0.10911031
0.07520578
0.07113431
0.095773906
0.7406624
0.6777881
0.69628406
0.1764939
0.11860979
0.12218397
0.62646854
0.15621771
0.1674376
0.27036723
0.61656666
0.26606935
0.42319503
0.83172727
0.60306954
0.18619551
0.14416453
0.14475769
0.17206769
0.619355
0.2705134
0.19938906
0.20485309
0.5427081
0.28313315
0.26723024
0.23709497
0.29512212
0.47753966
0.8281165
0.38645774
0.21543406
0.20770572
0.5493176
0.20841254
0.2426195
0.21010081
0.25156426
0.23666768
0.8040296
0.26179343
0.2960483
0.19002101
0.19732778
0.55295664
0.57924426
0.7993305
0.35725248
0.34195185
0.8896589
0.90915906
0.9117496
0.85027164
0.08591191
0.05106469
0.043235976
0.042751275
0.047350492
0.06656497
0.05824667
0.08401349
0.08577501
0.8998288
0.8995633
0.94018763
0.90910244
0.08421976
0.05855243
0.046063498
0.049285322
0.045782395
0.050856072
0.07180986
0.08515858
0.13194694
0.7867278
0.7119972
0.6963384
0.8440317
0.2646903
0.37056056
0.69269747
0.86095345
0.6735451
0.1345332
0.12023977
0.16720922
0.17958798
0.8736
0.88290507
0.87718123
0.60866714
0.25500017
0.33903912
0.3673559
0.6089652
0.63841194
0.2378248
0.11193068
0.114449956
0.6850396
0.12961625
0.12567812
0.81930304
0.9198845
0.18239637
0.08208397
0.07168861
0.07605173
0.05252806
0.05064387
0.05154949
0.05214409
0.059983555
0.09107276
0.8654816
0.14480744
0.13987929
0.89098626
0.8453486
0.85053337
0.8823848
0.07876257
0.05025836
0.047003422
0.05869252
0.12647597
0.9169666
0.93079597
0.8890439
0.14152338
0.067967616
0.062358204
0.081711255
0.11338807
0.08887972
0.12789352
0.67354316
0.65275204
0.15316622
0.1395453
0.72959214
0.8764336
0.87313735
0.17978278
0.1716284
0.2272499
0.7292258
0.84254473
0.28017724
0.2358609
0.2117583
0.4409279
0.5803219
0.8503928
0.85470533
0.28666478
0.20763302
0.28651243
0.19068912
0.2359576
0.598768
0.15140477
0.12338811
0.122238964
0.1878902
0.23195322
0.380445
0.88030374
0.8752307
0.65210235
0.5841544
0.60287035
0.644194
0.644979
0.6889759
0.70370334
0.16668336
0.16031559
0.086565115
0.07426244
0.06828911
0.074538335
0.06976379
0.05863033
0.05863061
0.07107321
0.108547136
0.101464726
0.12010471
0.20520929
0.91428304
0.79304063
0.1024608
0.07718415
0.049098898
0.043578137
0.042824734
0.04611438
0.052015927
0.07552014
0.90442646
0.9391805
0.94044924
0.9353907
0.10838533
0.057602152
0.04706722
0.05214719
0.07616375
0.81872827
0.11238175
0.10677804
0.8677123
0.89919055
0.91419196
0.9287785
0.9153622
0.14261079
0.13806577
0.8463878
0.11789521
0.060459252
0.05352335
0.06225604
0.10689807
0.8417698
0.8711261
0.09187078
0.056889735
0.050186377
0.050908808
0.063317485
0.06816416
0.10127891
0.1907113
0.9082251
0.9035228
0.77312106
0.17237838
0.12682424
0.1857683
0.12601729
0.08226622
0.08419162
0.08676603
0.090354376
0.13906442
0.19025128
0.64798445
0.27173933
0.15397906
0.15890644
0.1501641
0.24296626
0.1872075
0.29306623
0.25717184
0.30522102
0.21397983
0.5120272
0.16698502
0.162586
0.221895
0.53818285
0.2145886
0.16814208
0.1744383
0.48056394
0.65945315
0.8260205
0.87467873
0.13193282
0.115674764
0.096628346
0.06732808
0.06819292
0.10598208
0.07295745
0.07768468
0.09712871
0.85462976
0.123350486
0.06674751
0.0608909
0.07593028
0.8457594
0.85032296
0.8651246
0.9163789
0.9203436
0.91962796
0.8509662
0.8431005
0.11676313
0.07556993
0.08475351
0.107473835
0.8278994
0.8939883
0.21403123
0.2106624
0.12988527
0.10322551
0.08403493
0.09291528
0.15225533
0.17541762
0.1493873
0.6250428
0.86463255
0.8705793
0.76724213
0.8924355
0.10247738
0.06267407
0.05376581
0.051007066
0.05305419
0.04968572
0.053713903
0.06698348
0.8678212
0.9145461
0.92092186
0.9102704
0.7848735
0.7241584
0.7115172
0.16834575
0.16825037
0.83554226
0.17702585
0.24265356
0.1129619
0.1268768
0.10147311
0.09239738
0.081140496
0.08485873
0.07128845
0.08948486
0.09387437
0.22523573
0.88783467
0.7829734
0.7708831
0.7729151
0.86611146
0.7300693
0.6762333
0.6335902
0.23180096
0.17669721
0.25311643
0.20513232
0.28501448
0.271776
0.75787884
0.63524765
0.6436782
0.7356936
0.5929971
0.54512256
0.61109734
0.1791208
0.15312907
0.25718078
0.15455166
0.15223613
0.17760138
0.26752496
0.7724979
0.20839526
0.19629195
0.65682
0.8352347
0.24900398
0.099556565
0.08515597
0.091735065
0.12721352
0.86785173
0.78369355
0.7961344
0.87287915
0.7892779
0.87471545
0.82057124
0.8757885
0.7661235
0.722121
0.12871228
0.09116627
0.09655757
0.13466848
0.2351464
0.8164739
0.33512866
0.42654568
0.71400166
0.7362551

