0.85759085
0.8358369
0.8924169
0.8928125
0.7986083
0.770901
0.88802844
0.8959174
0.7523545
0.16948228
0.120586716
0.14730388
0.10493927
0.09154123
0.07809028
0.09069482
0.09922076
0.1093225
0.24088852
0.18909343
0.18386714
0.76065445
0.7415492
0.79549474
0.8955674
0.8992611
0.81708056
0.8665044
0.24683534
0.29476544
0.22363603
0.17879409
0.20186515
0.8526797
0.85508186
0.69585335
0.6976693
0.6957838
0.72449344
0.86471725
0.87682045
0.78043675
0.7643263
0.8758078
0.88477474
0.7920728
0.7642371
0.7248112
0.69957894
0.63602203
0.2656295
0.23103814
0.24094327
0.33646396
0.25760892
0.3007187
0.31794104
0.3499852
0.26917377
0.31765902
0.5516209
0.5543336
0.5609325
0.50299484
0.34613183
0.74727666
0.2429817
0.2072136
0.19898297
0.21428025
0.57008606
0.20320463
0.17664184
0.20487088
0.32569522
0.85902
0.84819007
0.7086263
0.15565059
0.102449976
0.099057466
0.11314428
0.099034235
0.10976535
0.14198996
0.8761403
0.87528783
0.22365764
0.17336228
0.77392524
0.7223785
0.8223861
0.08299723
0.05302361
0.046816405
0.05095546
0.052536387
0.049380656
0.04772605
0.047186986
0.045323025
0.045431197
0.05325207
0.086160466
0.91238654
0.9342664
0.9283046
0.9390558
0.9305675
0.08699847
0.060707398
0.042139277
0.04250329
0.049784523
0.06997107
0.90621114
0.9399148
0.9437275
0.93553525
0.08829086
0.053179163
0.047795452
0.042296592
0.050132897
0.06564167
0.8720925
0.8939446
0.93146026
0.93372416
0.8938098
0.917801
0.088313855
0.053124275
0.047578644
0.057387356
0.095089525
0.8188003
0.7637065
0.9045218
0.81189126
0.78553295
0.9030461
0.09164516
0.06378741
0.07691179
0.08275379
0.07105899
0.050755125
0.05539432
0.06988725
0.9018415
0.9363011
0.94033384
0.9311169
0.113116205
0.09389691
0.07361351
0.08679774
0.14725225
0.9013391
0.12655692
0.061782353
0.050576046
0.04933977
0.057674907
0.09343194
0.10006705
0.07436598
0.07921336
0.10900579
0.8851043
0.72069
0.18637528
0.25762725
0.73192304
0.10066948
0.075515255
0.07401218
0.08507013
0.08968814
0.11201823
0.15509757
0.20042135
0.11649966
0.11315979
0.1681371
0.15319607
0.17691216
0.8690877
0.12793593
0.10077301
0.14898683
0.89950246
0.78632855
0.098673396
0.06265034
0.048567675
0.045600366
0.04669823
0.048889074
0.061636996
0.07079451
0.87708
0.8909402
0.93030506
0.9333168
0.9308137
0.8421431
0.8703954
0.079740085
0.05739352
0.049898963
0.067696296
0.052790605
0.060320187
0.097424395
0.102377556
0.078442015
0.082993075
0.10400573
0.8952242
0.8937178
0.7241507
0.17154154
0.19274366
0.140265
0.111682236
0.1247532
0.1940738
0.7198901
0.87670463
0.15262431
0.106984094
0.11253063
0.08835789
0.08668698
0.10358664
0.10515937
0.7701815
0.7168057
0.8751036
0.7443439
0.8607181
0.70813715
0.7227841
0.8690038
0.7358629
0.19712713
0.22490655
0.16603933
0.1345227
0.1979487
0.14806183
0.15729432
0.6683512
0.85861295
0.7311656
0.8628999
0.15486747
0.12827572
0.09903715
0.10117321
0.12958847
0.84412205
0.13824564
0.13612352
0.14431357
0.8717111
0.78228885
0.9036113
0.8131827
0.90351695
0.10813556
0.0731728
0.06458356
0.06382788
0.07527119
0.10001206
0.18367028
0.17632973
0.86250454
0.140967
0.12613073
0.0973759
0.10793794
0.8044401
0.8928384
0.72425497
0.6837944
0.12651852
0.11304479
0.16975717
0.14784467
0.620712
0.13536572
0.17795143
0.12053664
0.13473417
0.85026866
0.13953969
0.13275874
0.17617479
0.6428081
0.61113596
0.2633346
0.87973964
0.8973862
0.8075874
0.8930171
0.13192491
0.078644186
0.060767718
0.068395436
0.13336019
0.8864099
0.927362
0.926584
0.8808025
0.0847782
0.055345584
0.053431373
0.067477085
0.87936145
0.92654574
0.9312185
0.9230193
0.104662426
0.06130748
0.05943867
0.0846876
0.87433255
0.9200664
0.9228089
0.15814559
0.07880534
0.072790064
0.119120866
0.103085294
0.1263463
0.88066584
0.8753731
0.21086234
0.139872
0.13910215
0.5750315
0.1532672
0.14964128
0.48662478
0.2368046
0.23961404
0.7781532
0.62963307
0.6389997
0.6641987
0.82293195
0.18535142
0.1329363
0.21697311
0.18982875
0.078574724
0.05596259
0.047505446
0.048031636
0.05826779
0.071610555
0.10839045
0.87836885
0.8396766
0.86491454
0.8521865
0.8503343
0.15352742
0.15722342
0.13482931
0.07595784
0.0719149
0.08958702
0.73965853
0.11806775
0.14419577
0.16297647
0.18939365
0.24504296
0.07884839
0.06094411
0.061283164
0.07870508
0.13812542
0.8363138
0.8815618
0.27595204
0.2499279
0.8584634
0.81646985
0.89332837
0.8924483
0.79683614
0.76089025
0.8252048
0.30093426
0.39490056
0.64027804
0.68160325
0.798175
0.26006693
0.14627394
0.14312074
0.15937147
0.21757494
0.73870146
0.6636409
0.79320467
0.79845184
0.7108764
0.7566986
0.45893762
0.19886509
0.16343786
0.11911172
0.10992952
0.10951165
0.118368775
0.15424064
0.18636069
0.31317496
0.21869794
0.3078296
0.47231174
0.44513255
0.22267574
0.23864844
0.14379849
0.12932229
0.15417321
0.19517545
0.15434045
0.1390053
0.16373622
0.29195714
0.22967245
0.2741721
0.7815622
0.6439514
0.62976325
0.6582813
0.6995523
0.7080298

